0.180
0.880
1.600
2.320
3.010
3.730
4.440
5.160
5.860
6.570
7.280
7.990
8.700
9.410
10.120
10.840
11.540
12.240
12.960
13.670
14.380
15.090
15.800
16.520
17.220
17.930
18.640
19.350
20.060
20.770
21.490
22.200
22.900
23.600
24.320
25.030
25.740
26.440
27.160
27.870
28.580
29.300
30.010
30.700
31.410
32.110
32.840
33.550
34.250
34.960
35.670
36.400
37.100
37.800
38.520
39.230
39.940
40.640
41.360
42.070
42.780
43.480
44.200
44.910
45.610
46.320
47.050
47.770
48.470
49.170
49.890
50.600
51.320
52.020
52.730
53.440
54.130
54.850
55.570
56.280
56.980
57.680
58.400
59.120
59.820
