0.470
1.120
1.740
2.400
3.020
3.690
4.320
4.960
5.560
6.170
6.820
7.410
8.010
8.570
9.140
9.690
10.260
10.830
11.420
11.990
12.560
13.110
13.700
14.290
14.900
15.510
16.120
16.760
17.400
18.070
18.750
19.470
20.140
20.810
21.400
22.020
22.640
23.280
23.880
24.500
25.130
25.790
26.490
27.170
27.840
28.470
29.120
29.820
30.460
31.070
31.720
32.360
33.020
33.670
34.330
34.980
35.590
36.260
36.870
37.520
38.160
38.800
39.490
40.210
40.890
41.530
42.230
42.980
43.720
44.470
45.220
45.920
46.730
47.540
48.330
49.080
49.960
50.740
51.620
52.440
53.250
54.090
54.950
55.850
56.690
57.470
58.210
58.990
59.700
