0.390
0.860
1.340
1.820
2.300
2.770
3.250
3.720
4.200
4.670
5.150
5.630
6.100
6.580
7.050
7.530
8.000
8.480
8.950
9.430
9.910
10.380
10.860
11.330
11.810
12.280
12.760
13.230
13.710
14.190
14.660
15.140
15.610
16.090
16.560
17.040
17.510
17.990
18.470
18.940
19.420
19.890
20.370
20.840
21.320
21.800
22.270
22.750
23.220
23.700
24.170
24.650
25.130
25.600
26.080
26.550
27.030
27.510
27.980
28.460
28.930
29.410
29.880
30.360
30.830
31.310
31.790
32.260
32.740
33.210
33.690
34.160
34.640
35.120
35.590
36.060
36.540
37.020
37.490
37.970
38.450
38.920
39.400
39.870
40.350
40.820
41.300
41.770
42.250
42.720
43.200
43.680
44.150
44.630
45.100
45.580
46.060
46.530
47.010
47.480
47.960
48.430
48.910
49.380
49.860
50.330
50.810
51.290
51.760
52.240
52.720
53.190
53.670
54.140
54.620
55.090
55.570
56.040
56.520
57.000
57.470
57.950
58.420
58.900
59.380
59.850
