0.160
0.870
1.580
2.290
3.010
3.720
4.430
5.140
5.850
6.560
7.270
7.990
8.700
9.410
10.120
10.830
11.550
12.270
12.990
13.700
14.410
15.130
15.840
16.540
17.250
17.970
18.670
19.370
20.080
20.790
21.490
22.190
22.900
23.600
24.310
25.010
25.710
26.420
27.130
27.840
28.540
29.250
29.960
30.670
31.370
32.080
32.780
33.480
34.190
34.900
35.620
36.320
37.040
37.750
38.470
39.170
39.880
40.580
41.300
42.010
42.720
43.430
44.140
44.850
45.550
46.270
46.990
47.700
48.420
49.130
49.840
50.540
51.250
51.960
52.670
53.380
54.090
54.800
55.510
56.220
56.940
57.660
58.370
59.080
59.810
