0.270
1.050
1.860
2.660
3.450
4.260
5.020
5.800
6.580
7.370
8.180
8.970
9.730
10.520
11.290
12.060
12.820
13.610
14.400
15.170
15.950
16.740
17.500
18.280
19.050
19.820
20.610
21.410
22.180
22.970
23.720
24.520
25.270
26.050
26.840
27.650
28.420
29.170
29.960
30.740
31.510
32.280
33.080
33.840
34.610
35.420
36.210
36.990
37.770
38.570
39.340
40.140
40.890
41.690
42.460
43.250
44.020
44.830
45.590
46.380
47.140
47.940
48.730
49.530
50.300
51.120
51.870
52.680
53.450
54.250
55.040
55.840
56.620
57.440
58.200
59.000
59.760
