0.500
1.140
1.790
2.450
3.100
3.750
4.400
5.050
5.700
6.350
7.000
7.660
8.310
8.970
9.620
10.270
10.920
11.570
12.220
12.880
13.530
14.180
14.830
15.490
16.140
16.800
17.440
18.100
18.750
19.410
20.050
20.710
21.360
22.010
22.660
23.320
23.960
24.620
25.270
25.920
26.560
27.230
27.880
28.540
29.180
29.840
30.490
31.140
31.780
32.450
33.100
33.750
34.400
35.050
35.720
36.360
37.010
37.670
38.320
38.970
39.620
40.270
40.920
41.580
42.230
42.880
43.540
44.190
44.830
45.490
46.140
46.790
47.450
48.100
48.750
49.400
50.050
50.710
51.360
52.010
52.660
53.320
53.970
54.620
55.270
55.930
56.580
57.230
57.880
58.540
59.180
59.830
