0.680
1.400
2.100
2.810
3.520
4.230
4.930
5.640
6.340
7.050
7.750
8.470
9.160
9.880
10.580
11.290
11.990
12.710
13.400
14.120
14.810
15.530
16.230
16.940
17.640
18.360
19.050
19.770
20.470
21.180
21.880
22.590
23.290
24.010
24.710
25.420
26.120
26.840
27.530
28.250
28.950
29.670
30.360
31.080
31.770
32.490
33.180
33.900
34.600
35.320
36.010
36.730
37.420
38.140
38.840
39.550
40.250
40.960
41.660
42.380
43.080
43.790
44.490
45.200
45.900
46.620
47.310
48.030
48.730
49.450
50.140
50.860
51.560
52.270
52.970
53.680
54.380
55.100
55.790
56.510
57.210
57.930
58.620
59.330
60.020
