0.090
0.530
0.990
1.460
1.920
2.390
2.860
3.330
3.790
4.260
4.730
5.210
5.670
6.140
6.610
7.080
7.540
8.010
8.480
8.950
9.420
9.880
10.360
10.820
11.290
11.760
12.230
12.710
13.170
13.640
14.100
14.570
15.040
15.510
15.980
16.450
16.920
17.390
17.850
18.320
18.790
19.260
19.730
20.210
20.660
21.140
21.600
22.070
22.530
23.000
23.470
23.940
24.410
24.860
25.350
25.820
26.280
26.750
27.220
27.680
28.160
28.630
29.090
29.560
30.030
30.500
30.970
31.440
31.910
32.380
32.840
33.310
33.770
34.250
34.720
35.180
35.650
36.120
36.590
37.060
37.530
38.000
38.460
38.930
39.400
39.870
40.340
40.810
41.270
41.750
42.210
42.680
43.150
43.630
44.090
44.560
45.020
45.490
45.960
46.430
46.900
47.370
47.830
48.300
48.770
49.240
49.710
50.180
50.650
51.110
51.580
52.050
52.520
53.000
53.460
53.930
54.400
54.860
55.330
55.800
56.270
56.740
57.210
57.690
58.150
58.610
59.070
59.550
60.000
