0.140
0.510
0.870
1.220
1.590
1.940
2.300
2.660
3.030
3.390
3.740
4.100
4.460
4.820
5.170
5.550
5.920
6.270
6.640
6.990
7.350
7.700
8.060
8.430
8.810
9.150
9.530
9.870
10.240
10.600
10.950
11.310
11.680
12.040
12.400
12.750
13.110
13.450
13.800
14.170
14.530
14.890
15.240
15.600
15.970
16.320
16.680
17.050
17.420
17.790
18.150
18.500
18.870
19.230
19.580
19.930
20.290
20.650
21.020
21.380
21.740
22.090
22.460
22.820
23.180
23.530
23.890
24.250
24.610
24.980
25.340
25.690
26.050
26.400
26.770
27.130
27.480
27.840
28.200
28.560
28.920
29.280
29.640
29.990
