0.240
0.640
1.050
1.460
1.860
2.270
2.670
3.080
3.480
3.890
4.280
4.690
5.110
5.510
5.910
6.320
6.730
7.130
7.530
7.940
8.350
8.750
9.160
9.560
9.960
10.370
10.770
11.180
11.590
11.990
12.400
12.810
13.210
13.610
14.020
14.430
14.840
15.250
15.650
16.060
16.460
16.870
17.270
17.680
18.080
18.480
18.890
19.290
19.700
20.100
20.510
20.910
21.320
21.720
22.130
22.530
22.930
23.340
23.740
24.120
24.550
24.940
25.370
25.760
26.180
26.590
26.990
27.400
27.800
28.200
28.610
29.020
29.430
29.830
30.230
30.640
31.050
31.450
31.860
32.260
32.670
33.070
33.480
33.890
34.290
34.690
35.100
35.510
35.910
36.310
36.720
37.130
37.530
37.930
38.340
38.740
39.150
39.550
39.960
40.370
40.770
41.170
41.580
41.990
42.390
42.800
43.210
43.600
44.010
44.410
44.830
45.230
45.640
46.050
46.450
46.860
47.270
47.670
48.070
48.470
48.880
49.280
49.680
50.090
50.500
50.910
51.310
51.710
52.120
52.530
52.940
53.340
53.750
54.150
54.550
54.960
55.360
55.770
56.180
56.580
56.990
57.390
57.800
58.210
58.620
59.020
59.430
59.820
