0.130
0.600
1.090
1.570
2.060
2.540
3.030
3.510
4.000
4.480
4.960
5.440
5.930
6.410
6.900
7.380
7.880
8.350
8.840
9.320
9.810
10.290
10.770
11.260
11.750
12.220
12.710
13.190
13.680
14.160
14.640
15.130
15.620
16.090
16.580
17.060
17.550
18.030
18.520
19.000
19.490
19.960
20.450
20.930
21.420
21.900
22.390
22.880
23.370
23.830
24.320
24.810
25.290
25.770
26.260
26.750
27.240
27.700
28.190
28.680
29.160
29.650
30.130
30.620
31.110
31.580
32.060
32.550
33.040
33.520
34.000
34.480
34.960
35.450
35.940
36.420
36.910
37.390
37.870
38.350
38.840
39.320
39.810
40.290
40.770
41.260
41.740
42.230
42.710
43.190
43.680
44.160
44.640
45.130
45.610
46.100
46.590
47.070
47.560
48.030
48.520
49.010
49.490
49.970
50.450
50.930
51.420
51.900
52.390
52.870
53.360
53.840
54.330
54.810
55.290
55.770
56.260
56.740
57.230
57.710
58.200
58.680
59.170
59.640
