0.100
0.490
0.850
1.220
1.600
1.990
2.350
2.750
3.120
3.500
3.860
4.220
4.600
4.980
5.350
5.740
6.100
6.490
6.850
7.230
7.600
7.990
8.350
8.740
9.100
9.480
9.850
10.230
10.600
10.980
11.350
11.740
12.110
12.490
12.860
13.230
13.610
14.000
14.360
14.740
15.110
15.480
15.860
16.230
16.610
16.990
17.360
17.740
18.110
18.490
18.860
19.230
19.610
20.000
20.360
20.750
21.110
21.490
21.860
22.240
22.610
22.990
23.360
23.750
24.110
24.490
24.860
25.240
25.610
26.000
26.360
26.750
27.120
27.490
27.860
28.240
28.620
28.990
29.370
29.770
