0.220
0.880
1.540
2.190
2.850
3.510
4.160
4.820
5.480
6.140
6.790
7.440
8.100
8.750
9.410
10.070
10.730
11.380
12.030
12.690
13.350
14.000
14.660
15.320
15.970
16.630
17.280
17.940
18.590
19.250
19.910
20.560
21.220
21.880
22.530
23.190
23.840
24.500
25.160
25.810
26.470
27.130
27.790
28.440
29.090
29.750
30.400
31.060
31.720
32.370
33.030
33.690
34.340
35.000
35.650
36.310
36.970
37.630
38.280
38.930
39.590
40.250
40.910
41.560
42.220
42.870
43.530
44.190
44.840
45.500
46.160
46.810
47.470
48.120
48.780
49.430
50.090
50.740
51.410
52.060
52.720
53.370
54.030
54.680
55.340
56.000
56.650
57.310
57.960
58.620
59.280
59.940
