0.160
0.920
1.670
2.420
3.180
3.940
4.690
5.430
6.160
6.950
7.700
8.430
9.170
9.920
10.680
11.420
12.140
12.900
13.690
14.440
15.180
15.920
16.670
17.430
18.160
18.910
19.700
20.450
21.180
21.940
22.690
23.410
24.170
24.930
25.690
26.450
27.160
27.920
28.680
29.430
30.180
30.930
31.710
32.470
33.180
33.930
34.680
35.430
36.180
36.930
37.680
38.430
39.180
39.930
40.670
41.430
42.170
42.930
43.680
44.430
45.180
45.930
46.680
47.430
48.180
48.930
49.680
50.430
51.170
51.930
52.680
53.430
54.180
54.930
55.680
56.430
57.180
57.930
58.680
59.430
