0.240
0.750
1.280
1.790
2.320
2.840
3.360
3.890
4.410
4.930
5.460
5.980
6.500
7.020
7.540
8.070
8.600
9.120
9.630
10.150
10.680
11.190
11.720
12.240
12.770
13.290
13.810
14.330
14.860
15.380
15.900
16.420
16.950
17.460
17.990
18.510
19.040
19.550
20.080
20.600
21.130
21.640
22.170
22.680
23.210
23.740
24.260
24.780
25.310
25.820
26.350
26.870
27.400
27.910
28.440
28.950
29.490
30.000
30.530
31.050
31.570
32.090
32.610
33.140
33.670
34.180
34.700
35.220
35.760
36.270
36.800
37.320
37.840
38.360
38.880
39.410
39.930
40.450
40.980
41.500
42.030
42.540
43.070
43.590
44.110
44.630
45.160
45.680
46.200
46.720
47.240
47.760
48.300
48.810
49.340
49.850
50.380
50.900
51.420
51.940
52.470
52.990
53.510
54.030
54.560
55.080
55.600
56.120
56.650
57.170
57.700
58.210
58.740
59.250
59.780
