0.530
1.050
1.610
2.140
2.690
3.230
3.780
4.330
4.880
5.420
5.980
6.510
7.070
7.600
8.160
8.690
9.260
9.790
10.340
10.880
11.440
11.970
12.520
13.070
13.620
14.160
14.700
15.250
15.810
16.340
16.890
17.430
18.000
18.530
19.100
19.620
20.180
20.710
21.240
21.800
22.350
22.890
23.450
23.990
24.540
25.080
25.620
26.170
26.720
27.270
27.830
28.370
28.910
29.450
30.010
30.540
31.090
31.630
32.190
32.720
33.280
33.820
34.360
34.910
35.480
36.000
36.550
37.100
37.650
38.190
38.740
39.280
39.830
40.370
40.930
41.460
42.010
42.560
43.120
43.650
44.220
44.750
45.290
45.840
46.390
46.940
47.470
48.020
48.570
49.110
49.660
50.200
50.740
51.300
51.840
52.390
52.940
53.480
54.030
54.570
55.120
55.660
56.220
56.760
57.300
57.850
58.400
58.940
59.500
60.050
