0.230
0.600
0.970
1.330
1.700
2.070
2.440
2.810
3.170
3.540
3.890
4.250
4.610
4.970
5.340
5.690
6.070
6.420
6.790
7.140
7.510
7.870
8.230
8.600
8.960
9.330
9.690
10.050
10.410
10.790
11.150
11.510
11.870
12.220
12.580
12.940
13.300
13.660
14.010
14.370
14.730
15.090
15.450
15.810
16.170
16.530
16.900
17.260
17.620
17.980
18.340
18.710
19.060
19.430
19.790
20.150
20.510
20.870
21.230
21.580
21.950
22.310
22.680
23.040
23.410
23.760
24.130
24.490
24.850
25.210
25.580
25.940
26.300
26.660
27.020
27.380
27.740
28.100
28.460
28.830
29.190
29.560
29.920
30.290
30.650
31.020
31.370
31.740
32.090
32.450
32.810
33.170
33.530
33.890
34.250
34.610
34.970
35.340
35.690
36.040
36.410
36.770
37.140
37.510
37.880
38.240
38.610
38.970
39.330
39.690
40.060
40.420
40.790
41.150
41.520
41.880
42.250
42.610
42.980
43.340
43.710
44.070
44.430
44.790
45.150
45.520
45.890
46.260
46.630
46.990
47.360
47.720
48.080
48.440
48.800
49.160
49.520
49.880
50.240
50.610
50.980
51.350
51.710
52.080
52.450
52.810
53.180
53.550
53.910
54.280
54.640
55.020
55.380
55.750
56.110
56.470
56.830
57.190
57.550
57.910
58.280
58.650
59.020
59.380
59.750
