0.250
0.670
1.060
1.460
1.850
2.250
2.660
3.070
3.470
3.880
4.270
4.670
5.070
5.470
5.880
6.280
6.690
7.090
7.490
7.890
8.290
8.690
9.090
9.490
9.910
10.310
10.710
11.120
11.520
11.930
12.330
12.740
13.140
13.550
13.940
14.340
14.730
15.130
15.540
15.960
16.360
16.770
17.170
17.580
17.970
18.390
18.780
19.190
19.590
19.990
20.400
20.810
21.210
21.610
22.010
22.410
22.810
23.200
23.600
24.010
24.410
24.810
25.230
25.630
26.040
26.450
26.850
27.250
27.650
28.060
28.450
28.860
29.260
29.650
30.080
