0.100
0.600
1.140
1.680
2.220
2.750
3.280
3.820
4.370
4.890
5.440
5.980
6.520
7.050
7.600
8.140
8.670
9.210
9.750
10.290
10.820
11.360
11.890
12.400
12.950
13.480
14.030
14.570
15.110
15.650
16.190
16.720
17.280
17.810
18.350
18.880
19.430
19.960
20.500
21.030
21.580
22.110
22.660
23.190
23.740
24.280
24.820
25.350
25.900
26.420
26.970
27.510
28.050
28.580
29.120
29.630
30.180
30.710
31.260
31.790
32.330
32.850
33.390
33.930
34.480
35.010
35.540
36.060
36.620
37.150
37.680
38.210
38.750
39.280
39.820
40.340
40.880
41.410
41.950
42.490
43.030
43.570
44.110
44.650
45.190
45.720
46.240
46.750
47.300
47.820
48.380
48.910
49.460
49.990
50.530
51.060
51.610
52.140
52.690
53.230
53.770
54.300
54.840
55.370
55.920
56.450
56.990
57.530
58.070
58.600
59.140
59.670
