0.370
0.930
1.500
2.060
2.630
3.190
3.760
4.330
4.900
5.470
6.040
6.600
7.170
7.740
8.300
8.860
9.430
9.990
10.550
11.120
11.690
12.250
12.810
13.390
13.950
14.530
15.080
15.650
16.210
16.790
17.340
17.920
18.490
19.050
19.620
20.190
20.740
21.310
21.860
22.430
23.000
23.580
24.140
24.700
25.280
25.850
26.400
26.960
27.530
28.100
28.660
29.230
29.780
30.360
30.910
31.490
32.060
32.630
33.190
33.760
34.320
34.890
35.460
36.010
36.580
37.130
37.680
38.260
38.850
39.420
39.980
40.550
41.120
41.690
42.260
42.820
43.380
43.940
44.500
45.090
45.650
46.220
46.800
47.350
47.930
48.480
49.050
49.610
50.180
50.750
51.320
51.880
52.440
53.000
53.570
54.130
54.700
55.270
55.840
56.400
56.970
57.550
58.110
58.670
59.240
59.820
