0.150
0.780
1.380
2.000
2.600
3.220
3.820
4.440
5.040
5.670
6.280
6.890
7.490
8.100
8.710
9.330
9.930
10.550
11.150
11.770
12.380
13.000
13.600
14.220
14.810
15.430
16.030
16.650
17.250
17.870
18.470
19.100
19.700
20.310
20.920
21.540
22.140
22.750
23.350
23.970
24.580
25.190
25.790
26.420
27.040
27.650
28.250
28.880
29.490
30.120
30.730
31.360
31.960
32.580
33.180
33.810
34.420
35.040
35.660
36.280
36.890
37.510
38.120
38.740
39.350
39.960
40.570
41.190
41.800
42.420
43.020
43.640
44.250
44.870
45.480
46.090
46.700
47.310
47.920
48.530
49.140
49.760
50.360
50.980
51.590
52.200
52.830
53.440
54.040
54.670
55.270
55.870
56.460
57.060
57.670
58.280
58.880
59.480
60.060
