0.360
0.810
1.260
1.700
2.150
2.590
3.040
3.490
3.930
4.380
4.820
5.270
5.720
6.160
6.610
7.060
7.500
7.950
8.390
8.840
9.290
9.730
10.180
10.620
11.070
11.520
11.960
12.410
12.860
13.300
13.750
14.200
14.640
15.090
15.540
15.980
16.430
16.870
17.310
17.760
18.210
18.650
19.100
19.560
20.000
20.450
20.910
21.360
21.820
22.250
22.720
23.140
23.580
24.030
24.470
24.900
25.360
25.800
26.240
26.670
27.100
27.550
28.020
28.470
28.920
29.360
29.820
30.260
30.710
31.150
31.590
32.040
32.490
32.930
33.380
33.830
34.270
34.720
35.180
35.620
36.060
36.500
36.950
37.390
37.850
38.290
38.740
39.180
39.630
40.070
40.510
40.960
41.400
41.840
42.290
42.750
43.190
43.640
44.090
44.530
45.000
45.440
45.880
46.330
46.770
47.210
47.660
48.100
48.550
48.980
49.430
49.880
50.320
50.780
51.220
51.680
52.120
52.560
53.020
53.450
53.910
54.340
54.780
55.210
55.680
56.130
56.580
57.020
57.480
57.910
58.370
58.810
59.260
59.710
