0.320
0.690
1.040
1.420
1.770
2.140
2.490
2.850
3.210
3.580
3.930
4.300
4.660
5.020
5.360
5.730
6.080
6.460
6.810
7.180
7.530
7.890
8.240
8.600
8.960
9.340
9.680
10.060
10.410
10.780
11.130
11.500
11.850
12.220
12.580
12.940
13.290
13.660
14.010
14.370
14.730
15.090
15.440
15.800
16.160
16.520
16.910
17.260
17.630
17.980
18.350
18.710
19.080
19.430
19.790
20.140
20.500
20.860
21.220
21.550
21.910
22.260
22.630
22.990
23.360
23.720
24.070
24.450
24.810
25.180
25.540
25.900
26.250
26.620
26.970
27.330
27.690
28.050
28.410
28.770
29.130
29.490
29.840
