0.300
0.750
1.200
1.650
2.090
2.540
2.990
3.440
3.880
4.330
4.780
5.230
5.670
6.120
6.570
7.020
7.460
7.910
8.360
8.810
9.260
9.700
10.150
10.600
11.050
11.500
11.950
12.400
12.860
13.310
13.770
14.220
14.680
15.130
15.590
16.050
16.500
16.960
17.410
17.870
18.320
18.780
19.230
19.690
20.140
20.600
21.050
21.510
21.960
22.420
22.870
23.320
23.780
24.230
24.690
25.150
25.600
26.060
26.510
26.970
27.420
27.880
28.330
28.790
29.240
29.690
30.150
30.600
31.060
31.510
31.970
32.420
32.870
33.330
33.790
34.240
34.700
35.150
35.610
36.060
36.510
36.960
37.420
37.870
38.330
38.780
39.180
39.580
39.960
40.380
40.840
41.280
41.730
42.180
42.630
43.070
43.520
43.970
44.420
44.870
45.320
45.760
46.210
46.660
47.110
47.560
48.000
48.450
48.900
49.350
49.800
50.240
50.690
51.140
51.590
52.040
52.490
52.930
53.380
53.830
54.280
54.720
55.170
55.620
56.070
56.520
56.960
57.410
57.860
58.310
58.760
59.200
59.650
