0.090
0.570
1.050
1.530
2.010
2.470
2.950
3.430
3.910
4.380
4.860
5.340
5.820
6.290
6.750
7.240
7.710
8.190
8.670
9.140
9.620
10.100
10.590
11.050
11.530
12.000
12.480
12.950
13.430
13.890
14.390
14.870
15.340
15.810
16.290
16.770
17.230
17.700
18.190
18.650
19.130
19.590
20.080
20.550
21.030
21.510
21.980
22.470
22.950
23.430
23.900
24.380
24.850
25.320
25.790
26.290
26.760
27.230
27.720
28.190
28.650
29.130
29.600
30.080
30.560
31.020
31.510
31.990
32.470
32.930
33.400
33.870
34.360
34.840
35.330
35.790
36.280
36.740
37.220
37.690
38.170
38.630
39.120
39.590
40.080
40.540
41.030
41.500
41.980
42.440
42.920
43.410
43.880
44.360
44.840
45.320
45.800
46.260
46.720
47.210
47.690
48.170
48.640
49.120
49.600
50.070
50.570
51.030
51.500
51.980
52.450
52.930
53.410
53.870
54.350
54.830
55.300
55.780
56.240
56.720
57.190
57.670
58.160
58.630
59.110
59.590
60.090
