0.210
0.780
1.340
1.890
2.460
3.000
3.560
4.140
4.690
5.250
5.820
6.390
6.930
7.500
8.080
8.630
9.200
9.760
10.320
10.900
11.450
12.010
12.580
13.140
13.700
14.260
14.840
15.400
15.960
16.530
17.090
17.660
18.200
18.770
19.320
19.890
20.450
21.030
21.580
22.140
22.710
23.240
23.820
24.380
24.940
25.510
26.090
26.670
27.230
27.810
28.370
28.950
29.500
30.080
30.640
31.220
31.790
32.370
32.940
33.500
34.060
34.650
35.220
35.800
36.360
36.940
37.520
38.100
38.640
39.230
39.810
40.380
40.950
41.510
42.080
42.650
43.210
43.770
44.350
44.940
45.500
46.080
46.650
47.220
47.770
48.350
48.920
49.490
50.060
50.620
51.190
51.760
52.320
52.870
53.450
54.010
54.560
55.120
55.700
56.260
56.820
57.370
57.960
58.500
59.070
59.620
