0.170
0.660
1.120
1.630
2.120
2.600
3.110
3.590
4.060
4.560
5.060
5.530
6.020
6.510
6.970
7.480
7.980
8.440
8.940
9.430
9.910
10.420
10.890
11.380
11.900
12.390
12.870
13.370
13.860
14.340
14.840
15.320
15.800
16.300
16.790
17.260
17.760
18.250
18.740
19.250
19.740
20.220
20.710
21.190
21.700
22.190
22.660
23.150
23.660
24.170
24.660
25.160
25.660
26.140
26.640
27.130
27.610
28.110
28.600
29.080
29.590
30.080
30.560
31.080
31.570
32.050
32.540
33.030
33.510
34.000
34.500
34.980
35.480
35.970
36.460
36.960
37.440
37.920
38.440
38.920
39.410
39.900
40.390
40.880
41.370
41.860
42.340
42.840
43.330
43.810
44.300
44.800
45.280
45.780
46.250
46.750
47.230
47.720
48.210
48.710
49.190
49.680
50.180
50.690
51.190
51.700
52.200
52.670
53.170
53.660
54.150
54.640
55.110
55.600
56.100
56.590
57.070
57.570
58.050
58.520
59.000
59.490
59.950
