0.390
0.910
1.410
1.920
2.430
2.950
3.450
3.960
4.470
4.990
5.500
6.010
6.510
7.030
7.540
8.050
8.550
9.060
9.580
10.090
10.600
11.110
11.620
12.140
12.640
13.140
13.650
14.170
14.680
15.200
15.710
16.220
16.730
17.240
17.750
18.250
18.750
19.260
19.770
20.290
20.800
21.310
21.820
22.340
22.840
23.350
23.860
24.380
24.870
25.400
25.890
26.410
26.910
27.430
27.940
28.450
28.950
29.470
29.970
30.500
31.000
31.510
32.020
32.530
33.040
33.550
34.060
34.570
35.090
35.590
36.120
36.620
37.140
37.640
38.160
38.660
39.160
39.680
40.180
40.700
41.200
41.720
42.220
42.730
43.240
43.750
44.260
44.770
45.280
45.800
46.310
46.820
47.320
47.830
48.340
48.850
49.370
49.880
50.390
50.900
51.410
51.920
52.430
52.940
53.460
53.970
54.460
54.980
55.490
56.010
56.500
57.020
57.530
58.040
58.550
59.060
59.570
60.090
