0.070
0.540
1.030
1.520
2.020
2.520
3.010
3.510
4.000
4.490
4.980
5.480
5.980
6.470
6.960
7.470
7.960
8.450
8.940
9.440
9.940
10.440
10.930
11.420
11.900
12.380
12.870
13.380
13.890
14.380
14.880
15.370
15.870
16.360
16.850
17.340
17.840
18.330
18.840
19.340
19.840
20.340
20.840
21.320
21.810
22.300
22.800
23.300
23.790
24.280
24.780
25.270
25.760
26.260
26.740
27.240
27.720
28.210
28.690
29.190
29.680
30.170
30.660
31.150
31.640
32.130
32.620
33.130
33.630
34.130
34.620
35.130
35.620
36.110
36.600
37.100
37.600
38.090
38.590
39.080
39.570
40.070
40.560
41.050
41.550
42.060
42.540
43.030
43.520
44.000
44.490
44.980
45.470
45.950
46.460
46.980
47.470
47.960
48.460
48.950
49.440
49.930
50.430
50.940
51.440
51.930
52.420
52.910
53.410
53.880
54.370
54.860
55.350
55.830
56.340
56.850
57.330
57.820
58.320
58.820
59.300
59.790
