0.280
0.630
0.980
1.340
1.690
2.030
2.390
2.750
3.090
3.450
3.810
4.170
4.510
4.870
5.220
5.570
5.920
6.280
6.630
6.980
7.340
7.690
8.040
8.400
8.750
9.100
9.450
9.810
10.160
10.510
10.860
11.220
11.570
11.920
12.280
12.640
12.990
13.340
13.690
14.040
14.390
14.750
15.100
15.450
15.800
16.150
16.510
16.860
17.220
17.570
17.930
18.270
18.630
18.980
19.340
19.690
20.040
20.390
20.750
21.100
21.460
21.810
22.160
22.510
22.870
23.220
23.570
23.940
24.280
24.630
24.980
25.340
25.690
26.040
26.390
26.740
27.100
27.450
27.800
28.160
28.510
28.860
29.220
29.580
29.920
