0.520
1.280
2.000
2.760
3.530
4.300
5.070
5.810
6.550
7.280
8.020
8.760
9.470
10.220
10.940
11.690
12.420
13.130
13.880
14.600
15.340
16.070
16.800
17.530
18.260
18.990
19.730
20.470
21.200
21.940
22.660
23.400
24.120
24.850
25.580
26.300
27.050
27.790
28.510
29.240
29.960
30.710
31.440
32.180
32.900
33.650
34.370
35.110
35.840
36.570
37.300
38.030
38.760
39.500
40.230
40.950
41.680
42.430
43.150
43.880
44.610
45.360
46.100
46.820
47.540
48.300
49.030
49.770
50.510
51.260
52.010
52.750
53.490
54.240
54.980
55.700
56.450
57.180
57.930
58.640
59.340
60.050
