0.280
0.750
1.230
1.710
2.180
2.650
3.130
3.600
4.070
4.540
5.010
5.490
5.960
6.440
6.920
7.400
7.870
8.340
8.830
9.300
9.770
10.250
10.720
11.200
11.670
12.150
12.620
13.100
13.580
14.050
14.520
15.000
15.470
15.950
16.420
16.900
17.380
17.860
18.330
18.810
19.290
19.760
20.240
20.720
21.200
21.680
22.170
22.650
23.110
23.590
24.070
24.530
25.010
25.490
25.970
26.460
26.930
27.410
27.890
28.370
28.850
29.320
29.810
30.280
30.760
31.230
31.710
32.190
32.670
33.150
33.620
34.110
34.590
35.070
35.540
36.020
36.500
36.980
37.450
37.930
38.410
38.890
39.370
39.860
40.350
40.820
41.320
41.790
42.280
42.770
43.250
43.730
44.210
44.690
45.150
45.630
46.110
46.590
47.070
47.550
48.040
48.520
48.990
49.470
49.950
50.430
50.910
51.390
51.870
52.350
52.820
53.300
53.790
54.280
54.760
55.240
55.720
56.200
56.670
57.150
57.650
58.140
58.620
59.100
59.600
