0.540
1.220
1.920
2.630
3.340
4.020
4.700
5.380
6.070
6.750
7.430
8.120
8.800
9.480
10.170
10.870
11.560
12.270
12.970
13.660
14.370
15.060
15.740
16.430
17.140
17.820
18.510
19.190
19.880
20.570
21.250
21.930
22.630
23.310
24.000
24.680
25.370
26.070
26.770
27.460
28.160
28.850
29.530
30.220
30.900
31.600
32.290
32.980
33.680
34.380
35.070
35.730
36.430
37.120
37.820
38.500
39.200
39.870
40.570
41.250
41.940
42.640
43.320
44.000
44.690
45.370
46.080
46.770
47.470
48.170
48.860
49.540
50.230
50.920
51.610
52.280
52.960
53.670
54.370
55.060
55.740
56.440
57.130
57.790
58.470
59.170
59.870
