0.430
1.000
1.570
2.140
2.730
3.290
3.880
4.450
5.020
5.590
6.160
6.740
7.320
7.880
8.460
9.010
9.600
10.160
10.730
11.300
11.880
12.460
13.030
13.600
14.180
14.740
15.320
15.870
16.460
17.020
17.590
18.150
18.730
19.300
19.860
20.430
21.000
21.570
22.130
22.700
23.270
23.840
24.400
24.980
25.560
26.130
26.710
27.280
27.850
28.420
29.000
29.570
30.150
30.710
31.290
31.850
32.440
33.000
33.580
34.150
34.730
35.290
35.870
36.430
37.010
37.580
38.160
38.720
39.300
39.870
40.440
41.020
41.580
42.160
42.740
43.320
43.890
44.470
45.040
45.610
46.190
46.760
47.340
47.900
48.470
49.040
49.600
50.160
50.750
51.300
51.880
52.450
53.020
53.580
54.150
54.710
55.280
55.850
56.400
56.960
57.540
58.100
58.670
59.230
59.810
