0.370
0.790
1.170
1.560
1.930
2.320
2.690
3.070
3.440
3.830
4.210
4.590
4.960
5.340
5.710
6.080
6.450
6.820
7.190
7.570
7.940
8.310
8.680
9.050
9.430
9.790
10.170
10.530
10.920
11.290
11.660
12.040
12.450
12.820
13.230
13.590
13.980
14.360
14.740
15.130
15.510
15.880
16.270
16.650
17.030
17.400
17.780
18.150
18.540
18.910
19.300
19.660
20.030
20.400
20.790
21.170
21.550
21.910
22.290
22.650
23.040
23.400
23.780
24.150
24.530
24.910
25.290
25.690
26.060
26.450
26.820
27.210
27.590
27.960
28.340
28.710
29.080
29.460
29.830
30.190
30.570
30.940
31.310
31.690
32.060
32.440
32.820
33.200
33.580
33.960
34.320
34.700
35.100
35.460
35.860
36.240
36.620
37.000
37.380
37.750
38.130
38.510
38.890
39.270
39.650
40.020
40.400
40.780
41.160
41.530
41.900
42.280
42.660
43.030
43.410
43.790
44.170
44.540
44.910
45.290
45.670
46.040
46.420
46.800
47.180
47.560
47.930
48.300
48.680
49.050
49.430
49.800
50.170
50.550
50.920
51.300
51.670
52.030
52.410
52.780
53.150
53.510
53.890
54.260
54.630
54.990
55.360
55.730
56.110
56.470
56.850
57.210
57.590
57.960
58.320
58.690
59.060
59.430
59.810
