0.310
0.690
1.080
1.460
1.840
2.220
2.600
2.990
3.380
3.750
4.130
4.510
4.900
5.290
5.660
6.050
6.430
6.810
7.200
7.580
7.970
8.350
8.730
9.110
9.490
9.880
10.260
10.650
11.030
11.420
11.800
12.180
12.570
12.950
13.330
13.710
14.090
14.470
14.860
15.240
15.630
16.010
16.400
16.770
17.170
17.540
17.930
18.310
18.690
19.070
19.470
19.840
20.230
20.610
20.990
21.370
21.760
22.140
22.530
22.910
23.290
23.670
24.050
24.440
24.840
25.210
25.600
25.970
26.360
26.740
27.120
27.510
27.890
28.270
28.660
29.040
29.420
29.810
