0.110
0.490
0.890
1.290
1.690
2.090
2.480
2.880
3.280
3.680
4.080
4.490
4.890
5.290
5.690
6.090
6.490
6.890
7.300
7.710
8.110
8.500
8.900
9.310
9.700
10.110
10.510
10.900
11.290
11.710
12.090
12.500
12.910
13.300
13.710
14.100
14.500
14.910
15.310
15.710
16.110
16.530
16.930
17.320
17.730
18.130
18.530
18.930
19.330
19.730
20.130
20.530
20.920
21.310
21.730
22.120
22.510
22.920
23.320
23.740
24.130
24.550
24.950
25.350
25.760
26.160
26.560
26.960
27.360
27.760
28.160
28.560
28.960
29.360
29.750
30.160
30.550
30.960
31.350
31.750
32.140
32.540
32.940
33.340
33.750
34.160
34.550
34.960
35.360
35.760
36.160
36.560
36.970
37.370
37.790
38.180
38.570
38.980
39.380
39.770
40.180
40.590
41.000
41.400
41.810
42.210
42.610
43.010
43.410
43.820
44.210
44.600
45.000
45.400
45.810
46.230
46.630
47.050
47.460
47.870
48.280
48.680
49.090
49.490
49.900
50.300
50.710
51.110
51.510
51.910
52.330
52.740
53.150
53.540
53.960
54.360
54.770
55.180
55.580
55.980
56.390
56.780
57.180
57.580
57.980
58.390
58.790
59.190
59.600
60.000
