0.360
0.740
1.120
1.480
1.880
2.230
2.610
2.970
3.350
3.740
4.120
4.490
4.890
5.260
5.650
6.010
6.410
6.790
7.170
7.540
7.930
8.290
8.660
9.030
9.420
9.800
10.190
10.580
10.970
11.350
11.730
12.110
12.500
12.880
13.270
13.650
14.030
14.410
14.770
15.150
15.540
15.920
16.310
16.680
17.070
17.440
17.830
18.210
18.590
18.950
19.330
19.720
20.090
20.470
20.850
21.230
21.620
22.000
22.380
22.750
23.140
23.520
23.910
24.280
24.670
25.040
25.430
25.790
26.160
26.520
26.910
27.300
27.700
28.080
28.470
28.860
29.250
29.630
30.040
