0.250
0.620
1.000
1.370
1.750
2.140
2.520
2.910
3.270
3.660
4.050
4.420
4.810
5.180
5.570
5.950
6.310
6.680
7.070
7.440
7.820
8.190
8.580
8.970
9.330
9.710
10.070
10.460
10.840
11.210
11.580
11.950
12.320
12.710
13.100
13.470
13.840
14.220
14.600
14.980
15.350
15.730
16.110
16.470
16.830
17.220
17.580
17.960
18.330
18.730
19.100
19.470
19.860
20.230
20.610
20.990
21.360
21.740
22.120
22.480
22.850
23.240
23.620
23.980
24.370
24.740
25.130
25.500
25.880
26.250
26.620
27.010
27.370
27.750
28.120
28.480
28.860
29.230
29.610
29.970
