0.390
1.020
1.670
2.310
2.940
3.580
4.230
4.890
5.530
6.180
6.820
7.470
8.100
8.740
9.390
10.050
10.700
11.350
12.000
12.660
13.280
13.930
14.560
15.200
15.860
16.520
17.160
17.830
18.460
19.100
19.740
20.370
21.000
21.650
22.300
22.960
23.580
24.240
24.880
25.540
26.190
26.830
27.460
28.100
28.750
29.410
30.060
30.710
31.340
32.010
32.670
33.310
33.960
34.590
35.240
35.890
36.520
37.180
37.820
38.460
39.100
39.740
40.380
41.030
41.650
42.300
42.950
43.580
44.230
44.880
45.530
46.180
46.820
47.480
48.120
48.760
49.390
50.030
50.690
51.340
51.980
52.630
53.280
53.930
54.560
55.210
55.850
56.490
57.130
57.790
58.440
59.080
59.740
