0.310
0.750
1.190
1.610
2.040
2.470
2.900
3.340
3.780
4.220
4.640
5.060
5.500
5.930
6.360
6.790
7.220
7.640
8.070
8.510
8.950
9.380
9.820
10.240
10.680
11.110
11.540
11.980
12.410
12.830
13.270
13.700
14.150
14.580
15.010
15.450
15.890
16.310
16.740
17.180
17.610
18.030
18.470
18.900
19.320
19.770
20.220
20.640
21.100
21.510
21.950
22.390
22.830
23.250
23.690
24.120
24.560
24.990
25.420
25.860
26.290
26.720
27.160
27.600
28.030
28.460
28.890
29.320
29.760
30.190
30.630
31.060
31.480
31.910
32.350
32.800
33.230
33.680
34.110
34.520
34.950
35.400
35.810
36.240
36.680
37.100
37.540
37.950
38.390
38.810
39.240
39.680
40.110
40.550
40.990
41.420
41.860
42.290
42.730
43.160
43.600
44.030
44.460
44.890
45.330
45.760
46.190
46.620
47.060
47.490
47.930
48.360
48.790
49.230
49.660
50.090
50.530
50.960
51.390
51.830
52.250
52.680
53.100
53.550
53.990
54.430
54.870
55.290
55.740
56.170
56.600
57.030
57.470
57.910
58.350
58.790
59.220
59.650
60.090
