0.600
1.340
2.050
2.780
3.500
4.240
5.010
5.740
6.470
7.190
7.920
8.630
9.360
10.110
10.860
11.560
12.320
13.050
13.780
14.500
15.200
15.920
16.640
17.380
18.100
18.790
19.600
20.350
21.170
21.900
22.590
23.340
24.070
24.830
25.560
26.310
27.040
27.820
28.570
29.300
30.010
30.750
31.530
32.280
33.010
33.760
34.510
35.240
35.990
36.730
37.460
38.250
39.000
39.730
40.500
41.220
41.970
42.740
43.480
44.250
45.040
45.760
46.510
47.260
48.020
48.770
49.520
50.250
51.020
51.790
52.530
53.250
54.010
54.750
55.480
56.210
56.990
57.700
58.430
59.170
59.890
