0.000
0.330
0.680
1.040
1.390
1.740
2.090
2.460
2.810
3.150
3.490
3.850
4.200
4.550
4.900
5.270
5.620
5.960
6.300
6.660
7.010
7.360
7.710
8.070
8.430
8.770
9.120
9.470
9.820
10.170
10.530
10.880
11.240
11.580
11.930
12.280
12.630
12.980
13.340
13.700
14.050
14.390
14.740
15.080
15.440
15.790
16.150
16.490
16.850
17.200
17.550
17.890
18.250
18.600
18.950
19.300
19.670
20.010
20.360
20.720
21.060
21.410
21.760
22.120
22.490
22.820
23.170
23.530
23.870
24.230
24.580
24.920
25.270
25.630
25.980
26.330
26.690
27.040
27.390
27.730
28.100
28.440
28.790
29.140
29.500
29.840
