0.220
0.740
1.260
1.800
2.310
2.830
3.350
3.870
4.400
4.920
5.450
5.980
6.490
7.020
7.540
8.070
8.590
9.110
9.630
10.170
10.670
11.200
11.720
12.230
12.770
13.290
13.810
14.350
14.860
15.390
15.910
16.430
16.950
17.470
18.000
18.520
19.050
19.560
20.090
20.610
21.130
21.660
22.190
22.710
23.230
23.750
24.280
24.800
25.320
25.840
26.370
26.890
27.410
27.930
28.460
28.980
29.500
30.030
30.550
31.070
31.600
32.120
32.650
33.170
33.690
34.210
34.740
35.250
35.780
36.310
36.830
37.360
37.880
38.400
38.920
39.440
39.970
40.490
41.020
41.550
42.060
42.590
43.110
43.620
44.150
44.680
45.200
45.730
46.250
46.770
47.290
47.810
48.340
48.860
49.380
49.900
50.430
50.960
51.480
52.000
52.520
53.050
53.570
54.100
54.620
55.140
55.660
56.180
56.710
57.230
57.750
58.280
58.800
59.320
59.850
