0.000
0.610
1.210
1.820
2.420
3.030
3.630
4.240
4.830
5.440
6.040
6.640
7.250
7.850
8.450
9.060
9.660
10.260
10.870
11.460
12.070
12.700
13.400
14.050
14.650
15.250
15.860
16.450
17.060
17.660
18.270
18.870
19.470
20.070
20.670
21.270
21.880
22.480
23.090
23.690
24.300
24.890
25.490
26.100
26.710
27.300
27.910
28.510
29.110
29.710
30.320
30.920
31.530
32.130
32.740
33.340
33.940
34.540
35.140
35.740
36.370
36.950
37.560
38.160
38.760
39.360
39.970
40.570
41.190
41.770
42.380
42.990
43.580
44.190
44.800
45.400
46.000
46.600
47.210
47.810
48.410
49.010
49.620
50.230
50.830
51.420
52.030
52.630
53.230
53.830
54.440
55.040
55.650
56.240
56.850
57.450
58.060
58.660
59.270
59.870
