0.580
1.150
1.740
2.340
2.930
3.510
4.100
4.690
5.270
5.860
6.450
7.050
7.640
8.240
8.820
9.400
9.990
10.580
11.160
11.760
12.340
12.930
13.520
14.110
14.690
15.280
15.870
16.460
17.050
17.640
18.220
18.820
19.400
20.000
20.580
21.180
21.760
22.350
22.940
23.520
24.110
24.690
25.270
25.880
26.460
27.050
27.630
28.230
28.820
29.420
30.000
30.590
31.180
31.770
32.350
32.920
33.500
34.100
34.710
35.300
35.890
36.480
37.060
37.660
38.240
38.830
39.420
40.000
40.580
41.180
41.760
42.350
42.930
43.510
44.110
44.690
45.280
45.870
46.450
47.050
47.650
48.240
48.840
49.430
50.020
50.600
51.180
51.770
52.350
52.940
53.520
54.110
54.700
55.280
55.870
56.460
57.040
57.650
58.230
58.820
59.410
60.000
