0.180
0.600
0.980
1.390
1.800
2.200
2.580
2.990
3.380
3.790
4.180
4.580
4.970
5.380
5.760
6.160
6.550
6.930
7.330
7.730
8.130
8.530
8.920
9.320
9.730
10.120
10.520
10.930
11.330
11.730
12.130
12.530
12.920
13.330
13.720
14.130
14.520
14.930
15.320
15.730
16.120
16.520
16.920
17.320
17.720
18.120
18.520
18.920
19.330
19.730
20.130
20.540
20.940
21.340
21.740
22.140
22.530
22.940
23.340
23.750
24.150
24.540
24.930
25.340
25.730
26.130
26.520
26.920
27.310
27.700
28.090
28.500
28.900
29.290
29.690
30.090
30.490
30.880
31.260
31.670
32.060
32.450
32.850
33.260
33.650
34.060
34.450
34.850
35.250
35.650
36.030
36.440
36.830
37.220
37.620
38.010
38.420
38.810
39.200
39.590
39.990
40.370
40.760
41.160
41.550
41.940
42.330
42.730
43.110
43.500
43.890
44.290
44.680
45.070
45.450
45.850
46.220
46.630
47.010
47.410
47.800
48.190
48.580
48.980
49.380
49.780
50.170
50.580
50.970
51.370
51.770
52.170
52.570
52.970
53.360
53.770
54.160
54.550
54.960
55.360
55.760
56.160
56.550
56.960
57.360
57.750
58.140
58.550
58.950
59.350
59.740
