0.150
0.760
1.370
1.980
2.590
3.200
3.810
4.420
5.030
5.640
6.250
6.860
7.490
8.090
8.700
9.310
9.920
10.530
11.140
11.750
12.370
12.960
13.580
14.190
14.800
15.420
16.030
16.640
17.250
17.860
18.460
19.080
19.680
20.280
20.910
21.510
22.130
22.730
23.350
23.950
24.570
25.170
25.790
26.410
27.020
27.630
28.230
28.850
29.450
30.050
30.660
31.270
31.870
32.510
33.110
33.680
34.220
34.790
35.410
36.010
36.630
37.240
37.830
38.450
39.070
39.670
40.270
40.890
41.490
42.120
42.740
43.350
43.960
44.560
45.170
45.780
46.390
47.000
47.610
48.230
48.830
49.440
50.050
50.660
51.270
51.880
52.490
53.110
53.720
54.330
54.940
55.550
56.160
56.770
57.370
57.980
58.590
59.220
59.830
