0.340
0.720
1.130
1.500
1.900
2.280
2.670
3.060
3.460
3.850
4.250
4.630
5.030
5.400
5.810
6.180
6.580
6.970
7.370
7.730
8.120
8.500
8.900
9.290
9.680
10.060
10.460
10.840
11.230
11.590
11.990
12.350
12.750
13.130
13.510
13.890
14.250
14.630
15.010
15.390
15.800
16.170
16.570
16.960
17.350
17.730
18.130
18.510
18.910
19.300
19.700
20.080
20.480
20.850
21.250
21.650
22.050
22.430
22.840
23.210
23.620
23.990
24.390
24.780
25.170
25.550
25.950
26.330
26.730
27.100
27.490
27.880
28.290
28.670
29.080
29.470
29.870
