0.140
0.630
1.130
1.620
2.120
2.620
3.110
3.600
4.100
4.580
5.100
5.580
6.070
6.560
7.050
7.570
8.060
8.560
9.040
9.560
10.060
10.560
11.050
11.560
12.050
12.550
13.050
13.540
14.050
14.550
15.050
15.550
16.060
16.550
17.060
17.550
18.050
18.540
19.030
19.530
20.020
20.520
21.010
21.490
21.990
22.480
22.980
23.470
23.960
24.450
24.940
25.430
25.920
26.420
26.910
27.390
27.890
28.370
28.860
29.330
29.820
30.310
30.810
31.290
31.780
32.270
32.760
33.250
33.740
34.240
34.720
35.210
35.700
36.200
36.700
37.170
37.660
38.150
38.640
39.120
39.600
40.080
40.570
41.050
41.540
42.030
42.510
42.990
43.470
43.960
44.450
44.920
45.410
45.900
46.380
46.850
47.340
47.830
48.300
48.780
49.270
49.750
50.230
50.710
51.190
51.670
52.150
52.620
53.110
53.590
54.070
54.550
55.040
55.510
55.990
56.460
56.940
57.430
57.910
58.390
58.880
59.360
59.850
