0.000
0.350
0.720
1.090
1.440
1.800
2.160
2.530
2.880
3.240
3.600
3.960
4.310
4.660
5.010
5.360
5.720
6.070
6.430
6.790
7.150
7.510
7.870
8.230
8.590
8.950
9.300
9.660
10.010
10.380
10.730
11.090
11.460
11.810
12.180
12.540
12.890
13.270
13.620
13.970
14.350
14.700
15.070
15.410
15.780
16.150
16.510
16.870
17.230
17.600
17.970
18.320
18.690
19.050
19.410
19.790
20.130
20.500
20.860
21.230
21.590
21.960
22.330
22.700
23.090
23.460
23.810
24.180
24.570
24.940
25.290
25.660
26.040
26.410
26.790
27.150
27.520
27.900
28.250
28.610
28.950
29.300
29.640
30.010
