0.010
0.400
0.780
1.160
1.530
1.930
2.330
2.700
3.100
3.480
3.850
4.240
4.610
4.990
5.360
5.760
6.140
6.510
6.900
7.290
7.690
8.080
8.460
8.840
9.240
9.620
10.010
10.410
10.790
11.160
11.540
11.940
12.320
12.710
13.090
13.470
13.840
14.240
14.640
15.030
15.410
15.790
16.160
16.550
16.920
17.300
17.670
18.070
18.440
18.820
19.200
19.600
20.000
20.390
20.770
21.170
21.550
21.940
22.310
22.700
23.090
23.470
23.850
24.240
24.620
25.010
25.390
25.780
26.150
26.550
26.950
27.350
27.730
28.100
28.470
28.850
29.230
29.610
29.970
