0.130
0.590
1.050
1.520
1.970
2.430
2.900
3.360
3.820
4.280
4.740
5.200
5.660
6.120
6.590
7.050
7.510
7.970
8.430
8.890
9.360
9.820
10.280
10.740
11.200
11.660
12.120
12.580
13.050
13.510
13.970
14.430
14.900
15.360
15.820
16.280
16.740
17.200
17.660
18.120
18.580
19.050
19.510
19.970
20.430
20.890
21.360
21.820
22.280
22.740
23.200
23.660
24.130
24.590
25.050
25.510
25.970
26.430
26.900
27.350
27.820
28.280
28.740
29.200
29.670
30.120
30.590
31.050
31.510
31.970
32.430
32.890
33.350
33.820
34.280
34.740
35.200
35.660
36.120
36.580
37.050
37.510
37.970
38.430
38.890
39.360
39.820
40.280
40.740
41.200
41.660
42.120
42.580
43.040
43.510
43.970
44.430
44.890
45.350
45.820
46.270
46.740
47.200
47.660
48.120
48.580
49.050
49.510
49.970
50.430
50.880
51.350
51.810
52.280
52.730
53.200
53.660
54.120
54.580
55.050
55.510
55.970
56.420
56.890
57.340
57.810
58.270
58.740
59.200
59.650
60.120
