0.200
0.580
0.950
1.330
1.690
2.070
2.440
2.830
3.200
3.580
3.950
4.330
4.710
5.080
5.450
5.820
6.200
6.580
6.950
7.320
7.700
8.080
8.450
8.820
9.200
9.580
9.950
10.330
10.700
11.070
11.450
11.830
12.200
12.580
12.950
13.330
13.700
14.070
14.450
14.820
15.200
15.580
15.950
16.330
16.700
17.070
17.450
17.820
18.200
18.580
18.950
19.330
19.700
20.080
20.450
20.830
21.210
21.580
21.960
22.330
22.700
23.080
23.450
23.850
24.200
24.570
24.950
25.320
25.700
26.070
26.450
26.830
27.200
27.570
27.950
28.320
28.700
29.080
29.450
29.830
