0.140
0.540
0.920
1.320
1.720
2.110
2.510
2.910
3.310
3.710
4.100
4.500
4.910
5.300
5.700
6.100
6.500
6.890
7.290
7.690
8.090
8.490
8.890
9.300
9.710
10.110
10.510
10.910
11.300
11.700
12.100
12.510
12.900
13.300
13.700
14.100
14.480
14.890
15.290
15.690
16.090
16.490
16.880
17.290
17.680
18.080
18.460
18.860
19.250
19.660
20.040
20.450
20.860
21.260
21.650
22.050
22.440
22.850
23.240
23.640
24.040
24.450
24.840
25.240
25.630
26.020
26.420
26.820
27.210
27.610
28.000
28.410
28.820
29.220
29.620
30.000
