0.120
0.610
1.140
1.640
2.170
2.660
3.190
3.740
4.260
4.780
5.310
5.830
6.350
6.870
7.390
7.900
8.410
8.940
9.440
9.960
10.470
10.980
11.500
12.050
12.580
13.090
13.610
14.130
14.650
15.170
15.690
16.220
16.730
17.250
17.770
18.300
18.810
19.330
19.850
20.370
20.880
21.410
21.920
22.440
22.960
23.480
23.990
24.500
25.030
25.560
26.070
26.600
27.120
27.640
28.160
28.670
29.190
29.720
30.240
30.760
31.270
31.790
32.310
32.830
33.350
33.870
34.400
34.910
35.420
35.940
36.450
36.980
37.500
38.030
38.550
39.070
39.580
40.110
40.630
41.140
41.660
42.190
42.710
43.230
43.730
44.260
44.780
45.310
45.820
46.340
46.860
47.390
47.900
48.420
48.940
49.460
49.970
50.490
51.010
51.540
52.050
52.580
53.100
53.620
54.140
54.650
55.190
55.700
56.230
56.740
57.260
57.780
58.300
58.820
59.340
59.860
