0.290
1.020
1.750
2.490
3.240
3.950
4.700
5.430
6.160
6.910
7.640
8.350
9.130
9.860
10.590
11.320
12.080
12.810
13.570
14.290
15.020
15.730
16.470
17.200
17.940
18.660
19.390
20.120
20.850
21.560
22.330
23.030
23.780
24.510
25.260
25.980
26.710
27.440
28.160
28.880
29.630
30.370
31.110
31.840
32.580
33.290
34.030
34.770
35.510
36.220
36.960
37.700
38.440
39.170
39.930
40.660
41.420
42.150
42.880
43.620
44.370
45.100
45.840
46.580
47.350
48.080
48.840
49.570
50.310
51.080
51.840
52.570
53.350
54.090
54.880
55.630
56.390
57.130
57.880
58.660
59.400
