0.000
0.620
1.270
1.890
2.550
3.190
3.830
4.460
5.120
5.770
6.410
7.030
7.690
8.340
8.980
9.630
10.260
10.910
11.560
12.180
12.830
13.490
14.130
14.750
15.410
16.060
16.710
17.330
17.990
18.630
19.290
19.930
20.560
21.210
21.840
22.470
23.130
23.780
24.400
25.040
25.700
26.350
26.980
27.620
28.270
28.930
29.570
30.220
30.850
31.500
32.120
32.760
33.420
34.070
34.720
35.350
35.990
36.650
37.300
37.920
38.570
39.220
39.870
40.500
41.140
41.790
42.440
43.060
43.710
44.360
45.010
45.630
46.290
46.940
47.590
48.200
48.860
49.510
50.160
50.810
51.430
52.080
52.730
53.350
54.010
54.650
55.290
55.920
56.580
57.230
57.870
58.490
59.150
59.790
