0.570
1.290
1.980
2.680
3.370
4.070
4.780
5.470
6.170
6.890
7.570
8.260
8.960
9.670
10.370
11.090
11.790
12.480
13.180
13.880
14.570
15.270
15.960
16.680
17.350
18.060
18.750
19.450
20.140
20.840
21.530
22.230
22.940
23.640
24.340
25.040
25.740
26.390
27.060
27.750
28.440
29.140
29.830
30.530
31.230
31.930
32.620
33.310
34.010
34.730
35.420
36.120
36.810
37.520
38.210
38.910
39.600
40.300
41.010
41.710
42.400
43.100
43.780
44.490
45.180
45.880
46.570
47.270
47.950
48.650
49.360
50.110
50.820
51.520
52.220
52.920
53.600
54.300
54.990
55.680
56.380
57.100
57.800
58.500
59.200
59.920
