0.200
0.890
1.600
2.310
3.040
3.730
4.450
5.150
5.860
6.570
7.290
7.990
8.710
9.420
10.130
10.830
11.560
12.250
12.970
13.670
14.380
15.090
15.810
16.520
17.240
17.930
18.640
19.360
20.080
20.780
21.480
22.190
22.910
23.610
24.320
25.030
25.740
26.450
27.160
27.880
28.590
29.290
30.000
30.710
31.430
32.130
32.850
33.550
34.260
34.970
35.680
36.380
37.100
37.810
38.520
39.230
39.950
40.650
41.360
42.070
42.790
43.500
44.200
44.910
45.620
46.330
47.040
47.750
48.460
49.170
49.880
50.590
51.300
52.010
52.720
53.430
54.140
54.850
55.560
56.280
56.990
57.690
58.410
59.120
59.830
