0.390
0.880
1.350
1.820
2.300
2.780
3.250
3.720
4.190
4.650
5.110
5.580
6.050
6.540
6.990
7.450
7.910
8.370
8.830
9.280
9.720
10.180
10.640
11.110
11.570
12.040
12.480
12.950
13.420
13.880
14.340
14.800
15.260
15.720
16.170
16.610
17.060
17.500
17.970
18.440
18.890
19.360
19.830
20.300
20.750
21.220
21.690
22.150
22.620
23.090
23.550
24.020
24.480
24.950
25.420
25.900
26.370
26.850
27.320
27.800
28.280
28.770
29.240
29.710
30.180
30.640
31.110
31.590
32.040
32.500
32.980
33.440
33.900
34.350
34.810
35.250
35.700
36.170
36.630
37.110
37.590
38.070
38.540
39.010
39.490
39.980
40.450
40.920
41.390
41.860
42.320
42.790
43.260
43.720
44.170
44.650
45.110
45.570
46.030
46.490
46.940
47.390
47.850
48.320
48.780
49.240
49.690
50.150
50.610
51.080
51.530
52.010
52.460
52.920
53.370
53.810
54.270
54.710
55.180
55.650
56.100
56.560
57.030
57.500
57.960
58.430
58.910
59.370
59.830
