0.250
0.660
1.050
1.460
1.850
2.260
2.660
3.060
3.460
3.860
4.260
4.660
5.060
5.460
5.860
6.250
6.650
7.060
7.450
7.860
8.250
8.660
9.060
9.460
9.860
10.260
10.660
11.060
11.450
11.850
12.260
12.670
13.070
13.450
13.860
14.270
14.670
15.060
15.460
15.860
16.270
16.660
17.050
17.470
17.860
18.270
18.670
19.050
19.470
19.860
20.260
20.670
21.060
21.470
21.870
22.250
22.660
23.070
23.460
23.870
24.250
24.650
25.060
25.450
25.860
26.260
26.660
27.060
27.460
27.860
28.260
28.660
29.060
29.460
29.860
30.260
30.650
31.050
31.450
31.860
32.260
32.660
33.060
33.460
33.850
34.260
34.660
35.050
35.460
35.860
36.250
36.650
37.050
37.460
37.860
38.260
38.650
39.060
39.460
39.860
40.260
40.660
41.060
41.460
41.860
42.260
42.660
43.060
43.460
43.860
44.260
44.660
45.060
45.460
45.860
46.250
46.650
47.060
47.460
47.860
48.260
48.660
49.060
49.460
49.850
50.260
50.660
51.060
51.470
51.860
52.260
52.660
53.060
53.460
53.860
54.250
54.670
55.060
55.460
55.860
56.260
56.660
57.070
57.460
57.870
58.260
58.660
59.060
59.460
59.860
