0.290
0.660
1.030
1.380
1.750
2.110
2.490
2.850
3.210
3.570
3.940
4.310
4.670
5.050
5.400
5.770
6.130
6.500
6.870
7.230
7.600
7.960
8.350
8.710
9.060
9.430
9.790
10.160
10.520
10.880
11.250
11.620
11.990
12.350
12.720
13.080
13.440
13.820
14.190
14.540
14.910
15.280
15.650
16.010
16.380
16.740
17.110
17.470
17.830
18.200
18.560
18.930
19.310
19.680
20.050
20.390
20.760
21.130
21.480
21.850
22.220
22.580
22.960
23.310
23.680
24.050
24.410
24.770
25.140
25.500
25.880
26.240
26.600
26.970
27.330
27.700
28.060
28.420
28.800
29.160
29.530
29.890
