0.150
0.550
0.930
1.310
1.680
2.060
2.430
2.810
3.180
3.550
3.930
4.310
4.680
5.060
5.430
5.810
6.180
6.560
6.930
7.300
7.680
8.050
8.430
8.800
9.170
9.550
9.920
10.300
10.670
11.050
11.430
11.800
12.170
12.550
12.930
13.310
13.670
14.050
14.430
14.810
15.180
15.550
15.920
16.300
16.670
17.050
17.420
17.800
18.170
18.550
18.920
19.300
19.680
20.050
20.420
20.810
21.170
21.550
21.920
22.300
22.670
23.050
23.420
23.800
24.180
24.550
24.920
25.300
25.670
26.050
26.420
26.800
27.170
27.550
27.920
28.290
28.660
29.040
29.420
29.800
30.160
30.540
30.920
31.300
31.670
32.040
32.420
32.790
33.160
33.540
33.920
34.290
34.660
35.050
35.420
35.790
36.170
36.540
36.910
37.290
37.660
38.040
38.410
38.800
39.160
39.540
39.910
40.290
40.660
41.040
41.420
41.790
42.160
42.540
42.910
43.290
43.670
44.030
44.410
44.800
45.160
45.540
45.910
46.290
46.660
47.040
47.420
47.790
48.160
48.540
48.910
49.290
49.660
50.030
50.400
50.770
51.150
51.540
51.900
52.280
52.650
53.040
53.400
53.780
54.160
54.540
54.910
55.290
55.660
56.040
56.410
56.790
57.160
57.540
57.910
58.290
58.660
59.040
59.410
59.790
60.150
