0.640
1.380
2.100
2.820
3.550
4.290
5.020
5.750
6.470
7.210
7.930
8.650
9.380
10.120
10.860
11.580
12.300
13.030
13.760
14.480
15.210
15.950
16.690
17.410
18.120
18.860
19.590
20.310
21.030
21.780
22.510
23.240
23.950
24.690
25.410
26.130
26.870
27.610
28.340
29.060
29.780
30.520
31.240
31.960
32.690
33.430
34.170
34.890
35.610
36.340
37.070
37.790
38.520
39.260
40.000
40.720
41.440
42.170
42.900
43.620
44.350
45.090
45.820
46.540
47.260
48.000
48.720
49.440
50.170
50.910
51.650
52.370
53.080
53.820
54.540
55.260
55.990
56.740
57.470
58.190
58.910
59.650
