0.260
0.730
1.190
1.660
2.130
2.600
3.070
3.540
4.010
4.480
4.950
5.420
5.890
6.350
6.820
7.290
7.760
8.230
8.700
9.170
9.640
10.110
10.580
11.050
11.510
11.990
12.450
12.930
13.390
13.860
14.330
14.800
15.270
15.740
16.210
16.680
17.150
17.620
18.080
18.560
19.020
19.490
19.960
20.430
20.900
21.370
21.840
22.310
22.780
23.250
23.720
24.190
24.660
25.130
25.600
26.070
26.530
27.000
27.470
27.950
28.410
28.880
29.350
29.820
30.290
30.760
31.230
31.700
32.160
32.640
33.100
33.570
34.040
34.510
34.980
35.450
35.920
36.390
36.850
37.320
37.790
38.260
38.740
39.200
39.670
40.140
40.610
41.080
41.550
42.020
42.490
42.960
43.430
43.900
44.360
44.840
45.300
45.770
46.240
46.710
47.180
47.650
48.120
48.590
49.060
49.530
50.000
50.460
50.940
51.400
51.870
52.340
52.810
53.280
53.750
54.220
54.690
55.160
55.630
56.100
56.560
57.030
57.500
57.970
58.440
58.910
59.380
59.850
