0.370
0.850
1.330
1.810
2.290
2.770
3.260
3.740
4.220
4.700
5.190
5.690
6.170
6.650
7.140
7.620
8.110
8.590
9.070
9.550
10.030
10.520
11.010
11.490
11.980
12.460
12.950
13.430
13.910
14.390
14.880
15.360
15.840
16.330
16.820
17.300
17.790
18.260
18.750
19.240
19.720
20.210
20.680
21.170
21.650
22.140
22.630
23.110
23.590
24.070
24.550
25.040
25.520
26.010
26.500
26.980
27.460
27.940
28.420
28.910
29.390
29.880
30.370
30.840
31.330
31.810
32.290
32.780
33.270
33.750
34.240
34.720
35.200
35.680
36.160
36.630
37.130
37.620
38.100
38.590
39.070
39.550
40.040
40.520
41.000
41.490
41.970
42.450
42.940
43.420
43.910
44.400
44.870
45.360
45.850
46.330
46.800
47.290
47.780
48.250
48.750
49.240
49.710
50.200
50.690
51.160
51.650
52.120
52.610
53.090
53.580
54.060
54.530
55.050
55.530
56.000
56.480
56.960
57.460
57.950
58.430
58.910
59.400
59.880
