0.370
0.790
1.200
1.610
2.000
2.430
2.840
3.240
3.650
4.060
4.460
4.880
5.270
5.670
6.080
6.460
6.860
7.280
7.660
8.090
8.490
8.900
9.310
9.720
10.130
10.540
10.950
11.350
11.770
12.170
12.580
12.970
13.380
13.790
14.190
14.600
15.010
15.420
15.840
16.250
16.640
17.060
17.460
17.870
18.280
18.670
19.080
19.460
19.860
20.260
20.660
21.070
21.480
21.880
22.300
22.680
23.080
23.490
23.890
24.280
24.690
25.080
25.490
25.890
26.280
26.680
27.100
27.500
27.900
28.310
28.720
29.130
29.520
29.940
30.350
30.760
31.170
31.580
32.000
32.390
32.800
33.210
33.630
34.030
34.450
34.850
35.260
35.660
36.050
36.470
36.880
37.290
37.710
38.100
38.530
38.920
39.330
39.740
40.160
40.570
40.980
41.390
41.800
42.210
42.620
43.040
43.450
43.850
44.260
44.670
45.070
45.490
45.890
46.300
46.730
47.130
47.530
47.950
48.360
48.760
49.180
49.580
49.990
50.400
50.810
51.220
51.650
52.050
52.470
52.870
53.280
53.690
54.090
54.510
54.910
55.290
55.700
56.100
56.510
56.920
57.320
57.730
58.150
58.540
58.950
59.350
59.760
