0.010
0.380
0.730
1.070
1.410
1.780
2.120
2.470
2.830
3.170
3.520
3.870
4.230
4.570
4.930
5.270
5.630
6.000
6.350
6.690
7.030
7.390
7.740
8.090
8.450
8.780
9.140
9.500
9.840
10.180
10.530
10.910
11.260
11.610
11.950
12.290
12.660
12.990
13.350
13.690
14.060
14.400
14.750
15.120
15.460
15.810
16.160
16.510
16.860
17.220
17.560
17.920
18.260
18.620
18.980
19.330
19.670
20.020
20.370
20.710
21.070
21.410
21.780
22.140
22.500
22.840
23.200
23.530
23.880
24.240
24.590
24.940
25.290
25.640
26.000
26.340
26.700
27.030
27.380
27.740
28.080
28.440
28.800
29.130
29.480
29.830
