0.130
0.520
0.900
1.300
1.690
2.080
2.460
2.850
3.240
3.630
4.020
4.410
4.800
5.190
5.580
5.960
6.360
6.740
7.130
7.520
7.910
8.300
8.690
9.080
9.470
9.850
10.240
10.630
11.020
11.420
11.800
12.190
12.570
12.970
13.350
13.740
14.130
14.520
14.910
15.300
15.690
16.080
16.470
16.860
17.250
17.640
18.020
18.410
18.800
19.190
19.580
19.970
20.350
20.740
21.140
21.520
21.910
22.300
22.690
23.080
23.470
23.850
24.240
24.630
25.020
25.410
25.800
26.190
26.580
26.960
27.360
27.750
28.140
28.520
28.910
29.300
29.690
30.070
30.470
30.860
31.250
31.640
32.030
32.430
32.820
33.210
33.600
33.960
34.340
34.730
35.140
35.520
35.910
36.290
36.690
37.080
37.470
37.850
38.240
38.640
39.030
39.410
39.800
40.190
40.580
40.970
41.360
41.740
42.130
42.520
42.910
43.310
43.690
44.080
44.470
44.850
45.250
45.630
46.020
46.410
46.810
47.190
47.580
47.960
48.360
48.740
49.140
49.520
49.910
50.300
50.690
51.080
51.470
51.850
52.250
52.630
53.020
53.420
53.800
54.190
54.540
54.870
55.240
55.570
55.940
56.330
56.710
57.110
57.500
57.890
58.270
58.670
59.060
59.440
59.840
