0.000
0.780
1.560
2.350
3.110
3.900
4.680
5.460
6.240
7.010
7.790
8.580
9.350
10.140
10.910
11.700
12.480
13.310
14.070
14.890
15.660
16.450
17.220
18.010
18.790
19.570
20.330
21.120
21.890
22.660
23.430
24.210
24.990
25.760
26.530
27.330
28.100
28.900
29.680
30.470
31.260
32.040
32.800
33.600
34.370
35.130
35.900
36.670
37.450
38.220
38.980
39.770
40.570
41.340
42.100
42.880
43.650
44.420
45.180
45.970
46.750
47.530
48.290
49.060
49.840
50.620
51.400
52.180
52.960
53.730
54.500
55.270
56.050
56.820
57.590
58.370
59.150
59.930
