0.220
0.660
1.100
1.550
1.990
2.440
2.880
3.330
3.770
4.220
4.650
5.100
5.540
5.980
6.420
6.880
7.310
7.760
8.200
8.640
9.080
9.510
9.950
10.400
10.840
11.280
11.720
12.170
12.600
13.050
13.490
13.930
14.370
14.810
15.260
15.710
16.150
16.600
17.040
17.490
17.940
18.390
18.830
19.270
19.720
20.160
20.610
21.060
21.500
21.950
22.390
22.840
23.270
23.720
24.160
24.610
25.060
25.490
25.930
26.370
26.820
27.260
27.700
28.140
28.570
29.000
29.430
29.860
30.310
30.720
31.150
31.600
32.030
32.460
32.870
33.320
33.750
34.200
34.620
35.070
35.520
35.950
36.380
36.840
37.280
37.710
38.170
38.620
39.070
39.510
39.940
40.380
40.830
41.260
41.700
42.160
42.600
43.030
43.470
43.920
44.370
44.810
45.270
45.700
46.140
46.590
47.010
47.460
47.910
48.340
48.790
49.230
49.690
50.130
50.590
51.040
51.490
51.940
52.380
52.830
53.270
53.720
54.160
54.610
55.050
55.500
55.940
56.400
56.840
57.290
57.730
58.180
58.620
59.070
59.510
59.960
