0.160
0.500
0.840
1.190
1.530
1.870
2.210
2.560
2.910
3.250
3.590
3.940
4.280
4.620
4.960
5.300
5.650
5.990
6.340
6.680
7.020
7.370
7.710
8.060
8.410
8.750
9.090
9.430
9.770
10.120
10.460
10.810
11.150
11.490
11.830
12.180
12.520
12.860
13.210
13.550
13.900
14.240
14.580
14.930
15.270
15.610
15.960
16.300
16.650
16.990
17.330
17.670
18.020
18.360
18.700
19.040
19.390
19.730
20.070
20.420
20.760
21.110
21.450
21.790
22.140
22.480
22.820
23.170
23.510
23.850
24.200
24.540
24.900
25.230
25.580
25.920
26.250
26.590
26.950
27.300
27.640
27.970
28.320
28.660
28.990
29.340
29.690
30.010
