0.370
0.830
1.290
1.760
2.220
2.680
3.140
3.600
4.070
4.520
4.990
5.450
5.920
6.370
6.840
7.300
7.760
8.220
8.690
9.140
9.610
10.070
10.530
10.990
11.450
11.910
12.380
12.830
13.300
13.750
14.220
14.670
15.140
15.590
16.060
16.530
16.990
17.440
17.910
18.370
18.840
19.290
19.750
20.220
20.690
21.140
21.610
22.060
22.520
22.980
23.450
23.910
24.370
24.830
25.300
25.760
26.220
26.680
27.150
27.600
28.060
28.530
28.980
29.440
29.900
30.370
30.840
31.300
31.760
32.220
32.690
33.140
33.600
34.070
34.530
34.990
35.460
35.900
36.370
36.830
37.300
37.750
38.220
38.680
39.140
39.610
40.070
40.530
40.990
41.450
41.920
42.370
42.840
43.300
43.760
44.220
44.680
45.130
45.600
46.060
46.530
46.980
47.450
47.920
48.390
48.830
49.300
49.760
50.220
50.680
51.150
51.600
52.060
52.520
52.990
53.450
53.910
54.370
54.830
55.290
55.750
56.220
56.680
57.140
57.590
58.060
58.530
58.990
59.450
59.910
