0.580
1.370
2.140
2.930
3.700
4.490
5.280
6.060
6.820
7.620
8.410
9.180
9.930
10.720
11.480
12.260
13.020
13.790
14.550
15.330
16.090
16.860
17.630
18.420
19.170
19.940
20.700
21.480
22.220
22.990
23.740
24.510
25.250
26.000
26.750
27.500
28.250
28.990
29.730
30.470
31.230
31.980
32.720
33.460
34.190
34.940
35.710
36.490
37.270
38.030
38.790
39.540
40.300
41.090
41.850
42.600
43.380
44.140
44.890
45.640
46.410
47.120
47.890
48.620
49.420
50.150
50.920
51.690
52.430
53.190
53.990
54.750
55.500
56.270
57.030
57.820
58.580
59.340
60.120
