0.150
0.840
1.510
2.140
2.810
3.490
4.170
4.850
5.530
6.220
6.880
7.550
8.200
8.810
9.460
10.130
10.800
11.460
12.120
12.790
13.460
14.120
14.790
15.460
16.130
16.800
17.480
18.160
18.820
19.500
20.180
20.870
21.550
22.220
22.890
23.570
24.250
24.930
25.590
26.270
26.940
27.690
28.460
29.180
29.950
30.620
31.260
31.930
32.590
33.260
33.920
34.600
35.270
35.950
36.610
37.270
37.940
38.610
39.260
39.920
40.590
41.250
41.900
42.570
43.230
43.890
44.550
45.190
45.870
46.540
47.190
47.860
48.530
49.210
49.850
50.510
51.180
51.850
52.500
53.160
53.810
54.460
55.100
55.740
56.420
57.090
57.740
58.420
59.080
59.740
