0.190
0.540
0.890
1.240
1.580
1.940
2.280
2.610
2.970
3.310
3.650
3.970
4.340
4.710
5.070
5.420
5.760
6.120
6.460
6.810
7.170
7.520
7.870
8.210
8.560
8.920
9.260
9.600
9.950
10.310
10.650
11.000
11.360
11.700
12.050
12.410
12.760
13.120
13.470
13.820
14.160
14.500
14.850
15.200
15.560
15.910
16.270
16.610
16.950
17.310
17.640
18.000
18.340
18.700
19.040
19.390
19.730
20.080
20.430
20.780
21.130
21.490
21.840
22.190
22.540
22.900
23.250
23.590
23.940
24.290
24.640
24.980
25.330
25.680
26.010
26.370
26.720
27.090
27.440
27.780
28.140
28.490
28.830
29.190
29.530
29.890
