0.290
0.670
1.070
1.440
1.840
2.220
2.600
2.980
3.380
3.770
4.160
4.540
4.950
5.320
5.710
6.080
6.480
6.860
7.250
7.630
8.030
8.410
8.800
9.170
9.570
9.960
10.350
10.730
11.120
11.510
11.900
12.270
12.670
13.060
13.460
13.830
14.220
14.610
14.970
15.380
15.770
16.160
16.540
16.930
17.320
17.700
18.090
18.480
18.860
19.260
19.640
20.020
20.410
20.800
21.170
21.570
21.960
22.350
22.730
23.120
23.510
23.900
24.280
24.670
25.060
25.440
25.830
26.220
26.610
26.990
27.370
27.770
28.150
28.540
28.930
29.310
29.720
