0.250
0.900
1.580
2.250
2.920
3.590
4.230
4.910
5.580
6.190
6.770
7.390
8.040
8.700
9.360
10.020
10.670
11.340
11.990
12.660
13.310
13.950
14.620
15.280
15.940
16.590
17.270
17.940
18.580
19.220
19.900
20.570
21.220
21.870
22.540
23.190
23.850
24.510
25.190
25.840
26.500
27.170
27.820
28.480
29.140
29.800
30.460
31.120
31.780
32.420
33.100
33.750
34.420
35.050
35.750
36.400
37.060
37.710
38.370
39.020
39.680
40.340
41.000
41.660
42.320
42.990
43.650
44.300
44.960
45.620
46.280
46.940
47.600
48.250
48.910
49.580
50.240
50.890
51.560
52.220
52.870
53.530
54.190
54.850
55.510
56.160
56.820
57.480
58.150
58.800
59.460
