0.350
0.750
1.150
1.560
1.960
2.370
2.770
3.170
3.590
3.990
4.390
4.810
5.210
5.610
6.020
6.420
6.820
7.230
7.640
8.040
8.450
8.860
9.270
9.670
10.080
10.490
10.890
11.300
11.690
12.100
12.510
12.920
13.320
13.730
14.140
14.550
14.960
15.350
15.760
16.160
16.560
16.980
17.380
17.790
18.200
18.600
19.010
19.420
19.830
20.220
20.630
21.040
21.440
21.850
22.240
22.660
23.070
23.470
23.870
24.280
24.680
25.090
25.500
25.900
26.310
26.720
27.130
27.530
27.940
28.340
28.750
29.160
29.560
29.970
30.380
30.790
31.190
31.590
31.990
32.400
32.810
33.210
33.630
34.040
34.430
34.840
35.240
35.650
36.060
36.460
36.870
37.290
37.690
38.090
38.500
38.900
39.320
39.710
40.130
40.540
40.940
41.350
41.760
42.170
42.570
42.970
43.390
43.770
44.180
44.580
44.970
45.380
45.790
46.200
46.610
47.020
47.410
47.830
48.230
48.650
49.050
49.450
49.860
50.260
50.670
51.070
51.480
51.880
52.300
52.700
53.110
53.520
53.920
54.320
54.730
55.130
55.540
55.950
56.350
56.770
57.170
57.580
57.980
58.390
58.790
59.200
59.600
60.000
