0.300
1.080
1.870
2.640
3.430
4.200
4.990
5.760
6.540
7.320
8.100
8.870
9.670
10.440
11.230
12.000
12.780
13.550
14.340
15.100
15.890
16.670
17.460
18.230
19.000
19.780
20.570
21.330
22.130
22.900
23.690
24.470
25.240
26.020
26.730
27.420
28.150
28.930
29.710
30.490
31.290
32.050
32.830
33.610
34.390
35.150
35.950
36.700
37.480
38.300
39.070
39.840
40.620
41.400
42.180
42.960
43.760
44.520
45.300
46.070
46.860
47.630
48.420
49.270
50.180
50.950
51.730
52.510
53.300
54.070
54.860
55.630
56.420
57.190
57.960
58.740
59.530
