0.270
0.690
1.120
1.550
1.990
2.430
2.850
3.290
3.720
4.150
4.580
5.010
5.450
5.890
6.320
6.750
7.180
7.600
8.030
8.460
8.890
9.330
9.760
10.190
10.630
11.060
11.490
11.920
12.360
12.800
13.220
13.660
14.090
14.520
14.950
15.390
15.810
16.250
16.670
17.100
17.530
17.960
18.400
18.830
19.260
19.700
20.130
20.560
20.980
21.430
21.850
22.290
22.730
23.150
23.590
24.020
24.450
24.880
25.310
25.740
26.180
26.600
27.030
27.450
27.900
28.330
28.760
29.190
29.630
30.070
30.500
30.930
31.370
31.800
32.230
32.660
33.100
33.530
33.960
34.390
34.810
35.250
35.660
36.100
36.540
36.960
37.400
37.830
38.260
38.680
39.110
39.540
39.990
40.420
40.860
41.290
41.720
42.140
42.590
43.020
43.460
43.890
44.330
44.760
45.190
45.630
46.060
46.480
46.910
47.350
47.780
48.210
48.630
49.060
49.480
49.920
50.350
50.780
51.220
51.650
52.090
52.530
52.960
53.390
53.820
54.250
54.680
55.120
55.550
55.980
56.420
56.850
57.280
57.700
58.140
58.570
59.010
59.460
59.890
