0.510
1.070
1.640
2.180
2.750
3.300
3.870
4.420
4.980
5.540
6.120
6.660
7.220
7.780
8.350
8.910
9.470
10.020
10.580
11.130
11.700
12.260
12.830
13.400
13.950
14.530
15.100
15.660
16.210
16.780
17.360
17.920
18.470
19.030
19.610
20.170
20.730
21.290
21.860
22.420
22.980
23.540
24.110
24.660
25.220
25.770
26.340
26.900
27.460
28.020
28.590
29.150
29.700
30.270
30.850
31.410
31.970
32.530
33.110
33.670
34.230
34.790
35.370
35.920
36.480
37.050
37.620
38.190
38.740
39.300
39.880
40.460
41.010
41.580
42.120
42.690
43.230
43.790
44.350
44.920
45.460
46.030
46.600
47.160
47.710
48.280
48.850
49.400
49.960
50.520
51.090
51.650
52.210
52.770
53.340
53.910
54.450
55.030
55.590
56.160
56.710
57.280
57.840
58.390
58.950
59.520
