0.180
0.860
1.540
2.230
2.910
3.590
4.270
4.950
5.630
6.320
7.000
7.680
8.360
9.040
9.730
10.410
11.090
11.770
12.450
13.140
13.820
14.500
15.180
15.860
16.540
17.230
17.910
18.590
19.270
19.960
20.630
21.320
22.000
22.680
23.360
24.040
24.720
25.410
26.090
26.770
27.450
28.140
28.820
29.500
30.180
30.860
31.540
32.230
32.910
33.590
34.270
34.950
35.630
36.320
37.000
37.680
38.360
39.050
39.730
40.410
41.090
41.770
42.450
43.130
43.820
44.500
45.180
45.860
46.540
47.230
47.910
48.590
49.270
49.960
50.630
51.320
52.000
52.680
53.360
54.040
54.730
55.410
56.090
56.770
57.450
58.140
58.810
59.500
