0.000
0.400
0.810
1.220
1.610
2.010
2.400
2.820
3.220
3.620
4.030
4.450
4.850
5.260
5.660
6.080
6.480
6.870
7.290
7.700
8.100
8.520
8.910
9.330
9.730
10.130
10.530
10.960
11.360
11.780
12.170
12.580
12.990
13.380
13.800
14.210
14.610
15.030
15.420
15.830
16.220
16.640
17.050
17.450
17.850
18.260
18.670
19.100
19.490
19.920
20.310
20.730
21.120
21.540
21.930
22.350
22.740
23.160
23.540
23.970
24.380
24.790
25.190
25.610
26.000
26.410
26.820
27.230
27.620
28.040
28.430
28.840
29.230
29.630
30.080
