0.290
0.840
1.390
1.920
2.450
3.000
3.560
4.110
4.660
5.220
5.760
6.320
6.860
7.410
7.970
8.520
9.070
9.620
10.160
10.710
11.260
11.810
12.370
12.910
13.460
14.000
14.540
15.080
15.630
16.190
16.730
17.270
17.810
18.340
18.870
19.380
19.910
20.460
20.990
21.530
22.070
22.630
23.170
23.700
24.220
24.780
25.330
25.880
26.430
26.980
27.530
28.090
28.630
29.190
29.730
30.260
30.810
31.360
31.910
32.450
32.990
33.540
34.080
34.620
35.170
35.700
36.250
36.790
37.330
37.870
38.410
38.960
39.490
40.050
40.610
41.150
41.690
42.250
42.810
43.360
43.890
44.430
44.970
45.510
46.050
46.580
47.120
47.650
48.190
48.740
49.280
49.830
50.370
50.920
51.460
52.000
52.530
53.070
53.600
54.120
54.640
55.170
55.690
56.220
56.740
57.250
57.770
58.300
58.800
59.370
59.910
