0.090
0.440
0.770
1.120
1.480
1.840
2.180
2.520
2.870
3.220
3.570
3.920
4.270
4.610
4.950
5.280
5.630
5.990
6.340
6.690
7.040
7.380
7.740
8.090
8.440
8.780
9.130
9.470
9.820
10.160
10.500
10.840
11.200
11.540
11.880
12.210
12.560
12.900
13.240
13.580
13.900
14.230
14.570
14.900
15.250
15.590
15.930
16.270
16.610
16.950
17.280
17.610
17.960
18.290
18.630
18.970
19.310
19.650
19.980
20.320
20.660
21.000
21.340
21.670
22.010
22.350
22.690
23.010
23.350
23.680
24.020
24.350
24.700
25.040
25.380
25.720
26.060
26.400
26.740
27.080
27.420
27.770
28.120
28.460
28.800
29.140
29.490
29.830
