0.070
0.430
0.810
1.190
1.580
1.960
2.330
2.730
3.110
3.480
3.850
4.250
4.630
5.020
5.390
5.790
6.170
6.550
6.920
7.310
7.700
8.090
8.470
8.850
9.230
9.610
10.000
10.390
10.770
11.150
11.540
11.930
12.310
12.690
13.070
13.460
13.840
14.230
14.610
14.990
15.370
15.740
16.120
16.530
16.910
17.310
17.690
18.090
18.470
18.860
19.240
19.620
20.000
20.390
20.780
21.150
21.540
21.910
22.300
22.690
23.070
23.460
23.850
24.230
24.610
25.000
25.380
25.750
26.130
26.510
26.900
27.280
27.650
28.030
28.420
28.810
29.200
29.580
29.970
30.340
30.730
31.110
31.490
31.880
32.260
32.660
33.040
33.430
33.810
34.200
34.560
34.960
35.340
35.740
36.110
36.510
36.890
37.270
37.650
38.040
38.420
38.800
39.170
39.570
39.950
40.330
40.690
41.080
41.460
41.830
42.230
42.600
42.990
43.370
43.760
44.130
44.510
44.900
45.280
45.660
46.040
46.420
46.790
47.160
47.540
47.920
48.320
48.680
49.060
49.450
49.840
50.210
50.590
50.970
51.360
51.730
52.120
52.500
52.870
53.240
53.630
54.010
54.400
54.780
55.170
55.550
55.950
56.320
56.700
57.090
57.470
57.840
58.230
58.600
58.990
59.370
59.760
