0.710
1.530
2.340
3.140
3.950
4.800
5.570
6.400
7.210
8.020
8.820
9.640
10.430
11.210
12.030
12.850
13.640
14.470
15.280
16.100
16.890
17.710
18.520
19.340
20.130
20.940
21.730
22.570
23.380
24.210
25.010
25.820
26.620
27.440
28.250
29.070
29.860
30.680
31.500
32.310
33.120
33.930
34.740
35.550
36.340
37.140
37.960
38.780
39.580
40.400
41.200
42.010
42.810
43.630
44.440
45.260
46.050
46.870
47.670
48.490
49.290
50.120
50.930
51.750
52.540
53.360
54.150
54.970
55.790
56.600
57.400
58.240
59.020
59.880
