0.740
1.490
2.220
2.940
3.660
4.400
5.120
5.850
6.580
7.310
8.030
8.750
9.470
10.190
10.940
11.670
12.380
13.110
13.840
14.560
15.290
16.010
16.750
17.470
18.200
18.920
19.660
20.380
21.110
21.830
22.560
23.290
24.010
24.730
25.470
26.190
26.920
27.650
28.370
29.090
29.820
30.530
31.270
32.000
32.730
33.460
34.180
34.910
35.630
36.360
37.080
37.810
38.530
39.260
39.970
40.700
41.420
42.180
42.900
43.620
44.340
45.060
45.780
46.520
47.250
47.980
48.710
49.430
50.150
50.870
51.590
52.330
53.060
53.790
54.510
55.230
55.950
56.690
57.420
58.130
58.880
59.580
