0.180
0.670
1.170
1.660
2.150
2.640
3.130
3.620
4.110
4.610
5.110
5.590
6.080
6.570
7.060
7.550
8.050
8.530
9.030
9.520
10.010
10.510
11.000
11.490
11.980
12.470
12.960
13.460
13.950
14.440
14.930
15.420
15.920
16.410
16.900
17.390
17.880
18.380
18.870
19.360
19.850
20.340
20.830
21.330
21.820
22.310
22.810
23.300
23.790
24.280
24.780
25.260
25.750
26.250
26.740
27.220
27.720
28.210
28.700
29.180
29.690
30.170
30.670
31.170
31.650
32.140
32.640
33.120
33.620
34.110
34.610
35.100
35.580
36.060
36.560
37.060
37.550
38.040
38.520
39.020
39.510
40.010
40.510
41.000
41.490
41.980
42.480
42.960
43.450
43.940
44.430
44.930
45.420
45.910
46.400
46.900
47.390
47.870
48.370
48.870
49.360
49.830
50.330
50.820
51.310
51.810
52.300
52.790
53.290
53.780
54.270
54.750
55.250
55.740
56.230
56.720
57.220
57.710
58.200
58.690
59.190
59.670
