0.120
0.800
1.500
2.170
2.850
3.540
4.230
4.900
5.580
6.270
6.950
7.630
8.300
8.990
9.670
10.350
11.030
11.730
12.410
13.080
13.760
14.450
15.130
15.800
16.490
17.190
17.880
18.550
19.220
19.900
20.590
21.260
21.950
22.630
23.320
23.990
24.680
25.360
26.050
26.720
27.400
28.090
28.770
29.450
30.130
30.800
31.500
32.170
32.860
33.540
34.220
34.900
35.570
36.260
36.940
37.630
38.300
38.990
39.680
40.350
41.030
41.710
42.400
43.080
43.760
44.440
45.120
45.800
46.480
47.170
47.860
48.530
49.210
49.860
50.590
51.260
52.010
52.790
53.550
54.250
55.010
55.700
56.390
57.130
57.820
58.470
59.160
59.890
