0.260
0.720
1.170
1.610
2.060
2.510
2.960
3.400
3.850
4.290
4.740
5.180
5.630
6.080
6.530
6.970
7.420
7.870
8.310
8.770
9.200
9.650
10.100
10.550
11.000
11.440
11.890
12.330
12.780
13.220
13.670
14.110
14.560
15.010
15.460
15.910
16.350
16.800
17.250
17.690
18.140
18.590
19.030
19.480
19.920
20.370
20.830
21.260
21.720
22.160
22.600
23.050
23.500
23.940
24.390
24.840
25.290
25.730
26.180
26.630
27.070
27.520
27.970
28.410
28.860
29.300
29.750
30.190
30.640
31.090
31.530
31.990
32.430
32.880
33.320
33.780
34.220
34.670
35.110
35.560
36.000
36.450
36.890
37.340
37.790
38.240
38.690
39.130
39.580
40.030
40.470
40.920
41.370
41.810
42.270
42.710
43.150
43.600
44.040
44.490
44.930
45.390
45.840
46.280
46.730
47.170
47.620
48.070
48.510
48.960
49.410
49.850
50.300
50.750
51.190
51.640
52.080
52.530
52.980
53.430
53.870
54.320
54.770
55.220
55.660
56.110
56.560
57.000
57.440
57.890
58.340
58.790
59.230
59.680
