0.350
0.870
1.400
1.930
2.450
2.980
3.510
4.040
4.570
5.090
5.610
6.140
6.670
7.190
7.720
8.250
8.780
9.300
9.820
10.350
10.880
11.400
11.930
12.460
12.980
13.510
14.040
14.570
15.090
15.620
16.150
16.670
17.200
17.720
18.250
18.780
19.310
19.830
20.360
20.890
21.440
21.950
22.460
23.000
23.530
24.040
24.570
25.100
25.630
26.150
26.680
27.210
27.740
28.260
28.790
29.320
29.840
30.370
30.900
31.420
31.950
32.470
33.000
33.530
34.060
34.580
35.110
35.640
36.160
36.690
37.220
37.750
38.270
38.800
39.320
39.850
40.380
40.900
41.430
41.960
42.490
43.010
43.540
44.070
44.590
45.120
45.650
46.180
46.700
47.220
47.760
48.280
48.810
49.330
49.860
50.390
50.920
51.440
51.970
52.500
53.020
53.550
54.080
54.610
55.130
55.650
56.190
56.710
57.240
57.760
58.290
58.820
59.340
59.870
