0.190
0.580
0.980
1.390
1.780
2.160
2.560
2.960
3.360
3.760
4.160
4.550
4.950
5.340
5.740
6.130
6.540
6.930
7.330
7.720
8.120
8.520
8.910
9.320
9.710
10.110
10.510
10.910
11.310
11.710
12.110
12.500
12.900
13.300
13.670
14.060
14.460
14.880
15.270
15.660
16.080
16.450
16.840
17.200
17.600
18.000
18.410
18.800
19.220
19.620
20.010
20.400
20.810
21.210
21.610
22.010
22.400
22.800
23.200
23.590
23.980
24.370
24.780
25.180
25.580
25.980
26.380
26.780
27.180
27.580
27.980
28.380
28.780
29.180
29.570
29.970
30.370
30.760
31.160
31.550
31.960
32.360
32.760
33.170
33.570
33.970
34.370
34.770
35.170
35.560
35.970
36.360
36.750
37.140
37.530
37.920
38.310
38.690
39.070
39.460
39.870
40.260
40.660
41.070
41.450
41.870
42.270
42.660
43.060
43.450
43.850
44.260
44.660
45.040
45.440
45.840
46.250
46.640
47.050
47.450
47.840
48.230
48.640
49.040
49.440
49.850
50.250
50.660
51.060
51.470
51.870
52.270
52.680
53.080
53.480
53.890
54.290
54.690
55.100
55.510
55.920
56.330
56.730
57.140
57.540
57.950
58.360
58.750
59.180
59.590
60.000
