0.310
0.930
1.560
2.180
2.810
3.420
4.050
4.670
5.290
5.910
6.530
7.150
7.770
8.390
9.010
9.630
10.250
10.870
11.490
12.110
12.730
13.360
13.980
14.600
15.210
15.840
16.460
17.070
17.700
18.320
18.950
19.550
20.180
20.800
21.430
22.040
22.670
23.290
23.910
24.530
25.150
25.770
26.390
27.010
27.620
28.240
28.870
29.490
30.110
30.720
31.340
31.970
32.590
33.220
33.840
34.460
35.080
35.700
36.320
36.940
37.560
38.190
38.810
39.430
40.050
40.670
41.290
41.910
42.530
43.160
43.770
44.400
45.020
45.630
46.260
46.880
47.500
48.120
48.740
49.370
49.980
50.610
51.220
51.840
52.460
53.080
53.700
54.320
54.940
55.560
56.180
56.810
57.420
58.050
58.670
59.290
59.900
