0.310
0.680
1.060
1.420
1.800
2.170
2.540
2.920
3.290
3.650
4.040
4.400
4.780
5.160
5.520
5.900
6.270
6.640
7.030
7.390
7.760
8.140
8.500
8.880
9.250
9.610
9.990
10.360
10.740
11.110
11.470
11.850
12.220
12.600
12.970
13.340
13.710
14.090
14.460
14.840
15.210
15.570
15.960
16.310
16.690
17.070
17.440
17.810
18.180
18.560
18.950
19.300
19.680
20.050
20.420
20.800
21.160
21.530
21.910
22.280
22.650
23.020
23.400
23.770
24.140
24.530
24.890
25.250
25.630
26.010
26.380
26.750
27.120
27.490
27.880
28.230
28.620
28.990
29.360
29.720
30.080
