0.120
0.560
1.030
1.460
1.920
2.380
2.840
3.300
3.750
4.210
4.670
5.110
5.570
6.020
6.480
6.930
7.390
7.840
8.280
8.740
9.200
9.650
10.100
10.560
11.020
11.470
11.930
12.380
12.850
13.320
13.760
14.230
14.680
15.120
15.570
16.020
16.480
16.920
17.340
17.790
18.250
18.700
19.150
19.590
20.030
20.480
20.940
21.370
21.810
22.270
22.720
23.170
23.620
24.060
24.510
24.960
25.400
25.840
26.300
26.750
27.190
27.640
28.100
28.540
28.990
29.430
29.890
30.330
30.780
31.230
31.670
32.120
32.570
33.020
33.470
33.920
34.370
34.810
35.260
35.710
36.160
36.600
37.050
37.490
37.940
38.390
38.840
39.280
39.730
40.170
40.620
41.060
41.500
41.950
42.390
42.830
43.290
43.740
44.180
44.650
45.090
45.540
45.990
46.430
46.890
47.330
47.790
48.250
48.710
49.180
49.630
50.090
50.540
50.990
51.450
51.920
52.370
52.840
53.270
53.730
54.190
54.640
55.090
55.560
56.010
56.470
56.910
57.370
57.830
58.290
58.740
59.210
59.660
