0.280
0.650
1.030
1.390
1.770
2.140
2.510
2.880
3.260
3.630
4.000
4.370
4.750
5.120
5.490
5.860
6.240
6.610
6.980
7.350
7.730
8.090
8.470
8.840
9.220
9.590
9.960
10.330
10.710
11.080
11.430
11.820
12.200
12.570
12.940
13.310
13.680
14.050
14.420
14.790
15.170
15.550
15.910
16.280
16.660
17.030
17.400
17.770
18.160
18.510
18.890
19.260
19.640
20.010
20.380
20.750
21.120
21.500
21.870
22.230
22.610
22.990
23.350
23.730
24.100
24.470
24.850
25.210
25.590
25.960
26.340
26.710
27.080
27.450
27.820
28.190
28.570
28.940
29.310
29.690
30.080
