0.340
0.730
1.110
1.490
1.870
2.250
2.630
3.010
3.390
3.780
4.160
4.560
4.930
5.310
5.690
6.080
6.450
6.830
7.220
7.610
7.990
8.370
8.750
9.130
9.520
9.900
10.290
10.670
11.050
11.430
11.810
12.200
12.590
12.970
13.340
13.730
14.100
14.480
14.860
15.240
15.620
16.000
16.380
16.780
17.160
17.540
17.920
18.310
18.690
19.070
19.450
19.900
20.310
20.760
21.170
21.560
21.960
22.340
22.720
23.090
23.490
23.850
24.240
24.620
25.000
25.380
25.770
26.160
26.550
26.910
27.310
27.690
28.070
28.450
28.820
29.210
29.590
29.950
