0.640
1.420
2.180
2.940
3.750
4.490
5.340
6.160
6.970
7.770
8.580
9.390
10.180
10.980
11.750
12.550
13.340
14.130
14.940
15.740
16.530
17.330
18.120
18.940
19.730
20.480
21.240
22.020
22.780
23.560
24.320
25.100
25.890
26.680
27.470
28.250
29.030
29.800
30.570
31.340
32.110
32.890
33.640
34.430
35.210
35.990
36.770
37.530
38.300
39.050
39.830
40.580
41.340
42.100
42.840
43.610
44.360
45.110
45.870
46.650
47.410
48.170
48.930
49.690
50.440
51.210
51.960
52.740
53.480
54.240
54.980
55.740
56.480
57.230
57.960
58.740
59.500
