0.150
0.850
1.540
2.280
2.990
3.690
4.410
5.110
5.810
6.530
7.250
7.970
8.690
9.390
10.100
10.800
11.510
12.210
12.960
13.670
14.360
15.060
15.780
16.480
17.210
17.930
18.640
19.360
20.070
20.780
21.490
22.190
22.920
23.610
24.320
25.040
25.740
26.480
27.200
27.900
28.620
29.320
30.030
30.710
31.450
32.140
32.850
33.580
34.280
34.980
35.700
36.430
37.140
37.850
38.560
39.270
40.000
40.720
41.430
42.160
42.870
43.570
44.290
45.000
45.710
46.420
47.140
47.860
48.570
49.280
49.980
50.700
51.410
52.130
52.840
53.560
54.260
54.970
55.690
56.410
57.100
57.820
58.530
59.230
59.950
