0.620
1.260
1.900
2.540
3.170
3.810
4.450
5.090
5.730
6.380
7.020
7.650
8.290
8.930
9.580
10.220
10.860
11.500
12.130
12.780
13.420
14.060
14.700
15.340
15.980
16.620
17.260
17.900
18.540
19.180
19.820
20.460
21.100
21.740
22.380
23.010
23.660
24.300
24.940
25.580
26.220
26.860
27.500
28.140
28.770
29.420
30.050
30.700
31.340
31.980
32.620
33.260
33.900
34.530
35.170
35.820
36.460
37.090
37.730
38.380
39.020
39.660
40.300
40.940
41.580
42.220
42.860
43.500
44.140
44.780
45.420
46.060
46.710
47.330
47.970
48.610
49.250
49.890
50.540
51.170
51.820
52.450
53.100
53.740
54.380
55.010
55.660
56.300
56.940
57.580
58.220
58.850
59.480
60.120
