0.270
0.600
0.930
1.260
1.590
1.920
2.240
2.580
2.900
3.240
3.560
3.890
4.230
4.560
4.880
5.210
5.540
5.870
6.200
6.530
6.860
7.190
7.520
7.850
8.180
8.510
8.840
9.170
9.500
9.830
10.150
10.490
10.820
11.140
11.470
11.810
12.130
12.460
12.790
13.130
13.450
13.780
14.110
14.440
14.770
15.100
15.430
15.760
16.090
16.420
16.750
17.080
17.410
17.740
18.070
18.400
18.730
19.060
19.390
19.720
20.050
20.370
20.700
21.040
21.370
21.690
22.020
22.360
22.690
23.010
23.340
23.670
24.010
24.340
24.660
24.990
25.320
25.650
25.980
26.320
26.640
26.970
27.300
27.630
27.960
28.290
28.620
28.950
29.280
29.610
29.940
