0.150
0.860
1.590
2.340
3.070
3.800
4.530
5.260
5.990
6.760
7.530
8.270
9.040
9.790
10.530
11.310
12.120
12.950
13.720
14.450
15.200
15.960
16.710
17.450
18.220
18.930
19.670
20.430
21.190
21.950
22.680
23.360
24.030
24.680
25.410
26.130
26.880
27.610
28.340
29.060
29.770
30.510
31.240
31.970
32.710
33.440
34.180
34.850
35.560
36.240
36.940
37.720
38.430
39.180
39.940
40.640
41.420
42.120
42.870
43.620
44.340
45.080
45.810
46.560
47.340
48.070
48.830
49.580
50.300
51.040
51.770
52.520
53.280
54.010
54.770
55.550
56.350
57.120
57.860
58.620
59.380
