0.530
1.260
1.990
2.680
3.400
4.100
4.810
5.500
6.230
6.930
7.650
8.340
9.060
9.770
10.470
11.170
11.920
12.640
13.350
14.040
14.770
15.480
16.190
16.890
17.630
18.350
19.070
19.770
20.490
21.190
21.900
22.600
23.340
24.050
24.760
25.460
26.180
26.880
27.590
28.300
29.030
29.720
30.420
31.110
31.810
32.520
33.200
33.900
34.630
35.330
36.040
36.740
37.470
38.180
38.890
39.590
40.320
41.030
41.740
42.450
43.150
43.870
44.570
45.270
46.030
46.730
47.460
48.150
48.880
49.590
50.310
51.020
51.760
52.470
53.180
53.880
54.600
55.300
56.010
56.720
57.460
58.170
58.900
59.620
