0.200
0.580
0.960
1.330
1.710
2.100
2.480
2.850
3.240
3.610
4.000
4.370
4.760
5.140
5.510
5.890
6.280
6.650
7.040
7.400
7.790
8.170
8.550
8.920
9.320
9.690
10.070
10.440
10.830
11.210
11.580
11.960
12.350
12.720
13.110
13.480
13.860
14.250
14.620
14.990
15.390
15.760
16.140
16.510
16.910
17.290
17.660
18.030
18.430
18.800
19.180
19.550
19.940
20.320
20.700
21.070
21.470
21.840
22.220
22.580
22.970
23.360
23.730
24.100
24.500
24.870
25.250
25.620
26.000
26.390
26.770
27.140
27.540
27.910
28.290
28.660
29.050
29.440
29.810
