0.550
1.240
1.940
2.630
3.340
4.030
4.720
5.410
6.100
6.800
7.490
8.220
8.930
9.630
10.350
11.040
11.760
12.460
13.160
13.880
14.580
15.290
15.990
16.700
17.390
18.090
18.780
19.480
20.180
20.880
21.580
22.280
22.980
23.670
24.360
25.070
25.770
26.470
27.170
27.880
28.590
29.290
29.980
30.740
31.460
32.250
33.010
33.750
34.460
35.170
35.880
36.600
37.310
38.030
38.740
39.460
40.170
40.870
41.560
42.280
42.980
43.670
44.370
45.060
45.760
46.460
47.150
47.850
48.550
49.250
49.950
50.690
51.390
52.100
52.810
53.530
54.240
54.930
55.650
56.380
57.090
57.820
58.520
59.220
59.900
