0.210
0.550
0.910
1.240
1.580
1.940
2.280
2.630
2.970
3.310
3.650
4.000
4.340
4.690
5.030
5.370
5.720
6.070
6.410
6.770
7.100
7.460
7.790
8.140
8.490
8.830
9.170
9.520
9.860
10.220
10.560
10.900
11.250
11.600
11.940
12.280
12.620
12.970
13.310
13.660
14.010
14.350
14.690
15.040
15.380
15.730
16.070
16.420
16.760
17.110
17.460
17.800
18.140
18.490
18.830
19.170
19.520
19.860
20.200
20.550
20.900
21.240
21.590
21.940
22.280
22.630
22.970
23.320
23.660
24.000
24.350
24.690
25.030
25.380
25.720
26.070
26.420
26.760
27.100
27.440
27.790
28.140
28.490
28.830
29.180
29.520
29.870
