0.310
0.890
1.460
2.010
2.570
3.130
3.690
4.240
4.790
5.350
5.920
6.470
7.020
7.590
8.130
8.690
9.250
9.810
10.360
10.930
11.460
12.040
12.600
13.150
13.710
14.270
14.840
15.380
15.940
16.500
17.060
17.610
18.160
18.720
19.280
19.830
20.390
20.960
21.510
22.060
22.610
23.180
23.740
24.290
24.840
25.400
25.960
26.520
27.070
27.620
28.190
28.740
29.300
29.860
30.420
30.980
31.530
32.090
32.650
33.200
33.760
34.320
34.870
35.430
35.990
36.530
37.090
37.650
38.200
38.770
39.330
39.890
40.430
40.990
41.560
42.110
42.660
43.230
43.780
44.340
44.890
45.450
46.010
46.560
47.110
47.680
48.240
48.790
49.340
49.910
50.460
51.020
51.570
52.130
52.690
53.250
53.810
54.360
54.920
55.480
56.030
56.590
57.150
57.710
58.260
58.810
59.380
59.940
