0.230
0.880
1.530
2.180
2.820
3.460
4.110
4.760
5.400
6.040
6.690
7.330
7.980
8.640
9.270
9.920
10.560
11.210
11.850
12.490
13.150
13.800
14.430
15.080
15.720
16.370
17.010
17.650
18.300
18.950
19.590
20.230
20.880
21.550
22.180
22.810
23.460
24.110
24.750
25.400
26.040
26.670
27.340
27.970
28.630
29.260
29.910
30.550
31.190
31.850
32.500
33.130
33.790
34.430
35.080
35.710
36.370
37.020
37.660
38.280
38.950
39.600
40.220
40.880
41.530
42.170
42.820
43.450
44.110
44.750
45.400
46.020
46.670
47.330
47.970
48.610
49.250
49.910
50.550
51.190
51.840
52.500
53.130
53.760
54.400
55.060
55.710
56.350
57.010
57.670
58.310
58.930
59.580
