0.560
1.140
1.730
2.300
2.880
3.440
4.020
4.590
5.160
5.730
6.320
6.890
7.470
8.030
8.610
9.180
9.760
10.340
10.900
11.510
12.090
12.650
13.240
13.810
14.380
14.960
15.540
16.110
16.680
17.250
17.840
18.410
18.980
19.550
20.130
20.710
21.280
21.860
22.440
23.010
23.570
24.160
24.580
25.000
25.440
25.880
26.330
26.760
27.220
27.780
28.360
28.940
29.520
30.080
30.670
31.250
31.830
32.400
32.980
33.560
34.120
34.710
35.280
35.850
36.440
37.010
37.590
38.160
38.730
39.310
39.890
40.460
41.040
41.600
42.180
42.760
43.330
43.910
44.490
45.070
45.640
46.200
46.790
47.350
47.920
48.480
49.070
49.650
50.230
50.810
51.370
51.960
52.520
53.090
53.670
54.230
54.810
55.370
55.940
56.530
57.110
57.680
58.260
58.820
59.400
59.970
