0.470
1.090
1.710
2.330
2.960
3.580
4.190
4.810
5.440
6.070
6.670
7.310
7.930
8.550
9.170
9.790
10.410
11.040
11.650
12.270
12.890
13.520
14.130
14.750
15.380
16.010
16.620
17.250
17.870
18.490
19.110
19.720
20.350
20.980
21.590
22.230
22.840
23.460
24.080
24.690
25.320
25.940
26.570
27.180
27.810
28.430
29.040
29.670
30.280
30.920
31.540
32.140
32.780
33.390
34.010
34.640
35.260
35.880
36.500
37.130
37.740
38.370
38.980
39.600
40.220
40.850
41.460
42.090
42.700
43.330
43.940
44.570
45.200
45.820
46.430
47.060
47.680
48.310
48.930
49.560
50.170
50.790
51.390
52.010
52.630
53.260
53.880
54.490
55.130
55.760
56.380
57.000
57.610
58.240
58.860
59.470
