0.460
0.980
1.460
1.980
2.480
2.980
3.460
3.980
4.460
4.980
5.460
5.970
6.470
6.980
7.460
7.980
8.460
8.980
9.460
9.980
10.470
10.980
11.460
11.970
12.460
12.980
13.460
13.970
14.470
14.980
15.460
15.970
16.460
16.980
17.460
17.980
18.470
18.980
19.460
19.980
20.460
20.980
21.460
21.970
22.470
22.980
23.460
23.980
24.470
24.990
25.480
25.990
26.470
26.990
27.460
27.980
28.460
28.970
29.460
29.960
30.460
30.980
31.460
31.980
32.460
32.980
33.460
33.960
34.460
34.980
35.460
35.970
36.460
36.970
37.460
37.960
38.460
38.980
39.460
39.980
40.460
40.980
41.460
41.960
42.460
42.980
43.460
43.970
44.460
44.970
45.460
45.960
46.460
46.970
47.460
47.980
48.460
48.950
49.460
49.960
50.460
50.980
51.460
51.970
52.460
52.980
53.460
53.960
54.460
54.980
55.460
55.970
56.460
56.980
57.460
57.960
58.460
58.980
59.470
59.980
