0.230
0.870
1.500
2.140
2.770
3.400
4.050
4.680
5.310
5.950
6.590
7.230
7.870
8.500
9.130
9.770
10.400
11.040
11.670
12.310
12.950
13.590
14.220
14.850
15.490
16.130
16.760
17.410
18.040
18.670
19.310
19.950
20.580
21.210
21.850
22.480
23.140
23.760
24.350
24.910
25.510
26.140
26.790
27.410
28.050
28.680
29.330
29.960
30.600
31.240
31.880
32.500
33.140
33.770
34.410
35.030
35.670
36.310
36.950
37.590
38.230
38.860
39.490
40.130
40.760
41.410
42.050
42.680
43.310
43.950
44.590
45.220
45.860
46.490
47.130
47.760
48.400
49.030
49.660
50.300
50.940
51.580
52.210
52.850
53.490
54.120
54.760
55.400
56.030
56.670
57.310
57.940
58.580
59.210
59.850
