0.010
0.430
0.820
1.220
1.620
2.010
2.420
2.810
3.210
3.610
4.000
4.400
4.800
5.200
5.590
5.990
6.390
6.780
7.180
7.580
7.970
8.370
8.770
9.170
9.560
9.950
10.350
10.740
11.150
11.540
11.940
12.350
12.740
13.130
13.520
13.920
14.320
14.710
15.130
15.530
15.920
16.320
16.720
17.100
17.500
17.890
18.290
18.680
19.100
19.480
19.900
20.270
20.680
21.070
21.470
21.870
22.280
22.670
23.070
23.460
23.860
24.250
24.650
25.040
25.460
25.850
26.250
26.630
27.040
27.440
27.820
28.240
28.630
29.030
29.440
29.830
