0.680
1.370
2.070
2.780
3.490
4.200
4.900
5.620
6.330
7.040
7.750
8.470
9.180
9.890
10.590
11.300
12.010
12.710
13.420
14.130
14.840
15.550
16.250
16.940
17.650
18.360
19.070
19.780
20.500
21.200
21.900
22.600
23.320
24.020
24.720
25.430
26.150
26.850
27.570
28.280
28.990
29.690
30.400
31.120
31.830
32.550
33.260
33.960
34.680
35.380
36.080
36.790
37.500
38.210
39.100
39.980
40.670
41.380
42.090
42.810
43.520
44.230
44.940
45.650
46.370
47.070
47.780
48.490
49.200
49.910
50.600
51.300
52.010
52.720
53.430
54.130
54.840
55.560
56.270
56.980
57.680
58.380
59.090
59.820
