0.270
0.640
1.020
1.410
1.790
2.180
2.560
2.950
3.330
3.720
4.100
4.490
4.870
5.250
5.640
6.020
6.410
6.790
7.180
7.560
7.950
8.330
8.720
9.100
9.480
9.870
10.250
10.640
11.020
11.400
11.790
12.170
12.560
12.940
13.330
13.720
14.100
14.480
14.870
15.250
15.640
16.020
16.410
16.790
17.180
17.570
17.960
18.350
18.710
19.090
19.480
19.870
20.250
20.630
21.020
21.410
21.790
22.170
22.550
22.940
23.330
23.710
24.090
24.480
24.860
25.250
25.640
26.020
26.400
26.790
27.170
27.560
27.940
28.320
28.710
29.090
29.480
29.860
30.250
30.630
31.010
31.400
31.780
32.170
32.550
32.930
33.320
33.710
34.090
34.470
34.860
35.250
35.630
36.010
36.400
36.780
37.170
37.550
37.940
38.320
38.700
39.090
39.470
39.860
40.240
40.630
41.010
41.400
41.780
42.160
42.550
42.930
43.320
43.700
44.090
44.480
44.860
45.240
45.630
46.010
46.390
46.780
47.160
47.550
47.930
48.320
48.700
49.090
49.470
49.860
50.240
50.620
51.010
51.390
51.780
52.160
52.550
52.930
53.310
53.700
54.080
54.470
54.850
55.240
55.620
56.010
56.390
56.780
57.160
57.540
57.930
58.310
58.700
59.080
59.470
59.850
