0.220
1.060
1.900
2.680
3.510
4.330
5.150
6.010
6.850
7.690
8.490
9.310
10.130
10.940
11.750
12.590
13.390
14.200
15.000
15.800
16.610
17.420
18.220
19.040
19.840
20.640
21.420
22.230
23.010
23.820
24.620
25.420
26.210
27.000
27.810
28.600
29.380
30.180
30.980
31.800
32.600
33.390
34.190
34.990
35.750
36.540
37.330
38.120
38.910
39.690
40.470
41.250
42.040
42.820
43.620
44.420
45.180
45.960
46.750
47.520
48.380
49.210
50.040
50.870
51.660
52.470
53.280
54.070
54.880
55.700
56.460
57.300
58.130
58.950
59.760
