0.000
0.420
0.800
1.210
1.610
2.010
2.410
2.810
3.210
3.610
4.010
4.410
4.810
5.210
5.620
6.010
6.420
6.820
7.210
7.620
8.010
8.400
8.810
9.210
9.610
10.010
10.410
10.810
11.210
11.610
12.010
12.410
12.810
13.210
13.610
14.020
14.410
14.810
15.210
15.610
16.010
16.420
16.810
17.220
17.610
18.020
18.410
18.810
19.210
19.610
20.010
20.410
20.820
21.200
21.620
22.010
22.420
22.810
23.200
23.610
24.010
24.410
24.810
25.200
25.610
26.020
26.410
26.810
27.210
27.610
28.020
28.410
28.810
29.210
29.600
30.020
30.410
30.800
31.200
31.610
32.010
32.400
32.810
33.220
33.610
34.010
34.420
34.810
35.210
35.600
36.000
36.410
36.810
37.210
37.620
38.010
38.410
38.810
39.210
39.610
40.010
40.410
40.820
41.210
41.610
42.020
42.410
42.800
43.210
43.610
44.020
44.420
44.810
45.220
45.610
46.000
46.410
46.810
47.210
47.610
48.010
48.410
48.810
49.210
49.610
50.010
50.410
50.810
51.210
51.610
52.000
52.410
52.810
53.210
53.600
54.010
54.410
54.820
55.200
55.610
56.010
56.410
56.820
57.210
57.610
58.010
58.410
58.810
59.210
59.610
60.020
