0.210
0.690
1.180
1.670
2.150
2.640
3.120
3.610
4.090
4.570
5.060
5.550
6.050
6.550
7.020
7.520
8.020
8.520
9.010
9.510
10.000
10.500
10.990
11.490
12.020
12.510
13.000
13.490
14.000
14.480
14.980
15.480
15.960
16.440
16.920
17.400
17.880
18.380
18.870
19.350
19.830
20.310
20.800
21.280
21.780
22.270
22.760
23.240
23.730
24.210
24.690
25.180
25.660
26.150
26.630
27.120
27.590
28.080
28.560
29.030
29.520
30.000
30.480
30.960
31.440
31.920
32.380
32.870
33.330
33.810
34.290
34.800
35.280
35.760
36.230
36.710
37.190
37.670
38.140
38.620
39.100
39.580
40.060
40.540
41.030
41.510
41.990
42.470
42.960
43.450
43.910
44.410
44.910
45.420
45.910
46.410
46.910
47.410
47.890
48.410
48.900
49.400
49.910
50.410
50.900
51.400
51.890
52.390
52.880
53.370
53.870
54.370
54.860
55.350
55.840
56.340
56.830
57.340
57.850
58.350
58.850
59.320
59.800
