0.620
1.320
2.010
2.700
3.400
4.090
4.810
5.470
6.180
6.870
7.580
8.270
8.970
9.660
10.370
11.060
11.760
12.450
13.160
13.850
14.540
15.230
15.940
16.620
17.320
18.020
18.730
19.410
20.110
20.810
21.510
22.200
22.900
23.580
24.300
24.970
25.680
26.370
27.080
27.770
28.460
29.160
29.860
30.540
31.250
31.930
32.650
33.340
34.030
34.730
35.440
36.120
36.810
37.510
38.220
38.900
39.600
40.300
41.000
41.690
42.380
43.080
43.790
44.470
45.160
45.870
46.580
47.260
47.950
48.650
49.360
50.030
50.720
51.430
52.140
52.820
53.520
54.220
54.930
55.610
56.300
57.000
57.700
58.390
59.100
59.790
