0.000
0.340
0.670
1.020
1.360
1.700
2.040
2.380
2.710
3.050
3.390
3.730
4.070
4.420
4.750
5.090
5.430
5.770
6.100
6.440
6.770
7.110
7.450
7.790
8.130
8.470
8.810
9.150
9.480
9.830
10.170
10.510
10.850
11.190
11.520
11.860
12.200
12.550
12.880
13.230
13.560
13.900
14.240
14.580
14.920
15.260
15.600
15.940
16.280
16.620
16.950
17.290
17.630
17.970
18.300
18.640
18.980
19.310
19.650
19.980
20.310
20.650
20.980
21.320
21.650
21.990
22.320
22.650
22.980
23.310
23.650
23.980
24.320
24.650
24.990
25.320
25.650
25.990
26.320
26.650
26.990
27.320
27.650
27.990
28.320
28.650
28.980
29.310
29.650
29.970
