0.120
0.450
0.790
1.120
1.450
1.780
2.120
2.450
2.780
3.110
3.450
3.790
4.110
4.450
4.780
5.120
5.450
5.780
6.120
6.450
6.780
7.120
7.450
7.790
8.120
8.450
8.790
9.120
9.450
9.780
10.120
10.450
10.780
11.110
11.450
11.780
12.120
12.450
12.790
13.120
13.450
13.780
14.120
14.450
14.780
15.110
15.450
15.780
16.110
16.450
16.780
17.120
17.450
17.780
18.120
18.450
18.780
19.120
19.450
19.780
20.120
20.450
20.790
21.120
21.450
21.780
22.120
22.450
22.780
23.110
23.450
23.780
24.120
24.450
24.780
25.120
25.450
25.780
26.120
26.450
26.780
27.120
27.450
27.790
28.120
28.450
28.790
29.120
29.450
29.780
30.120
30.450
30.780
31.120
31.450
31.780
32.120
32.450
32.790
33.120
33.450
33.790
34.120
34.450
34.790
35.120
35.450
35.780
36.110
36.440
36.780
37.110
37.450
37.780
38.120
38.450
38.790
39.120
39.450
39.780
40.120
40.450
40.790
41.120
41.450
41.780
42.120
42.450
42.780
43.120
43.450
43.790
44.120
44.450
44.790
45.120
45.450
45.790
46.120
46.450
46.790
47.120
47.450
47.780
48.120
48.450
48.790
49.120
49.450
49.780
50.120
50.450
50.790
51.120
51.450
51.780
52.120
52.450
52.780
53.120
53.450
53.790
54.120
54.450
54.780
55.120
55.450
55.790
56.120
56.450
56.780
57.120
57.450
57.790
58.120
58.460
58.790
59.120
59.450
59.790
60.120
