0.240
0.890
1.520
2.170
2.820
3.460
4.110
4.750
5.400
6.040
6.690
7.320
7.970
8.640
9.270
9.920
10.560
11.210
11.850
12.480
13.130
13.800
14.430
15.070
15.720
16.370
17.010
17.640
18.300
18.950
19.580
20.220
20.880
21.540
22.170
22.810
23.460
24.110
24.750
25.390
26.040
26.680
27.330
27.970
28.620
29.270
29.910
30.550
31.200
31.850
32.490
33.130
33.780
34.420
35.080
35.720
36.370
37.010
37.650
38.290
38.950
39.590
40.220
40.870
41.530
42.170
42.820
43.450
44.110
44.750
45.390
46.030
46.670
47.330
47.980
48.630
49.250
49.910
50.550
51.190
51.840
52.500
53.130
53.770
54.400
55.060
55.710
56.360
57.010
57.670
58.310
58.930
59.580
