0.200
0.540
0.880
1.230
1.550
1.910
2.250
2.590
2.930
3.260
3.590
3.940
4.270
4.620
4.960
5.300
5.630
5.990
6.320
6.660
7.010
7.330
7.660
8.010
8.340
8.680
9.000
9.340
9.670
9.990
10.340
10.680
11.020
11.360
11.710
12.050
12.390
12.730
13.060
13.410
13.730
14.070
14.410
14.750
15.080
15.420
15.750
16.090
16.420
16.770
17.100
17.450
17.780
18.120
18.450
18.790
19.120
19.470
19.800
20.130
20.460
20.800
21.150
21.480
21.810
22.140
22.480
22.820
23.150
23.490
23.830
24.160
24.490
24.810
25.150
25.470
25.800
26.140
26.470
26.800
27.130
27.460
27.780
28.100
28.430
28.770
29.100
29.420
29.750
30.080
