0.150
0.500
0.850
1.210
1.560
1.910
2.280
2.630
2.990
3.340
3.690
4.030
4.390
4.720
5.070
5.430
5.770
6.120
6.480
6.840
7.190
7.550
7.910
8.280
8.640
8.990
9.360
9.710
10.060
10.420
10.770
11.130
11.490
11.850
12.210
12.560
12.920
13.280
13.630
13.990
14.350
14.700
15.040
15.410
15.750
16.110
16.460
16.820
17.170
17.540
17.900
18.250
18.610
18.970
19.320
19.690
20.040
20.400
20.750
21.120
21.460
21.820
22.190
22.540
22.900
23.270
23.620
23.990
24.350
24.710
25.070
25.420
25.770
26.120
26.470
26.820
27.170
27.510
27.860
28.200
28.550
28.900
29.260
29.610
29.960
30.310
30.660
31.010
31.360
31.710
32.060
32.420
32.770
33.120
33.480
33.830
34.190
34.530
34.890
35.240
35.600
35.950
36.310
36.660
37.020
37.370
37.730
38.080
38.430
38.780
39.130
39.470
39.820
40.170
40.530
40.880
41.240
41.590
41.950
42.300
42.660
43.010
43.370
43.720
44.080
44.440
44.790
45.140
45.500
45.850
46.210
46.560
46.920
47.280
47.630
47.980
48.340
48.680
49.040
49.400
49.760
50.110
50.460
50.810
51.170
51.520
51.880
52.230
52.600
52.960
53.320
53.670
54.020
54.370
54.720
55.080
55.430
55.780
56.130
56.480
56.830
57.180
57.540
57.880
58.230
58.580
58.940
59.280
59.640
59.980
