0.200
0.650
1.100
1.550
1.990
2.440
2.890
3.340
3.790
4.240
4.680
5.120
5.570
6.010
6.470
6.910
7.360
7.800
8.250
8.700
9.140
9.590
10.040
10.490
10.930
11.390
11.830
12.280
12.720
13.170
13.620
14.070
14.510
14.960
15.400
15.850
16.300
16.740
17.190
17.640
18.090
18.530
18.990
19.430
19.880
20.330
20.780
21.220
21.670
22.110
22.570
23.010
23.460
23.900
24.350
24.810
25.250
25.700
26.140
26.580
27.030
27.480
27.920
28.370
28.820
29.270
29.720
30.160
30.610
31.050
31.500
31.950
32.400
32.850
33.290
33.740
34.190
34.630
35.080
35.530
35.970
36.420
36.870
37.310
37.760
38.210
38.660
39.110
39.550
40.000
40.440
40.890
41.340
41.790
42.240
42.680
43.130
43.580
44.020
44.470
44.910
45.350
45.810
46.250
46.700
47.150
47.600
48.040
48.490
48.940
49.390
49.830
50.280
50.730
51.170
51.620
52.070
52.510
52.960
53.400
53.860
54.300
54.750
55.190
55.640
56.090
56.540
56.990
57.430
57.870
58.330
58.770
59.220
59.670
