0.150
0.480
0.820
1.160
1.490
1.830
2.160
2.500
2.840
3.180
3.510
3.860
4.200
4.530
4.870
5.210
5.550
5.880
6.210
6.560
6.900
7.230
7.570
7.910
8.230
8.560
8.880
9.190
9.520
9.870
10.210
10.540
10.880
11.220
11.560
11.900
12.240
12.580
12.900
13.240
13.580
13.910
14.250
14.580
14.920
15.250
15.580
15.920
16.260
16.600
16.920
17.250
17.600
17.940
18.270
18.610
18.950
19.290
19.620
19.950
20.290
20.630
20.970
21.300
21.630
21.970
22.310
22.650
22.980
23.320
23.660
23.990
24.320
24.670
25.000
25.350
25.680
26.030
26.370
26.700
27.030
27.370
27.710
28.040
28.370
28.710
29.050
29.390
29.720
30.080
