0.340
0.720
1.110
1.500
1.880
2.270
2.640
3.030
3.410
3.800
4.190
4.570
4.960
5.340
5.720
6.110
6.500
6.880
7.270
7.650
8.040
8.420
8.810
9.180
9.570
9.960
10.340
10.730
11.120
11.490
11.880
12.260
12.660
13.030
13.430
13.800
14.190
14.570
14.950
15.340
15.730
16.120
16.510
16.880
17.270
17.650
18.040
18.420
18.810
19.180
19.570
19.960
20.340
20.730
21.120
21.500
21.870
22.260
22.660
23.040
23.410
23.800
24.190
24.570
24.950
25.340
25.730
26.110
26.500
26.910
27.270
27.660
28.030
28.430
28.800
29.190
29.580
29.960
