0.530
1.240
1.920
2.610
3.290
3.990
4.670
5.370
6.050
6.740
7.440
8.140
8.810
9.500
10.190
10.890
11.570
12.260
12.950
13.650
14.330
15.030
15.700
16.410
17.080
17.780
18.470
19.170
19.850
20.540
21.220
21.930
22.610
23.290
23.980
24.680
25.360
26.070
26.740
27.440
28.120
28.810
29.510
30.200
30.880
31.570
32.260
32.960
33.640
34.310
35.020
35.720
36.400
37.090
37.780
38.480
39.150
39.850
40.540
41.240
41.910
42.610
43.290
43.990
44.670
45.370
46.060
46.750
47.430
48.110
48.810
49.510
50.190
50.870
51.570
52.270
52.950
53.640
54.330
55.030
55.710
56.420
57.090
57.790
58.460
59.160
59.840
