0.190
0.570
0.960
1.340
1.720
2.100
2.490
2.870
3.270
3.650
4.040
4.420
4.810
5.200
5.600
5.980
6.370
6.750
7.130
7.510
7.900
8.300
8.690
9.070
9.450
9.840
10.240
10.610
10.990
11.380
11.760
12.150
12.530
12.920
13.300
13.700
14.070
14.470
14.860
15.240
15.610
16.000
16.390
16.760
17.150
17.530
17.930
18.310
18.710
19.080
19.460
19.860
20.240
20.620
21.020
21.400
21.780
22.160
22.530
22.930
23.300
23.690
24.060
24.470
24.850
25.250
25.620
26.020
26.400
26.780
27.170
27.550
27.940
28.320
28.700
29.090
29.450
29.850
