0.510
1.150
1.790
2.420
3.070
3.710
4.360
5.000
5.650
6.290
6.930
7.570
8.220
8.860
9.500
10.140
10.790
11.430
12.070
12.690
13.340
13.980
14.630
15.270
15.910
16.550
17.200
17.840
18.480
19.120
19.760
20.390
21.050
21.680
22.350
22.980
23.630
24.250
24.910
25.550
26.190
26.840
27.490
28.120
28.770
29.400
30.040
30.690
31.320
31.970
32.610
33.250
33.890
34.530
35.190
35.830
36.470
37.110
37.750
38.390
39.030
39.670
40.310
40.950
41.610
42.240
42.880
43.530
44.160
44.810
45.450
46.090
46.740
47.380
48.030
48.660
49.310
49.950
50.580
51.230
51.880
52.520
53.170
53.800
54.450
55.080
55.730
56.370
57.010
57.650
58.310
58.930
59.580
