0.090
0.480
0.880
1.290
1.690
2.080
2.480
2.890
3.300
3.700
4.110
4.500
4.910
5.310
5.710
6.130
6.540
6.940
7.340
7.750
8.150
8.530
8.940
9.350
9.770
10.170
10.590
10.990
11.400
11.800
12.210
12.600
13.010
13.410
13.820
14.200
14.600
15.000
15.380
15.770
16.180
16.590
17.010
17.410
17.820
18.220
18.640
19.030
19.440
19.830
20.240
20.640
21.050
21.440
21.850
22.260
22.670
23.060
23.470
23.870
24.270
24.670
25.090
25.480
25.900
26.300
26.710
27.110
27.500
27.900
28.310
28.700
29.100
29.510
29.930
