0.270
0.670
1.070
1.480
1.880
2.280
2.670
3.080
3.470
3.880
4.280
4.680
5.090
5.480
5.880
6.280
6.670
7.080
7.480
7.880
8.280
8.680
9.070
9.480
9.870
10.280
10.680
11.080
11.470
11.880
12.270
12.680
13.070
13.480
13.880
14.280
14.680
15.080
15.470
15.880
16.280
16.670
17.090
17.490
17.870
18.290
18.690
19.090
19.480
19.870
20.270
20.670
21.070
21.480
21.870
22.270
22.690
23.080
23.480
23.880
24.270
24.680
25.080
25.470
25.880
26.280
26.680
27.090
27.480
27.880
28.270
28.680
29.080
29.490
29.890
