0.080
0.470
0.880
1.270
1.670
2.070
2.470
2.860
3.270
3.670
4.070
4.470
4.880
5.270
5.670
6.070
6.470
6.880
7.280
7.670
8.080
8.480
8.880
9.280
9.680
10.080
10.480
10.880
11.290
11.690
12.090
12.480
12.890
13.300
13.690
14.100
14.490
14.880
15.290
15.700
16.090
16.490
16.890
17.290
17.700
18.110
18.490
18.900
19.300
19.690
20.100
20.500
20.900
21.300
21.700
22.090
22.500
22.900
23.300
23.700
24.100
24.500
24.900
25.310
25.700
26.110
26.500
26.900
27.300
27.710
28.110
28.510
28.910
29.310
29.710
