0.160
0.920
1.660
2.420
3.180
3.940
4.680
5.440
6.170
6.950
7.690
8.430
9.170
9.920
10.670
11.420
12.140
12.890
13.690
14.430
15.180
15.920
16.670
17.430
18.160
18.910
19.700
20.430
21.180
21.940
22.680
23.410
24.170
24.930
25.680
26.450
27.160
27.920
28.680
29.430
30.170
30.930
31.700
32.450
33.180
33.930
34.680
35.420
36.180
36.930
37.680
38.430
39.180
39.930
40.670
41.430
42.170
42.930
43.680
44.430
45.180
45.930
46.680
47.430
48.180
48.930
49.680
50.430
51.170
51.930
52.680
53.430
54.180
54.930
55.680
56.430
57.180
57.930
58.680
59.430
