0.570
1.260
1.950
2.620
3.320
4.020
4.720
5.400
6.080
6.760
7.460
8.130
8.820
9.500
10.190
10.860
11.530
12.210
12.900
13.450
14.000
14.560
15.230
15.910
16.570
17.210
17.860
18.530
19.200
19.870
20.540
21.200
21.870
22.520
23.200
23.870
24.540
25.200
25.880
26.540
27.210
27.870
28.530
29.200
29.860
30.520
31.180
31.850
32.500
33.160
33.820
34.480
35.140
35.810
36.480
37.140
37.810
38.490
39.150
39.820
40.490
41.160
41.820
42.480
43.150
43.840
44.500
45.160
45.840
46.500
47.170
47.830
48.490
49.170
49.840
50.500
51.170
51.850
52.500
53.170
53.840
54.510
55.170
55.850
56.530
57.190
57.850
58.520
59.180
59.850
