0.310
0.690
1.050
1.430
1.810
2.190
2.560
2.930
3.300
3.690
4.060
4.440
4.810
5.190
5.560
5.930
6.310
6.690
7.050
7.450
7.810
8.190
8.580
8.940
9.310
9.690
10.060
10.440
10.820
11.200
11.560
11.940
12.320
12.690
13.050
13.430
13.810
14.190
14.550
14.930
15.300
15.690
16.050
16.440
16.800
17.190
17.560
17.940
18.310
18.690
19.060
19.440
19.810
20.190
20.560
20.930
21.310
21.690
22.060
22.440
22.810
23.190
23.560
23.930
24.300
24.690
25.060
25.440
25.810
26.190
26.560
26.930
27.310
27.690
28.060
28.440
28.800
29.190
29.560
29.930
30.300
30.690
31.060
31.440
31.800
32.190
32.560
32.930
33.300
33.690
34.060
34.440
34.810
35.190
35.560
35.930
36.310
36.670
37.050
37.430
37.800
38.180
38.550
38.930
39.300
39.680
40.050
40.440
40.810
41.190
41.560
41.940
42.310
42.690
43.050
43.440
43.800
44.190
44.560
44.930
45.310
45.690
46.060
46.430
46.800
47.190
47.560
47.930
48.310
48.680
49.060
49.440
49.800
50.190
50.560
50.930
51.300
51.690
52.050
52.440
52.800
53.180
53.560
53.930
54.300
54.690
55.050
55.430
55.800
56.180
56.550
56.930
57.300
57.690
58.060
58.430
58.800
59.180
59.560
59.930
