0.440
0.950
1.470
1.980
2.490
3.000
3.520
4.030
4.540
5.050
5.570
6.080
6.590
7.100
7.620
8.130
8.640
9.160
9.670
10.180
10.700
11.210
11.720
12.230
12.750
13.260
13.770
14.290
14.800
15.310
15.820
16.340
16.850
17.360
17.880
18.390
18.900
19.410
19.930
20.440
20.950
21.460
21.980
22.490
23.000
23.510
24.030
24.540
25.060
25.570
26.060
26.590
27.090
27.620
28.130
28.640
29.160
29.670
30.180
30.690
31.210
31.720
32.240
32.750
33.260
33.770
34.290
34.800
35.310
35.820
36.340
36.850
37.360
37.870
38.390
38.900
39.410
39.930
40.440
40.950
41.470
41.980
42.490
43.000
43.520
44.030
44.540
45.050
45.570
46.080
46.590
47.110
47.620
48.130
48.650
49.160
49.670
50.180
50.700
51.210
51.720
52.230
52.750
53.260
53.770
54.280
54.800
55.310
55.820
56.340
56.850
57.360
57.880
58.390
58.900
59.410
59.930
