0.170
0.620
1.070
1.510
1.960
2.410
2.860
3.300
3.750
4.200
4.650
5.090
5.540
5.990
6.440
6.880
7.340
7.780
8.230
8.680
9.120
9.580
10.020
10.470
10.920
11.360
11.810
12.260
12.710
13.160
13.600
14.050
14.500
14.950
15.400
15.840
16.290
16.740
17.190
17.630
18.080
18.530
18.980
19.420
19.870
20.320
20.770
21.210
21.660
22.110
22.560
23.010
23.450
23.900
24.350
24.790
25.250
25.700
26.160
26.610
27.040
27.510
27.960
28.390
28.840
29.310
29.740
30.190
30.660
31.100
31.520
31.970
32.400
32.850
33.300
33.740
34.160
34.620
35.040
35.510
35.960
36.390
36.860
37.300
37.760
38.210
38.660
39.100
39.560
40.010
40.460
40.900
41.350
41.800
42.240
42.690
43.140
43.590
44.040
44.480
44.930
45.380
45.830
46.270
46.720
47.170
47.620
48.060
48.510
48.960
49.410
49.850
50.300
50.750
51.200
51.650
52.090
52.540
52.990
53.430
53.880
54.330
54.780
55.230
55.680
56.130
56.570
57.020
57.470
57.910
58.360
58.810
59.260
59.710
