0.400
0.870
1.380
1.860
2.360
2.860
3.350
3.830
4.290
4.770
5.260
5.730
6.220
6.710
7.180
7.670
8.150
8.640
9.130
9.610
10.090
10.590
11.070
11.570
12.060
12.550
13.060
13.550
14.020
14.510
14.990
15.470
15.950
16.440
16.920
17.410
17.890
18.390
18.870
19.340
19.810
20.280
20.760
21.230
21.700
22.170
22.640
23.140
23.620
24.110
24.590
25.080
25.550
26.030
26.510
26.990
27.470
27.960
28.440
28.930
29.400
29.890
30.360
30.850
31.330
31.820
32.300
32.790
33.280
33.770
34.260
34.740
35.220
35.700
36.190
36.660
37.140
37.620
38.090
38.570
39.050
39.550
40.030
40.510
40.980
41.470
41.950
42.450
42.960
43.470
43.970
44.460
44.930
45.410
45.890
46.350
46.810
47.280
47.740
48.200
48.660
49.130
49.580
50.030
50.500
50.970
51.460
51.930
52.410
52.900
53.370
53.850
54.330
54.800
55.280
55.760
56.240
56.710
57.180
57.650
58.140
58.620
59.090
59.580
60.090
