0.160
0.500
0.860
1.200
1.560
1.910
2.260
2.610
2.970
3.320
3.670
4.020
4.360
4.710
5.080
5.430
5.780
6.130
6.500
6.840
7.200
7.550
7.910
8.260
8.620
8.970
9.320
9.670
10.030
10.380
10.730
11.090
11.430
11.790
12.140
12.500
12.850
13.200
13.560
13.910
14.260
14.610
14.960
15.320
15.670
16.030
16.380
16.720
17.070
17.430
17.780
18.130
18.480
18.840
19.200
19.560
19.910
20.260
20.620
20.960
21.320
21.680
22.030
22.380
22.730
23.090
23.440
23.790
24.140
24.490
24.850
25.200
25.560
25.910
26.270
26.620
26.970
27.320
27.670
28.020
28.370
28.720
29.070
29.430
29.780
