0.570
1.290
1.990
2.680
3.370
4.080
4.780
5.480
6.170
6.890
7.570
8.270
8.960
9.670
10.370
11.080
11.790
12.480
13.180
13.870
14.560
15.270
15.960
16.670
17.360
18.060
18.750
19.450
20.140
20.840
21.540
22.230
22.940
23.640
24.340
25.030
25.740
26.410
27.070
27.740
28.430
29.140
29.830
30.530
31.230
31.930
32.620
33.310
34.010
34.730
35.420
36.120
36.810
37.500
38.210
38.910
39.600
40.300
41.010
41.710
42.390
43.100
43.790
44.490
45.180
45.880
46.570
47.260
47.960
48.640
49.370
50.110
50.820
51.520
52.220
52.920
53.600
54.300
55.000
55.680
56.380
57.090
57.790
58.500
59.200
59.900
