0.430
1.110
1.780
2.440
3.120
3.800
4.460
5.140
5.810
6.500
7.170
7.850
8.530
9.210
9.870
10.550
11.230
11.880
12.570
13.240
13.900
14.580
15.250
15.940
16.620
17.300
17.960
18.630
19.290
19.970
20.640
21.310
22.000
22.670
23.350
24.020
24.680
25.350
26.020
26.700
27.360
28.030
28.720
29.400
30.060
30.750
31.420
32.100
32.770
33.450
34.120
34.790
35.450
36.130
36.800
37.470
38.140
38.810
39.490
40.180
40.840
41.520
42.190
42.870
43.550
44.220
44.900
45.570
46.240
46.910
47.580
48.260
48.920
49.600
50.280
50.960
51.630
52.310
52.970
53.640
54.320
55.010
55.670
56.340
57.010
57.690
58.350
59.020
59.710
