0.000
0.360
0.720
1.080
1.440
1.800
2.160
2.530
2.880
3.240
3.590
3.950
4.320
4.660
5.010
5.360
5.720
6.070
6.430
6.780
7.150
7.500
7.870
8.230
8.590
8.950
9.290
9.660
10.020
10.380
10.730
11.090
11.460
11.820
12.170
12.530
12.900
13.270
13.620
13.970
14.330
14.700
15.070
15.410
15.780
16.140
16.510
16.870
17.230
17.600
17.960
18.330
18.690
19.060
19.420
19.780
20.130
20.500
20.870
21.230
21.590
21.980
22.330
22.700
23.090
23.440
23.810
24.180
24.550
24.920
25.300
25.660
26.050
26.400
26.790
27.150
27.530
27.900
28.250
28.610
28.950
29.300
29.650
30.010
