0.310
1.080
1.880
2.640
3.430
4.200
4.990
5.760
6.540
7.320
8.100
8.860
9.670
10.440
11.220
12.000
12.780
13.550
14.340
15.110
15.890
16.670
17.450
18.230
19.010
19.780
20.570
21.330
22.130
22.900
23.690
24.470
25.240
26.010
26.680
27.410
28.150
28.950
29.710
30.490
31.290
32.070
32.830
33.600
34.390
35.170
35.950
36.700
37.500
38.300
39.060
39.840
40.620
41.420
42.180
42.960
43.760
44.520
45.290
46.070
46.860
47.630
48.410
49.270
50.180
50.940
51.740
52.510
53.300
54.070
54.860
55.630
56.420
57.190
57.970
58.740
59.530
