0.190
0.650
1.110
1.570
2.020
2.460
2.930
3.390
3.840
4.310
4.770
5.220
5.670
6.130
6.590
7.040
7.490
7.960
8.410
8.850
9.300
9.750
10.220
10.670
11.140
11.600
12.060
12.520
12.960
13.430
13.880
14.340
14.800
15.260
15.730
16.190
16.660
17.110
17.580
18.030
18.480
18.940
19.410
19.860
20.320
20.770
21.230
21.670
22.130
22.590
23.040
23.490
23.930
24.390
24.840
25.280
25.740
26.200
26.670
27.120
27.570
28.030
28.500
28.960
29.430
29.890
30.370
30.820
31.310
31.780
32.240
32.700
33.160
33.620
34.070
34.530
34.980
35.450
35.920
36.380
36.830
37.280
37.750
38.210
38.660
39.130
39.590
40.060
40.500
40.960
41.430
41.890
42.330
42.790
43.250
43.700
44.140
44.590
45.040
45.480
45.910
46.360
46.820
47.270
47.720
48.180
48.630
49.080
49.520
49.980
50.440
50.910
51.360
51.820
52.290
52.750
53.200
53.650
54.120
54.580
55.030
55.480
55.940
56.400
56.840
57.300
57.750
58.210
58.660
59.110
59.580
60.030
