0.200
0.800
1.370
1.940
2.520
3.110
3.690
4.250
4.830
5.430
6.000
6.560
7.150
7.740
8.310
8.890
9.480
10.070
10.630
11.200
11.760
12.370
12.950
13.520
14.130
14.700
15.270
15.830
16.410
16.990
17.590
18.170
18.750
19.330
19.920
20.480
21.050
21.640
22.240
22.820
23.380
23.950
24.520
25.100
25.670
26.250
26.820
27.420
27.990
28.570
29.150
29.750
30.310
30.880
31.470
32.050
32.640
33.220
33.800
34.370
34.950
35.530
36.100
36.680
37.270
37.840
38.420
38.980
39.550
40.120
40.710
41.310
41.900
42.500
43.080
43.620
44.210
44.770
45.380
45.960
46.550
47.130
47.720
48.280
48.860
49.420
50.010
50.610
51.190
51.740
52.340
52.940
53.520
54.080
54.650
55.240
55.830
56.420
56.980
57.560
58.130
58.710
59.270
59.860
