0.380
0.830
1.280
1.730
2.190
2.640
3.100
3.560
4.010
4.470
4.920
5.370
5.820
6.270
6.710
7.170
7.630
8.080
8.540
8.980
9.440
9.890
10.340
10.790
11.260
11.710
12.160
12.610
13.070
13.510
13.960
14.400
14.860
15.300
15.770
16.210
16.660
17.120
17.560
18.010
18.470
18.910
19.370
19.810
20.270
20.720
21.170
21.610
22.070
22.520
22.960
23.420
23.870
24.310
24.760
25.200
25.660
26.110
26.560
27.010
27.460
27.910
28.370
28.820
29.280
29.730
30.180
30.630
31.090
31.530
31.970
32.430
32.880
33.340
33.790
34.240
34.700
35.150
35.590
36.050
36.510
36.960
37.420
37.870
38.330
38.790
39.230
39.690
40.150
40.600
41.060
41.520
41.970
42.430
42.860
43.310
43.760
44.220
44.660
45.110
45.550
46.000
46.450
46.900
47.360
47.810
48.250
48.700
49.140
49.590
50.020
50.460
50.920
51.370
51.820
52.260
52.720
53.180
53.640
54.090
54.550
55.020
55.470
55.930
56.390
56.840
57.290
57.740
58.190
58.640
59.090
59.540
59.980
