0.120
0.860
1.690
2.510
3.310
4.100
4.930
5.740
6.560
7.380
8.190
9.010
9.830
10.650
11.470
12.280
13.100
13.920
14.730
15.540
16.350
17.160
17.970
18.810
19.640
20.470
21.280
22.080
22.860
23.680
24.480
25.290
26.120
26.930
27.740
28.560
29.380
30.190
31.000
31.790
32.620
33.440
34.240
35.020
35.840
36.670
37.500
38.320
39.140
39.970
40.800
41.630
42.460
43.290
44.110
44.940
45.760
46.580
47.410
48.220
49.040
49.850
50.670
51.480
52.310
53.130
53.940
54.770
55.590
56.400
57.220
58.030
58.840
59.650
