0.230
0.970
1.720
2.460
3.200
3.940
4.680
5.420
6.160
6.900
7.640
8.380
9.130
9.860
10.610
11.350
12.090
12.830
13.570
14.310
15.050
15.790
16.540
17.270
18.020
18.760
19.500
20.240
20.990
21.720
22.460
23.200
23.940
24.680
25.430
26.160
26.910
27.650
28.390
29.130
29.880
30.610
31.360
32.090
32.840
33.570
34.320
35.060
35.800
36.540
37.280
38.020
38.760
39.500
40.270
41.000
41.730
42.470
43.210
43.950
44.690
45.430
46.170
46.910
47.650
48.390
49.140
49.870
50.620
51.350
52.100
52.840
53.580
54.320
55.060
55.800
56.550
57.290
58.030
58.760
59.510
