0.130
0.460
0.790
1.120
1.450
1.780
2.110
2.440
2.760
3.090
3.430
3.760
4.090
4.420
4.750
5.070
5.410
5.730
6.070
6.400
6.730
7.050
7.390
7.710
8.050
8.370
8.700
9.030
9.360
9.680
10.010
10.350
10.690
11.010
11.350
11.670
12.000
12.330
12.660
12.990
13.320
13.650
13.980
14.310
14.640
14.970
15.300
15.620
15.960
16.290
16.620
16.950
17.280
17.600
17.930
18.260
18.590
18.920
19.260
19.580
19.910
20.240
20.570
20.900
21.230
21.560
21.890
22.230
22.550
22.880
23.210
23.530
23.870
24.200
24.530
24.850
25.190
25.530
25.850
26.170
26.510
26.840
27.170
27.500
27.830
28.160
28.490
28.820
29.150
29.480
29.810
30.130
