0.120
0.620
1.140
1.650
2.170
2.660
3.180
3.730
4.260
4.780
5.310
5.830
6.350
6.870
7.390
7.900
8.410
8.940
9.440
9.950
10.460
10.970
11.500
12.050
12.570
13.090
13.610
14.130
14.650
15.170
15.690
16.210
16.720
17.250
17.770
18.300
18.810
19.320
19.850
20.370
20.880
21.410
21.920
22.440
22.960
23.480
23.990
24.500
25.030
25.550
26.070
26.590
27.120
27.630
28.160
28.670
29.180
29.720
30.240
30.760
31.260
31.790
32.310
32.830
33.360
33.870
34.390
34.910
35.420
35.930
36.460
36.980
37.500
38.030
38.550
39.070
39.580
40.110
40.630
41.140
41.660
42.190
42.710
43.230
43.730
44.260
44.780
45.310
45.820
46.340
46.860
47.390
47.900
48.420
48.930
49.450
49.970
50.490
51.010
51.530
52.060
52.580
53.100
53.620
54.140
54.650
55.190
55.700
56.230
56.740
57.260
57.770
58.300
58.820
59.340
59.850
