0.110
0.610
1.150
1.690
2.230
2.770
3.310
3.850
4.380
4.910
5.460
5.980
6.530
7.060
7.590
8.130
8.660
9.200
9.740
10.270
10.810
11.350
11.890
12.430
12.970
13.510
14.030
14.560
15.110
15.650
16.180
16.720
17.260
17.790
18.330
18.860
19.390
19.930
20.460
21.010
21.550
22.080
22.620
23.140
23.690
24.220
24.750
25.300
25.840
26.370
26.910
27.440
27.980
28.520
29.050
29.590
30.140
30.670
31.210
31.730
32.270
32.810
33.330
33.880
34.410
34.950
35.490
36.030
36.570
37.100
37.630
38.170
38.710
39.250
39.780
40.310
40.850
41.390
41.920
42.470
43.010
43.540
44.090
44.620
45.150
45.680
46.220
46.760
47.290
47.820
48.370
48.900
49.430
49.970
50.500
51.040
51.580
52.120
52.660
53.200
53.730
54.270
54.800
55.340
55.880
56.420
56.960
57.480
58.020
58.560
59.090
59.640
