0.550
1.260
1.990
2.710
3.430
4.150
4.880
5.600
6.330
7.050
7.760
8.500
9.220
9.930
10.670
11.390
12.110
12.830
13.560
14.280
15.010
15.720
16.440
17.180
17.890
18.620
19.340
20.070
20.780
21.500
22.230
22.960
23.670
24.390
25.120
25.850
26.570
27.280
28.010
28.740
29.460
30.170
30.890
31.630
32.350
33.060
33.800
34.530
35.250
35.960
36.690
37.420
38.140
38.850
39.580
40.310
41.030
41.740
42.450
43.190
43.910
44.640
45.350
46.070
46.800
47.530
48.250
48.980
49.700
50.420
51.140
51.880
52.580
53.300
54.030
54.770
55.490
56.200
56.940
57.650
58.380
59.090
59.820
