0.040
0.390
0.720
1.060
1.390
1.730
2.080
2.420
2.760
3.100
3.440
3.780
4.120
4.460
4.800
5.140
5.480
5.830
6.170
6.500
6.850
7.190
7.530
7.850
8.210
8.550
8.890
9.220
9.560
9.900
10.240
10.570
10.920
11.250
11.590
11.940
12.280
12.620
12.960
13.300
13.650
13.990
14.330
14.660
15.010
15.350
15.690
16.020
16.370
16.710
17.050
17.380
17.720
18.060
18.410
18.740
19.090
19.420
19.760
20.100
20.450
20.780
21.120
21.460
21.800
22.130
22.470
22.820
23.160
23.490
23.840
24.170
24.510
24.850
25.190
25.530
25.870
26.210
26.550
26.880
27.220
27.560
27.900
28.240
28.590
28.930
29.280
29.610
29.950
