0.320
0.650
0.980
1.330
1.680
2.020
2.350
2.700
3.050
3.380
3.730
4.080
4.410
4.750
5.100
5.440
5.770
6.110
6.450
6.800
7.140
7.480
7.840
8.190
8.510
8.870
9.190
9.530
9.870
10.230
10.560
10.890
11.230
11.590
11.930
12.270
12.610
12.950
13.290
13.630
13.950
14.310
14.640
14.990
15.320
15.660
16.000
16.330
16.670
17.000
17.340
17.680
18.020
18.340
18.700
19.030
19.380
19.710
20.040
20.380
20.720
21.080
21.420
21.770
22.110
22.450
22.800
23.150
23.490
23.840
24.170
24.520
24.860
25.200
25.540
25.890
26.230
26.570
26.920
27.270
27.610
27.950
28.290
28.640
28.970
29.320
29.670
30.020
30.370
30.740
31.070
31.440
31.770
32.120
32.460
32.800
33.150
33.500
33.840
34.200
34.530
34.880
35.230
35.580
35.930
36.270
36.600
36.950
37.290
37.640
37.980
38.330
38.670
39.040
39.390
39.740
40.080
40.420
40.770
41.120
41.450
41.800
42.140
42.490
42.830
43.180
43.530
43.880
44.220
44.560
44.890
45.250
45.590
45.940
46.280
46.620
46.970
47.320
47.650
48.000
48.340
48.680
49.020
49.370
49.710
50.050
50.390
50.740
51.100
51.440
51.790
52.140
52.480
52.820
53.160
53.500
53.840
54.190
54.530
54.870
55.210
55.550
55.900
56.230
56.580
56.910
57.260
57.600
57.940
58.280
58.610
58.950
59.290
59.640
59.970
