0.280
0.990
1.700
2.410
3.140
3.820
4.560
5.250
5.980
6.680
7.400
8.120
8.830
9.540
10.260
10.970
11.690
12.390
13.110
13.820
14.550
15.220
15.950
16.640
17.320
18.010
18.740
19.450
20.170
20.910
21.620
22.340
23.050
23.760
24.480
25.190
25.900
26.620
27.300
27.960
28.640
29.320
30.030
30.740
31.470
32.180
32.910
33.640
34.360
35.070
35.810
36.530
37.250
37.940
38.660
39.370
40.100
40.810
41.550
42.260
43.000
43.700
44.430
45.140
45.880
46.600
47.330
48.040
48.770
49.470
50.190
50.880
51.620
52.330
53.040
53.750
54.470
55.150
55.880
56.580
57.300
58.000
58.710
59.420
60.120
