0.370
0.810
1.230
1.650
2.060
2.480
2.880
3.290
3.690
4.110
4.520
4.940
5.360
5.780
6.190
6.610
7.030
7.450
7.870
8.280
8.690
9.110
9.530
9.930
10.350
10.770
11.200
11.630
12.040
12.460
12.880
13.300
13.720
14.160
14.580
15.000
15.430
15.840
16.270
16.680
17.090
17.510
17.930
18.350
18.760
19.180
19.600
20.000
20.430
20.840
21.260
21.670
22.100
22.500
22.920
23.330
23.740
24.140
24.550
24.960
25.370
25.770
26.180
26.590
27.000
27.410
27.820
28.240
28.650
29.060
29.470
29.880
30.280
30.660
31.070
31.460
31.860
32.260
32.670
33.080
33.480
33.880
34.280
34.690
35.090
35.500
35.910
36.320
36.730
37.140
37.540
37.950
38.360
38.770
39.190
39.610
40.040
40.460
40.880
41.300
41.700
42.110
42.530
42.940
43.370
43.790
44.220
44.640
45.050
45.470
45.900
46.300
46.720
47.130
47.560
47.960
48.360
48.760
49.150
49.550
49.950
50.350
50.770
51.170
51.570
51.970
52.360
52.760
53.160
53.540
53.920
54.320
54.720
55.100
55.500
55.880
56.280
56.660
57.070
57.470
57.870
58.250
58.660
59.050
59.460
59.870
