0.240
0.690
1.130
1.580
2.020
2.460
2.910
3.350
3.800
4.240
4.690
5.130
5.570
6.020
6.460
6.910
7.350
7.800
8.240
8.690
9.140
9.580
10.030
10.480
10.920
11.360
11.800
12.250
12.690
13.130
13.580
14.030
14.470
14.920
15.360
15.810
16.240
16.690
17.140
17.590
18.030
18.470
18.910
19.360
19.800
20.250
20.690
21.140
21.580
22.030
22.470
22.920
23.360
23.810
24.250
24.700
25.140
25.580
26.030
26.470
26.910
27.360
27.800
28.250
28.690
29.140
29.580
30.030
30.470
30.910
31.360
31.810
32.250
32.690
33.130
33.580
34.030
34.470
34.910
35.360
35.800
36.250
36.690
37.140
37.590
38.030
38.480
38.920
39.350
39.800
40.250
40.690
41.140
41.580
42.020
42.480
42.910
43.340
43.790
44.230
44.680
45.120
45.570
46.030
46.460
46.920
47.350
47.790
48.230
48.680
49.120
49.560
50.000
50.460
50.910
51.350
51.800
52.250
52.690
53.140
53.580
54.020
54.470
54.910
55.350
55.800
56.240
56.690
57.130
57.580
58.030
58.470
58.910
59.360
59.800
