0.400
1.030
1.670
2.310
2.940
3.580
4.220
4.860
5.490
6.130
6.760
7.400
8.030
8.670
9.310
9.950
10.580
11.220
11.860
12.490
13.130
13.750
14.400
15.040
15.670
16.310
16.940
17.570
18.220
18.850
19.490
20.130
20.760
21.400
22.040
22.680
23.310
23.950
24.580
25.220
25.850
26.480
27.120
27.760
28.400
29.040
29.670
30.310
30.940
31.580
32.220
32.850
33.490
34.120
34.750
35.400
36.030
36.660
37.300
37.940
38.570
39.200
39.840
40.500
41.140
41.750
42.390
43.020
43.660
44.280
44.940
45.580
46.230
46.840
47.480
48.120
48.750
49.380
50.030
50.670
51.300
51.940
52.580
53.210
53.850
54.480
55.120
55.740
56.400
57.020
57.670
58.300
58.940
59.570
