0.730
1.510
2.300
3.060
3.870
4.660
5.430
6.210
7.020
7.820
8.570
9.360
10.190
10.970
11.740
12.520
13.330
14.130
14.910
15.700
16.480
17.280
18.060
18.840
19.660
20.440
21.230
22.010
22.810
23.620
24.380
25.160
25.960
26.760
27.560
28.320
29.110
29.930
30.700
31.490
32.250
33.070
33.830
34.620
35.420
36.210
36.990
37.790
38.570
39.380
40.140
40.940
41.750
42.540
43.330
44.100
44.890
45.700
46.450
47.250
48.040
48.850
49.630
50.420
51.240
52.030
52.830
53.600
54.400
55.180
55.960
56.740
57.560
58.340
59.130
59.900
