0.510
1.050
1.590
2.140
2.680
3.230
3.780
4.330
4.880
5.420
5.980
6.510
7.070
7.610
8.160
8.690
9.250
9.790
10.340
10.880
11.440
11.970
12.520
13.070
13.610
14.160
14.690
15.250
15.800
16.340
16.880
17.440
18.000
18.530
19.080
19.620
20.170
20.710
21.250
21.800
22.350
22.890
23.430
23.990
24.550
25.080
25.630
26.170
26.730
27.270
27.830
28.360
28.910
29.450
30.010
30.540
31.080
31.630
32.180
32.730
33.280
33.820
34.360
34.910
35.470
36.000
36.550
37.100
37.640
38.190
38.740
39.280
39.830
40.370
40.920
41.460
42.000
42.560
43.110
43.650
44.210
44.750
45.290
45.840
46.380
46.940
47.480
48.020
48.560
49.110
49.650
50.200
50.750
51.300
51.850
52.390
52.940
53.480
54.020
54.570
55.130
55.660
56.210
56.760
57.300
57.850
58.390
58.940
59.480
60.030
