0.170
0.510
0.860
1.210
1.560
1.910
2.260
2.610
2.950
3.310
3.650
4.010
4.350
4.700
5.040
5.390
5.740
6.090
6.450
6.800
7.150
7.500
7.850
8.200
8.550
8.890
9.240
9.580
9.930
10.280
10.620
10.970
11.320
11.670
12.010
12.360
12.710
13.060
13.410
13.770
14.100
14.460
14.810
15.150
15.500
15.850
16.190
16.540
16.890
17.240
17.590
17.940
18.300
18.640
18.990
19.330
19.690
20.030
20.380
20.720
21.070
21.420
21.760
22.120
22.460
22.810
23.150
23.510
23.860
24.210
24.540
24.890
25.230
25.580
25.930
26.290
26.640
26.990
27.350
27.690
28.030
28.390
28.740
29.080
29.430
29.780
