0.110
0.600
1.110
1.610
2.100
2.610
3.100
3.610
4.110
4.600
5.110
5.620
6.110
6.610
7.100
7.600
8.100
8.600
9.100
9.600
10.100
10.600
11.100
11.590
12.100
12.600
13.100
13.610
14.090
14.590
15.090
15.600
16.100
16.610
17.110
17.610
18.100
18.600
19.100
19.600
20.110
20.600
21.100
21.590
22.100
22.590
23.090
23.590
24.100
24.590
25.100
25.590
26.100
26.600
27.100
27.600
28.100
28.590
29.100
29.590
30.100
30.590
31.100
31.590
32.090
32.590
33.090
33.580
34.090
34.580
35.080
35.580
36.100
36.580
37.090
37.600
38.100
38.580
39.090
39.590
40.090
40.580
41.090
41.590
42.090
42.580
43.080
43.600
44.070
44.590
45.100
45.590
46.100
46.600
47.100
47.590
48.100
48.590
49.090
49.590
50.080
50.580
51.080
51.600
52.090
52.600
53.100
53.600
54.090
54.590
55.080
55.580
56.090
56.580
57.090
57.580
58.080
58.590
59.090
59.580
