0.170
0.510
0.830
1.180
1.520
1.870
2.210
2.550
2.880
3.230
3.560
3.910
4.250
4.590
4.930
5.270
5.610
5.950
6.280
6.630
6.950
7.300
7.640
7.980
8.310
8.630
8.980
9.300
9.630
9.970
10.310
10.650
11.000
11.340
11.670
12.010
12.360
12.700
13.040
13.390
13.710
14.070
14.410
14.750
15.090
15.430
15.750
16.100
16.440
16.780
17.120
17.460
17.780
18.130
18.460
18.790
19.140
19.470
19.800
20.130
20.480
20.800
21.140
21.470
21.790
22.130
22.450
22.770
23.100
23.440
23.760
24.080
24.420
24.760
25.090
25.420
25.730
26.060
26.400
26.720
27.060
27.400
27.740
28.070
28.410
28.750
29.080
29.430
29.760
