0.220
0.560
0.920
1.280
1.650
2.010
2.380
2.730
3.090
3.460
3.840
4.190
4.560
4.930
5.290
5.640
6.010
6.390
6.750
7.100
7.470
7.820
8.200
8.550
8.920
9.290
9.660
10.010
10.370
10.740
11.110
11.460
11.820
12.190
12.560
12.920
13.290
13.640
14.020
14.370
14.750
15.110
15.480
15.840
16.230
16.590
16.950
17.310
17.680
18.040
18.390
18.740
19.110
19.470
19.830
20.180
20.550
20.920
21.300
21.640
22.020
22.370
22.740
23.090
23.470
23.840
24.210
24.550
24.920
25.290
25.650
26.000
26.370
26.740
27.110
27.460
27.830
28.190
28.560
28.910
29.310
29.680
30.080
