0.110
0.480
0.860
1.250
1.630
2.030
2.420
2.810
3.200
3.590
3.970
4.370
4.760
5.140
5.540
5.930
6.310
6.710
7.100
7.500
7.870
8.260
8.650
9.040
9.430
9.820
10.210
10.600
10.990
11.380
11.770
12.160
12.550
12.940
13.330
13.730
14.110
14.500
14.890
15.280
15.660
16.060
16.450
16.840
17.220
17.610
18.000
18.390
18.780
19.180
19.560
19.960
20.340
20.730
21.120
21.510
21.900
22.290
22.680
23.070
23.450
23.850
24.240
24.630
25.010
25.410
25.790
26.190
26.570
26.960
27.350
27.740
28.130
28.530
28.910
29.300
29.700
30.080
