0.060
0.420
0.800
1.180
1.570
1.950
2.340
2.720
3.110
3.490
3.880
4.260
4.650
5.030
5.420
5.800
6.190
6.570
6.950
7.330
7.720
8.110
8.490
8.880
9.260
9.650
10.030
10.410
10.800
11.180
11.570
11.950
12.340
12.720
13.110
13.500
13.880
14.260
14.640
15.030
15.420
15.800
16.190
16.570
16.960
17.340
17.720
18.110
18.490
18.880
19.260
19.650
20.030
20.420
20.800
21.180
21.570
21.960
22.340
22.720
23.110
23.490
23.880
24.260
24.640
25.030
25.410
25.800
26.190
26.570
26.950
27.340
27.730
28.110
28.500
28.880
29.270
29.650
30.050
