0.310
0.650
0.990
1.350
1.700
2.050
2.400
2.750
3.090
3.440
3.790
4.140
4.490
4.830
5.170
5.530
5.870
6.220
6.560
6.900
7.260
7.610
7.950
8.300
8.640
9.000
9.340
9.700
10.030
10.390
10.720
11.070
11.400
11.750
12.100
12.470
12.820
13.150
13.500
13.860
14.200
14.540
14.890
15.250
15.600
15.940
16.280
16.630
16.980
17.330
17.690
18.040
18.400
18.730
19.090
19.440
19.790
20.130
20.490
20.840
21.180
21.530
21.880
22.220
22.570
22.930
23.280
23.620
23.970
24.310
24.650
25.010
25.360
25.700
26.040
26.400
26.750
27.090
27.440
27.800
28.150
28.490
28.830
29.190
29.530
29.880
