0.190
0.580
0.990
1.380
1.780
2.170
2.560
2.970
3.360
3.760
4.150
4.550
4.950
5.340
5.740
6.130
6.540
6.930
7.330
7.730
8.110
8.520
8.910
9.310
9.700
10.110
10.510
10.910
11.300
11.710
12.100
12.510
12.900
13.290
13.670
14.050
14.440
14.830
15.230
15.610
16.020
16.410
16.810
17.190
17.590
17.990
18.410
18.790
19.190
19.610
20.010
20.400
20.810
21.210
21.610
22.000
22.400
22.810
23.200
23.590
23.980
24.370
24.790
25.180
25.580
25.980
26.380
26.780
27.180
27.580
27.980
28.380
28.780
29.180
29.570
29.970
30.370
30.760
31.160
31.550
31.960
32.360
32.760
33.160
33.570
33.970
34.370
34.770
35.170
35.560
35.970
36.360
36.760
37.140
37.530
37.920
38.310
38.690
39.080
39.470
39.870
40.260
40.660
41.060
41.450
41.860
42.270
42.650
43.050
43.450
43.850
44.250
44.660
45.040
45.440
45.840
46.250
46.640
47.050
47.450
47.840
48.230
48.640
49.030
49.450
49.840
50.240
50.660
51.070
51.460
51.870
52.270
52.680
53.080
53.480
53.890
54.290
54.690
55.110
55.510
55.920
56.330
56.730
57.140
57.550
57.950
58.350
58.760
59.180
59.580
59.990
