0.160
0.870
1.590
2.340
3.070
3.800
4.530
5.260
5.990
6.770
7.530
8.270
9.040
9.790
10.530
11.260
12.020
12.860
13.660
14.450
15.220
15.960
16.710
17.450
18.220
18.940
19.670
20.430
21.190
21.940
22.670
23.370
24.040
24.670
25.410
26.130
26.880
27.610
28.340
29.060
29.770
30.510
31.240
31.970
32.710
33.440
34.180
34.940
35.680
36.440
37.200
37.830
38.440
39.090
39.720
40.290
40.910
41.500
42.100
42.690
43.360
43.980
44.710
45.450
46.180
46.920
47.610
48.310
49.020
49.760
50.490
51.200
51.970
52.680
53.410
54.140
54.890
55.630
56.360
57.120
57.860
58.620
59.390
