0.300
1.020
1.750
2.480
3.200
3.920
4.650
5.380
6.110
6.830
7.560
8.290
9.030
9.770
10.480
11.200
11.930
12.650
13.380
14.110
14.840
15.560
16.300
17.040
17.760
18.480
19.210
19.940
20.670
21.400
22.130
22.850
23.580
24.300
25.030
25.770
26.500
27.230
27.950
28.680
29.400
30.130
30.860
31.590
32.320
33.040
33.770
34.500
35.230
35.950
36.680
37.440
38.140
38.870
39.590
40.310
41.030
41.760
42.480
43.240
43.970
44.690
45.400
46.130
46.850
47.580
48.290
49.020
49.740
50.460
51.200
51.940
52.660
53.390
54.100
54.850
55.570
56.300
57.000
57.720
58.480
59.200
59.910
