0.740
1.520
2.330
3.080
3.870
4.650
5.410
6.180
6.950
7.730
8.510
9.290
10.070
10.840
11.630
12.400
13.170
13.910
14.700
15.440
16.240
17.020
17.790
18.580
19.340
20.120
20.880
21.690
22.460
23.220
24.010
24.780
25.590
26.380
27.140
27.940
28.700
29.500
30.310
31.150
32.000
32.840
33.730
34.580
35.420
36.240
37.050
37.870
38.690
39.500
40.290
41.070
41.850
42.640
43.440
44.200
44.970
45.760
46.520
47.310
48.090
48.830
49.580
50.360
51.110
51.910
52.700
53.470
54.230
55.000
55.780
56.580
57.360
58.150
58.950
59.710
