0.290
0.640
0.990
1.330
1.680
2.030
2.380
2.720
3.070
3.410
3.760
4.110
4.450
4.800
5.150
5.500
5.850
6.190
6.540
6.890
7.230
7.580
7.930
8.280
8.620
8.970
9.320
9.660
10.020
10.360
10.710
11.050
11.410
11.750
12.100
12.450
12.790
13.140
13.490
13.830
14.180
14.530
14.880
15.220
15.570
15.920
16.270
16.610
16.960
17.310
17.650
18.000
18.350
18.700
19.040
19.390
19.740
20.080
20.430
20.780
21.120
21.480
21.820
22.170
22.520
22.860
23.210
23.560
23.900
24.250
24.600
24.950
25.290
25.640
25.990
26.330
26.680
27.030
27.380
27.720
28.070
28.420
28.770
29.110
29.460
29.810
