0.300
0.670
1.030
1.400
1.770
2.150
2.510
2.880
3.240
3.610
3.980
4.350
4.720
5.080
5.450
5.810
6.180
6.550
6.920
7.290
7.660
8.030
8.400
8.770
9.130
9.510
9.870
10.240
10.600
10.970
11.340
11.690
12.060
12.430
12.810
13.180
13.550
13.920
14.280
14.660
15.030
15.400
15.760
16.130
16.500
16.870
17.230
17.600
17.970
18.340
18.700
19.070
19.440
19.810
20.170
20.540
20.910
21.280
21.650
22.020
22.390
22.760
23.120
23.490
23.860
24.210
24.590
24.960
25.330
25.710
26.060
26.430
26.800
27.170
27.540
27.910
28.270
28.640
29.010
29.380
29.740
30.080
