0.140
0.780
1.440
2.060
2.690
3.340
3.970
4.580
5.220
5.850
6.480
7.090
7.710
8.350
8.990
9.610
10.240
10.880
11.540
12.150
12.780
13.420
14.050
14.680
15.310
15.940
16.580
17.210
17.850
18.480
19.140
19.760
20.400
21.040
21.690
22.310
22.950
23.590
24.210
24.830
25.460
26.100
26.750
27.380
28.020
28.650
29.310
29.930
30.560
31.180
31.820
32.440
33.080
33.700
34.340
34.970
35.590
36.220
36.880
37.510
38.160
38.790
39.440
40.050
40.690
41.320
41.970
42.600
43.230
43.850
44.510
45.120
45.770
46.390
47.020
47.640
48.280
48.910
49.560
50.170
50.800
51.430
52.070
52.700
53.330
53.960
54.600
55.210
55.850
56.470
57.110
57.730
58.360
58.980
59.630
