0.520
1.160
1.790
2.420
3.040
3.680
4.310
4.940
5.590
6.210
6.850
7.480
8.120
8.760
9.400
10.040
10.680
11.320
11.960
12.600
13.250
13.870
14.510
15.140
15.780
16.420
17.090
17.700
18.340
18.990
19.630
20.250
20.880
21.480
22.070
22.660
23.280
23.910
24.550
25.150
25.780
26.380
27.000
27.650
28.290
28.900
29.550
30.180
30.800
31.410
32.030
32.670
33.320
33.930
34.580
35.190
35.840
36.460
37.070
37.700
38.360
38.980
39.610
40.250
40.870
41.490
42.110
42.750
43.380
44.000
44.630
45.250
45.850
46.500
47.140
47.770
48.420
49.060
49.690
50.290
50.940
51.560
52.180
52.840
53.470
54.100
54.720
55.350
55.970
56.600
57.240
57.860
58.510
59.150
59.800
