0.060
0.420
0.800
1.160
1.540
1.900
2.270
2.640
3.020
3.380
3.750
4.120
4.500
4.860
5.230
5.600
5.980
6.340
6.710
7.090
7.450
7.820
8.200
8.570
8.940
9.300
9.670
10.050
10.420
10.780
11.150
11.530
11.900
12.260
12.630
13.020
13.380
13.740
14.120
14.490
14.870
15.230
15.600
15.980
16.340
16.710
17.080
17.450
17.830
18.190
18.550
18.930
19.290
19.670
20.050
20.410
20.790
21.150
21.530
21.890
22.270
22.630
23.010
23.370
23.750
24.120
24.500
24.860
25.230
25.600
25.970
26.340
26.720
27.080
27.460
27.820
28.200
28.570
28.940
29.300
29.680
30.050
