0.000
0.400
0.780
1.160
1.540
1.920
2.300
2.680
3.060
3.440
3.810
4.200
4.570
4.950
5.340
5.720
6.090
6.470
6.840
7.220
7.590
7.980
8.360
8.740
9.120
9.490
9.890
10.270
10.640
11.030
11.420
11.800
12.180
12.560
12.930
13.320
13.690
14.080
14.450
14.840
15.210
15.590
15.970
16.350
16.720
17.100
17.480
17.860
18.250
18.640
19.010
19.380
19.760
20.150
20.520
20.900
21.280
21.660
22.040
22.430
22.810
23.190
23.580
23.960
24.340
24.720
25.100
25.480
25.840
26.230
26.610
26.980
27.380
27.750
28.140
28.510
28.880
29.270
29.640
30.020
30.400
30.780
31.160
31.540
31.920
32.300
32.690
33.060
33.450
33.820
34.210
34.590
34.960
35.350
35.740
36.120
36.500
36.880
37.250
37.630
38.010
38.390
38.760
39.140
39.520
39.910
40.290
40.670
41.060
41.440
41.810
42.200
42.580
42.960
43.330
43.710
44.090
44.470
44.850
45.240
45.610
46.000
46.370
46.750
47.130
47.510
47.880
48.270
48.640
49.030
49.400
49.780
50.150
50.540
50.910
51.290
51.670
52.050
52.440
52.830
53.210
53.590
53.970
54.360
54.730
55.110
55.480
55.850
56.230
56.610
56.980
57.370
57.740
58.120
58.500
58.880
59.260
59.650
60.020
