0.100
0.420
0.730
1.050
1.370
1.690
2.020
2.340
2.660
2.980
3.310
3.630
3.960
4.280
4.600
4.920
5.250
5.570
5.890
6.210
6.530
6.850
7.180
7.500
7.830
8.150
8.470
8.790
9.110
9.440
9.760
10.080
10.400
10.730
11.050
11.370
11.700
12.020
12.340
12.660
12.990
13.310
13.630
13.950
14.270
14.600
14.920
15.240
15.570
15.890
16.210
16.530
16.860
17.180
17.500
17.820
18.140
18.470
18.790
19.110
19.440
19.760
20.080
20.400
20.720
21.040
21.370
21.690
22.010
22.330
22.660
22.990
23.310
23.630
23.950
24.280
24.600
24.920
25.240
25.570
25.890
26.220
26.530
26.860
27.180
27.500
27.820
28.150
28.470
28.790
29.110
29.440
29.760
30.080
