0.280
0.710
1.160
1.590
2.020
2.470
2.900
3.330
3.770
4.200
4.630
5.070
5.520
5.950
6.390
6.830
7.260
7.700
8.140
8.580
9.010
9.440
9.890
10.320
10.750
11.170
11.600
12.060
12.490
12.930
13.350
13.780
14.220
14.650
15.090
15.520
15.950
16.380
16.820
17.250
17.690
18.120
18.560
18.990
19.430
19.850
20.280
20.720
21.160
21.590
22.040
22.470
22.900
23.340
23.770
24.200
24.630
25.070
25.510
25.950
26.400
26.840
27.270
27.710
28.150
28.590
29.030
29.460
29.910
30.360
30.790
31.230
31.670
32.110
32.560
33.010
33.450
33.890
34.330
34.770
35.200
35.640
36.080
36.530
36.970
37.410
37.840
38.280
38.720
39.160
39.600
40.040
40.490
40.930
41.370
41.800
42.240
42.680
43.110
43.550
44.000
44.450
44.870
45.310
45.750
46.190
46.630
47.070
47.520
47.970
48.400
48.830
49.270
49.710
50.150
50.600
51.040
51.490
51.920
52.360
52.810
53.230
53.660
54.120
54.550
54.990
55.420
55.860
56.300
56.750
57.190
57.640
58.070
58.520
58.960
59.400
59.840
