0.560
1.200
1.850
2.500
3.140
3.770
4.420
5.070
5.720
6.370
7.010
7.650
8.300
8.940
9.580
10.230
10.850
11.490
12.170
12.810
13.460
14.080
14.750
15.390
16.040
16.690
17.330
17.970
18.620
19.270
19.910
20.560
21.200
21.850
22.490
23.140
23.780
24.420
25.070
25.720
26.360
27.010
27.660
28.300
28.940
29.590
30.230
30.880
31.520
32.170
32.810
33.460
34.100
34.750
35.390
36.040
36.690
37.340
37.970
38.620
39.260
39.910
40.560
41.200
41.850
42.490
43.140
43.790
44.420
45.070
45.720
46.360
47.010
47.660
48.300
48.940
49.590
50.240
50.870
51.530
52.170
52.810
53.460
54.110
54.750
55.390
56.040
56.690
57.330
57.970
58.620
59.270
59.910
