0.100
0.510
0.950
1.390
1.810
2.260
2.710
3.150
3.570
4.010
4.450
4.890
5.330
5.770
6.200
6.630
7.070
7.510
7.950
8.390
8.830
9.270
9.710
10.150
10.590
11.030
11.460
11.900
12.340
12.770
13.210
13.650
14.090
14.530
14.970
15.400
15.840
16.280
16.720
17.160
17.600
18.030
18.470
18.910
19.350
19.780
20.220
20.660
21.100
21.530
21.960
22.420
22.840
23.290
23.720
24.160
24.600
25.040
25.480
25.920
26.350
26.790
27.230
27.670
28.100
28.540
28.980
29.420
29.850
30.300
30.740
31.170
31.610
32.060
32.500
32.940
33.380
33.810
34.240
34.680
35.120
35.550
35.990
36.410
36.860
37.300
37.730
38.180
38.620
39.060
39.530
40.030
40.510
40.990
41.460
41.900
42.340
42.770
43.220
43.650
44.110
44.530
44.970
45.410
45.830
46.260
46.700
47.150
47.590
48.030
48.460
48.910
49.330
49.770
50.220
50.670
51.100
51.540
51.980
52.410
52.850
53.290
53.730
54.180
54.610
55.040
55.480
55.910
56.350
56.790
57.210
57.660
58.100
58.530
58.990
59.420
59.860
