0.200
0.580
0.970
1.340
1.740
2.100
2.500
2.890
3.290
3.680
4.070
4.450
4.850
5.220
5.620
6.000
6.400
6.790
7.190
7.570
7.970
8.360
8.750
9.120
9.520
9.910
10.300
10.680
11.080
11.460
11.850
12.230
12.630
13.010
13.400
13.780
14.180
14.560
14.960
15.350
15.740
16.130
16.520
16.900
17.300
17.680
18.070
18.460
18.850
19.240
19.640
20.040
20.430
20.830
21.220
21.610
22.000
22.390
22.790
23.180
23.570
23.970
24.360
24.750
25.150
25.550
25.950
26.330
26.730
27.130
27.520
27.910
28.300
28.690
29.080
29.480
29.880
30.280
30.670
31.070
31.470
31.860
32.260
32.660
33.050
33.450
33.840
34.240
34.630
35.020
35.410
35.820
36.210
36.610
37.010
37.410
37.800
38.190
38.590
38.980
39.370
39.770
40.160
40.560
40.960
41.350
41.750
42.130
42.520
42.920
43.310
43.700
44.100
44.490
44.880
45.270
45.670
46.060
46.450
46.860
47.260
47.650
48.050
48.450
48.840
49.230
49.630
50.020
50.400
50.800
51.210
51.610
52.000
52.390
52.790
53.180
53.580
53.970
54.370
54.760
55.160
55.550
55.950
56.340
56.730
57.130
57.520
57.910
58.310
58.710
59.110
59.500
59.910
