0.310
0.870
1.430
1.980
2.550
3.110
3.670
4.240
4.810
5.360
5.920
6.470
7.030
7.590
8.140
8.690
9.240
9.800
10.370
10.910
11.460
12.020
12.570
13.120
13.670
14.220
14.780
15.330
15.890
16.450
17.000
17.550
18.110
18.670
19.230
19.770
20.330
20.890
21.440
21.990
22.550
23.100
23.660
24.210
24.770
25.320
25.870
26.420
26.970
27.540
28.080
28.650
29.210
29.760
30.310
30.860
31.420
31.980
32.540
33.100
33.660
34.220
34.760
35.320
35.860
36.420
36.970
37.540
38.100
38.660
39.210
39.770
40.320
40.880
41.420
41.980
42.530
43.080
43.630
44.190
44.740
45.300
45.840
46.400
46.950
47.510
48.060
48.620
49.190
49.740
50.300
50.860
51.420
51.970
52.530
53.090
53.640
54.200
54.750
55.300
55.860
56.410
56.970
57.500
58.050
58.600
59.160
59.720
