0.150
0.550
0.950
1.360
1.760
2.170
2.570
2.980
3.380
3.780
4.190
4.590
5.000
5.400
5.800
6.200
6.610
7.000
7.420
7.830
8.230
8.630
9.030
9.430
9.830
10.250
10.650
11.050
11.450
11.860
12.260
12.670
13.080
13.470
13.890
14.290
14.700
15.100
15.500
15.910
16.300
16.710
17.110
17.520
17.920
18.320
18.710
19.110
19.520
19.920
20.340
20.750
21.160
21.560
21.960
22.360
22.760
23.180
23.580
23.980
24.380
24.780
25.180
25.580
25.990
26.400
26.810
27.220
27.620
28.030
28.430
28.830
29.230
29.640
30.040
