0.040
0.460
0.890
1.320
1.760
2.180
2.600
3.030
3.470
3.900
4.320
4.750
5.180
5.610
6.030
6.460
6.890
7.330
7.750
8.180
8.610
9.030
9.460
9.890
10.320
10.750
11.170
11.600
12.030
12.460
12.890
13.320
13.750
14.170
14.600
15.030
15.460
15.890
16.320
16.740
17.190
17.610
18.040
18.460
18.890
19.320
19.740
20.160
20.600
21.030
21.450
21.880
22.320
22.750
23.170
23.600
24.040
24.470
24.890
25.320
25.760
26.180
26.610
27.030
27.470
27.890
28.320
28.750
29.180
29.600
30.030
30.460
30.900
31.320
31.750
32.180
32.610
33.040
33.460
33.890
34.320
34.740
35.180
35.600
36.040
36.470
36.890
37.320
37.750
38.180
38.600
39.040
39.470
39.890
40.320
40.750
41.180
41.620
42.040
42.470
42.900
43.330
43.740
44.170
44.600
45.030
45.460
45.880
46.320
46.740
47.170
47.610
48.040
48.460
48.900
49.320
49.760
50.190
50.610
51.050
51.480
51.900
52.320
52.760
53.180
53.610
54.040
54.460
54.900
55.320
55.740
56.170
56.600
57.040
57.460
57.880
58.320
58.750
59.170
59.600
60.050
