0.200
0.560
0.920
1.290
1.660
2.020
2.390
2.750
3.120
3.490
3.850
4.210
4.580
4.950
5.310
5.680
6.050
6.420
6.780
7.140
7.510
7.870
8.240
8.610
8.970
9.340
9.700
10.070
10.430
10.800
11.170
11.530
11.900
12.270
12.630
12.990
13.360
13.730
14.090
14.460
14.830
15.190
15.560
15.920
16.290
16.650
17.020
17.390
17.760
18.120
18.480
18.850
19.210
19.580
19.950
20.310
20.680
21.050
21.410
21.770
22.140
22.510
22.870
23.240
23.610
23.970
24.340
24.700
25.070
25.430
25.800
26.170
26.530
26.900
27.260
27.630
27.990
28.360
28.730
29.090
29.460
29.830
