0.110
0.780
1.500
2.200
2.910
3.620
4.330
5.040
5.750
6.460
7.170
7.870
8.590
9.300
10.010
10.710
11.420
12.130
12.840
13.550
14.260
14.970
15.680
16.390
17.100
17.810
18.520
19.230
19.940
20.640
21.350
22.060
22.770
23.480
24.190
24.900
25.610
26.320
27.030
27.740
28.450
29.150
29.860
30.570
31.280
31.990
32.700
33.410
34.120
34.830
35.540
36.250
36.960
37.670
38.370
39.080
39.800
40.500
41.210
41.920
42.630
43.340
44.040
44.750
45.460
46.170
46.880
47.590
48.300
49.010
49.710
50.430
51.140
51.850
52.550
53.260
53.970
54.680
55.390
56.100
56.810
57.520
58.230
58.930
59.640
