0.200
0.540
0.890
1.240
1.590
1.940
2.290
2.640
2.990
3.330
3.680
4.030
4.380
4.730
5.080
5.420
5.780
6.120
6.470
6.820
7.170
7.510
7.870
8.210
8.570
8.910
9.260
9.610
9.960
10.310
10.660
11.010
11.350
11.700
12.050
12.400
12.750
13.090
13.450
13.800
14.140
14.490
14.830
15.190
15.540
15.890
16.230
16.570
16.930
17.430
17.980
18.660
19.350
20.040
20.740
21.420
22.110
22.800
23.500
24.180
24.880
25.560
26.260
26.940
27.630
28.320
29.010
29.710
30.390
31.090
31.770
32.460
33.130
33.840
34.540
35.220
35.910
36.600
37.290
37.980
38.510
39.010
39.360
39.710
40.050
40.400
40.750
41.100
41.460
41.800
42.140
42.490
42.840
43.200
43.540
43.890
44.240
44.580
44.920
45.280
45.630
45.990
46.330
46.690
47.050
47.390
47.750
48.100
48.450
48.810
49.160
49.510
49.860
50.190
50.570
50.930
51.280
51.640
51.980
52.330
52.690
53.040
53.390
53.740
54.090
54.450
54.800
55.160
55.510
55.860
56.210
56.570
56.920
57.270
57.610
57.970
58.310
58.670
59.020
59.370
59.710
60.090
