0.120
0.600
1.080
1.570
2.050
2.530
3.010
3.500
3.990
4.480
4.960
5.450
5.930
6.410
6.890
7.380
7.870
8.350
8.830
9.320
9.800
10.290
10.760
11.250
11.740
12.220
12.710
13.180
13.680
14.160
14.640
15.130
15.610
16.100
16.580
17.060
17.550
18.030
18.510
19.010
19.480
19.970
20.460
20.930
21.420
21.910
22.390
22.880
23.360
23.850
24.330
24.810
25.300
25.780
26.260
26.750
27.240
27.720
28.210
28.680
29.170
29.660
30.140
30.630
31.110
31.600
32.080
32.570
33.050
33.530
34.010
34.500
34.980
35.470
35.960
36.440
36.920
37.410
37.890
38.380
38.860
39.350
39.830
40.320
40.790
41.280
41.760
42.250
42.730
43.220
43.700
44.190
44.670
45.160
45.630
46.120
46.610
47.100
47.570
48.060
48.550
49.030
49.510
50.000
50.480
50.970
51.460
51.930
52.420
52.910
53.380
53.870
54.360
54.840
55.320
55.810
56.290
56.780
57.250
57.750
58.230
58.720
59.200
59.680
