0.190
0.710
1.230
1.750
2.270
2.800
3.320
3.850
4.370
4.890
5.420
5.930
6.460
6.980
7.510
8.030
8.540
9.060
9.580
10.100
10.620
11.140
11.670
12.190
12.710
13.230
13.750
14.270
14.780
15.310
15.830
16.350
16.860
17.380
17.900
18.430
18.940
19.450
19.960
20.480
20.990
21.520
22.030
22.550
23.060
23.590
24.100
24.610
25.130
25.640
26.160
26.670
27.190
27.710
28.230
28.750
29.260
29.790
30.310
30.830
31.350
31.870
32.400
32.920
33.430
33.960
34.480
35.010
35.530
36.050
36.570
37.080
37.600
38.120
38.650
39.170
39.680
40.200
40.720
41.240
41.770
42.280
42.810
43.330
43.840
44.370
44.890
45.400
45.920
46.430
46.970
47.480
47.990
48.510
49.020
49.540
50.050
50.570
51.090
51.600
52.120
52.640
53.150
53.660
54.180
54.700
55.210
55.730
56.240
56.760
57.280
57.790
58.310
58.820
59.340
59.860
