0.350
1.060
1.760
2.430
3.130
3.820
4.530
5.220
5.920
6.600
7.300
7.990
8.680
9.390
10.080
10.790
11.490
12.180
12.870
13.570
14.270
14.950
15.640
16.350
17.050
17.730
18.420
19.110
19.820
20.500
21.190
21.930
22.610
23.290
23.990
24.710
25.410
26.100
26.800
27.500
28.190
28.890
29.590
30.280
30.990
31.680
32.380
33.070
33.760
34.440
35.130
35.840
36.540
37.240
37.950
38.640
39.340
40.030
40.720
41.410
42.100
42.800
43.490
44.190
44.900
45.590
46.300
46.990
47.670
48.370
49.070
49.780
50.480
51.180
51.870
52.560
53.260
53.950
54.650
55.340
56.040
56.740
57.440
58.130
58.830
59.500
