0.050
0.440
0.840
1.230
1.630
2.040
2.450
2.830
3.230
3.640
4.040
4.430
4.840
5.240
5.640
6.030
6.430
6.850
7.240
7.650
8.050
8.460
8.850
9.250
9.650
10.060
10.450
10.860
11.250
11.650
12.060
12.450
12.860
13.260
13.660
14.070
14.460
14.850
15.260
15.670
16.060
16.460
16.870
17.270
17.660
18.070
18.470
18.850
19.270
19.670
20.060
20.460
20.860
21.240
21.640
22.060
22.450
22.860
23.260
23.670
24.070
24.480
24.880
25.270
25.690
26.070
26.480
26.880
27.280
27.690
28.070
28.480
28.890
29.280
29.690
30.080
