0.180
0.650
1.100
1.570
2.040
2.500
2.970
3.440
3.900
4.370
4.840
5.320
5.790
6.240
6.720
7.160
7.640
8.080
8.540
8.980
9.440
9.900
10.350
10.780
11.250
11.710
12.170
12.620
13.080
13.550
14.000
14.450
14.910
15.380
15.850
16.340
16.780
17.240
17.710
18.160
18.630
19.090
19.560
20.010
20.450
20.910
21.360
21.820
22.280
22.730
23.200
23.650
24.110
24.560
25.030
25.490
25.930
26.380
26.850
27.280
27.740
28.200
28.660
29.110
29.570
30.050
30.490
30.940
31.400
31.850
32.320
32.780
33.240
33.700
34.170
34.630
35.090
35.570
36.030
36.490
36.960
37.430
37.890
38.340
38.800
39.260
39.730
40.180
40.650
41.100
41.580
42.040
42.510
42.960
43.430
43.880
44.360
44.830
45.300
45.770
46.240
46.710
47.180
47.640
48.120
48.590
49.040
49.510
49.960
50.440
50.910
51.370
51.840
52.300
52.760
53.230
53.690
54.140
54.600
55.060
55.530
55.980
56.450
56.910
57.370
57.840
58.310
58.760
59.230
59.700
