0.070
0.420
0.790
1.170
1.550
1.930
2.300
2.680
3.060
3.440
3.810
4.190
4.570
4.950
5.320
5.700
6.080
6.450
6.830
7.210
7.590
7.960
8.340
8.710
9.090
9.470
9.850
10.230
10.610
10.980
11.360
11.740
12.120
12.500
12.870
13.250
13.630
14.000
14.380
14.760
15.140
15.510
15.890
16.260
16.640
17.020
17.400
17.770
18.150
18.530
18.910
19.290
19.670
20.040
20.420
20.790
21.180
21.550
21.930
22.300
22.690
23.060
23.440
23.810
24.200
24.570
24.960
25.320
25.700
26.070
26.450
26.830
27.210
27.580
27.970
28.340
28.720
29.100
29.480
29.850
30.230
30.600
30.980
31.360
31.740
32.120
32.490
32.870
33.250
33.630
34.000
34.380
34.760
35.130
35.510
35.880
36.260
36.640
37.020
37.390
37.770
38.150
38.530
38.910
39.280
39.660
40.030
40.420
40.790
41.170
41.550
41.920
42.300
42.680
43.060
43.430
43.810
44.190
44.560
44.940
45.320
45.690
46.070
46.450
46.830
47.210
47.590
47.960
48.340
48.720
49.090
49.470
49.850
50.230
50.600
50.980
51.360
51.730
52.110
52.480
52.870
53.240
53.630
53.990
54.380
54.760
55.130
55.510
55.890
56.270
56.640
57.020
57.400
57.770
58.150
58.520
58.900
59.280
59.660
60.060
