0.360
0.810
1.260
1.700
2.150
2.590
3.040
3.490
3.930
4.380
4.830
5.270
5.720
6.170
6.610
7.060
7.500
7.950
8.390
8.840
9.290
9.740
10.180
10.630
11.070
11.520
11.960
12.410
12.860
13.300
13.750
14.200
14.640
15.090
15.540
15.980
16.430
16.870
17.320
17.770
18.210
18.660
19.100
19.560
20.000
20.450
20.910
21.360
21.820
22.260
22.700
23.120
23.560
24.010
24.460
24.890
25.340
25.780
26.200
26.650
27.110
27.550
28.020
28.460
28.920
29.360
29.810
30.260
30.700
31.140
31.580
32.040
32.470
32.940
33.380
33.830
34.280
34.720
35.170
35.610
36.060
36.510
36.940
37.390
37.840
38.290
38.740
39.180
39.630
40.070
40.510
40.960
41.410
41.850
42.300
42.750
43.200
43.640
44.080
44.540
45.000
45.440
45.880
46.330
46.770
47.210
47.660
48.100
48.550
48.990
49.430
49.860
50.320
50.770
51.230
51.670
52.130
52.570
53.010
53.460
53.910
54.370
54.900
55.440
55.930
56.460
57.000
57.490
58.020
58.560
59.050
59.580
