0.200
0.800
1.400
2.030
2.640
3.240
3.760
4.310
4.930
5.540
6.150
6.760
7.370
7.980
8.580
9.140
9.670
10.270
10.890
11.500
12.100
12.700
13.330
13.940
14.550
15.170
15.780
16.380
17.000
17.610
18.220
18.840
19.440
20.060
20.660
21.270
21.880
22.490
23.120
23.720
24.340
24.940
25.570
26.170
26.790
27.390
28.010
28.620
29.240
29.840
30.450
31.050
31.680
32.280
32.900
33.530
34.130
34.750
35.290
35.860
36.430
37.030
37.600
38.160
38.710
39.330
39.930
40.570
41.190
41.780
42.380
43.000
43.630
44.220
44.830
45.440
46.060
46.650
47.270
47.890
48.510
49.110
49.720
50.330
50.950
51.550
52.170
52.790
53.400
54.010
54.620
55.220
55.840
56.440
57.060
57.670
58.290
58.890
59.500
