0.600
1.340
2.050
2.780
3.500
4.240
5.010
5.740
6.470
7.190
7.930
8.640
9.370
10.120
10.850
11.560
12.320
13.050
13.780
14.500
15.200
15.920
16.640
17.380
18.100
18.790
19.600
20.350
21.170
21.900
22.590
23.340
24.070
24.830
25.570
26.320
27.040
27.800
28.570
29.300
30.010
30.750
31.540
32.280
33.010
33.790
34.510
35.240
35.980
36.720
37.470
38.250
39.000
39.730
40.500
41.230
41.970
42.740
43.480
44.250
45.030
45.770
46.510
47.260
48.020
48.770
49.520
50.250
51.010
51.790
52.530
53.270
54.040
54.860
55.650
56.480
57.210
57.940
58.680
59.410
