0.290
0.720
1.150
1.570
2.000
2.420
2.850
3.280
3.700
4.130
4.540
4.980
5.400
5.830
6.250
6.680
7.110
7.530
7.960
8.390
8.810
9.230
9.660
10.090
10.510
10.940
11.360
11.780
12.200
12.630
13.060
13.480
13.890
14.320
14.740
15.170
15.590
16.020
16.450
16.880
17.290
17.720
18.150
18.560
18.980
19.420
19.840
20.270
20.690
21.130
21.560
21.970
22.400
22.820
23.260
23.670
24.100
24.530
24.960
25.410
25.840
26.250
26.690
27.110
27.530
27.960
28.380
28.810
29.230
29.660
30.080
30.510
30.930
31.370
31.790
32.220
32.640
33.070
33.480
33.920
34.340
34.770
35.200
35.630
36.050
36.470
36.900
37.320
37.750
38.170
38.590
39.020
39.450
39.880
40.300
40.730
41.150
41.580
42.010
42.430
42.860
43.280
43.700
44.130
44.560
44.990
45.410
45.830
46.260
46.690
47.110
47.530
47.960
48.380
48.800
49.220
49.660
50.080
50.520
50.940
51.370
51.800
52.220
52.670
53.070
53.500
53.920
54.350
54.770
55.190
55.610
56.050
56.470
56.900
57.320
57.750
58.180
58.600
59.020
59.420
59.840
