0.260
0.850
1.440
2.020
2.620
3.200
3.790
4.380
4.970
5.550
6.130
6.710
7.290
7.870
8.450
9.040
9.620
10.210
10.790
11.380
11.980
12.560
13.140
13.740
14.330
14.910
15.500
16.090
16.670
17.260
17.850
18.430
19.010
19.600
20.180
20.760
21.340
21.930
22.520
23.100
23.690
24.270
24.870
25.460
26.040
26.620
27.210
27.800
28.380
28.970
29.550
30.130
30.700
31.310
31.870
32.470
33.050
33.620
34.210
34.810
35.390
35.980
36.570
37.160
37.740
38.320
38.910
39.500
40.080
40.660
41.250
41.830
42.420
43.000
43.590
44.180
44.770
45.350
45.940
46.520
47.100
47.670
48.250
48.830
49.420
50.020
50.600
51.190
51.780
52.370
52.950
53.540
54.120
54.710
55.290
55.880
56.460
57.050
57.640
58.230
58.810
59.390
59.960
