0.360
1.330
2.320
3.290
3.960
4.630
5.280
5.930
6.590
7.280
7.960
8.620
9.280
9.930
10.600
11.260
11.940
12.620
13.240
13.890
14.530
15.210
15.870
16.540
17.220
17.880
18.550
19.210
19.860
20.520
21.190
21.850
22.540
23.240
23.940
24.640
25.320
25.990
26.640
27.290
27.960
28.640
29.300
29.970
30.660
31.300
31.960
32.630
33.300
33.980
34.650
35.310
35.970
36.650
37.270
37.920
38.580
39.240
39.900
40.560
41.230
41.860
42.510
43.160
43.820
44.480
45.140
45.800
46.460
47.100
47.760
48.400
49.060
49.710
50.380
51.040
51.690
52.330
52.960
53.620
54.280
54.940
55.610
56.260
56.940
57.590
58.250
58.920
59.600
