0.200
0.550
0.890
1.230
1.590
1.930
2.270
2.610
2.960
3.300
3.650
3.990
4.350
4.690
5.030
5.370
5.720
6.060
6.410
6.750
7.100
7.440
7.790
8.130
8.480
8.830
9.170
9.510
9.860
10.200
10.550
10.890
11.240
11.580
11.930
12.270
12.620
12.960
13.310
13.650
14.000
14.340
14.690
15.030
15.380
15.720
16.070
16.410
16.760
17.100
17.450
17.780
18.140
18.480
18.820
19.160
19.510
19.860
20.210
20.550
20.900
21.240
21.580
21.920
22.270
22.620
22.960
23.300
23.650
24.000
24.340
24.680
25.030
25.380
25.720
26.060
26.410
26.760
27.100
27.440
27.790
28.130
28.480
28.820
29.180
29.520
29.860
