0.090
0.470
0.870
1.280
1.680
2.080
2.490
2.910
3.310
3.720
4.120
4.520
4.920
5.330
5.730
6.140
6.550
6.950
7.360
7.770
8.170
8.580
8.990
9.400
9.800
10.210
10.620
11.010
11.430
11.830
12.250
12.650
13.050
13.460
13.890
14.270
14.670
15.080
15.490
15.890
16.290
16.700
17.110
17.500
17.930
18.320
18.730
19.140
19.540
19.940
20.350
20.750
21.140
21.560
21.960
22.370
22.770
23.180
23.580
23.990
24.400
24.810
25.210
25.620
26.020
26.420
26.830
27.240
27.650
28.050
28.470
28.870
29.260
29.670
30.080
30.480
30.880
31.300
31.700
32.120
32.520
32.920
33.330
33.740
34.140
34.540
34.960
35.360
35.760
36.170
36.580
36.980
37.400
37.790
38.220
38.610
39.020
39.430
39.830
40.230
40.650
41.030
41.450
41.850
42.250
42.650
43.060
43.470
43.870
44.280
44.680
45.100
45.500
45.900
46.310
46.710
47.120
47.530
47.930
48.340
48.740
49.150
49.560
49.960
50.370
50.770
51.170
51.580
51.990
52.400
52.820
53.210
53.630
54.030
54.460
54.840
55.240
55.660
56.060
56.450
56.860
57.260
57.670
58.080
58.470
58.890
59.290
59.700
60.090
