0.120
0.530
0.900
1.300
1.680
2.080
2.470
2.860
3.240
3.640
4.030
4.420
4.800
5.200
5.590
5.980
6.360
6.750
7.140
7.540
7.920
8.310
8.710
9.100
9.480
9.880
10.270
10.660
11.040
11.430
11.820
12.220
12.610
13.000
13.390
13.780
14.170
14.560
14.950
15.340
15.720
16.120
16.510
16.900
17.280
17.680
18.070
18.460
18.850
19.230
19.630
20.020
20.420
20.790
21.190
21.580
21.960
22.360
22.750
23.140
23.520
23.920
24.310
24.700
25.090
25.480
25.870
26.260
26.650
27.040
27.430
27.820
28.210
28.600
28.990
29.380
29.770
