0.120
0.650
1.190
1.720
2.260
2.800
3.330
3.870
4.400
4.940
5.480
6.010
6.550
7.080
7.620
8.150
8.690
9.220
9.760
10.290
10.830
11.370
11.900
12.440
12.970
13.510
14.040
14.580
15.110
15.650
16.190
16.720
17.260
17.790
18.330
18.870
19.400
19.930
20.470
21.010
21.540
22.080
22.620
23.150
23.680
24.220
24.760
25.290
25.830
26.370
26.900
27.440
27.970
28.510
29.040
29.580
30.120
30.650
31.180
31.720
32.260
32.790
33.330
33.870
34.400
34.940
35.470
36.010
36.540
37.080
37.610
38.150
38.680
39.220
39.760
40.290
40.830
41.370
41.900
42.440
42.970
43.510
44.040
44.580
45.110
45.650
46.190
46.720
47.260
47.790
48.330
48.860
49.400
49.940
50.470
51.010
51.540
52.080
52.610
53.150
53.680
54.220
54.760
55.290
55.830
56.360
56.900
57.440
57.970
58.510
59.040
59.580
