0.310
0.650
1.010
1.350
1.690
2.060
2.400
2.740
3.100
3.450
3.800
4.130
4.480
4.840
5.190
5.540
5.890
6.250
6.590
6.930
7.270
7.620
7.980
8.330
8.690
9.040
9.390
9.730
10.070
10.420
10.770
11.130
11.480
11.830
12.180
12.520
12.870
13.220
13.570
13.920
14.270
14.630
14.980
15.310
15.660
16.010
16.370
16.720
17.070
17.420
17.770
18.110
18.460
18.820
19.170
19.510
19.860
20.210
20.570
20.910
21.250
21.610
21.960
22.310
22.660
23.010
23.360
23.700
24.030
24.400
24.750
25.090
25.450
25.800
26.150
26.490
26.830
27.190
27.540
27.890
28.250
28.600
28.940
29.280
29.620
29.970
