0.110
0.780
1.470
2.180
2.880
3.580
4.280
4.970
5.670
6.370
7.070
7.770
8.460
9.180
9.870
10.570
11.250
11.980
12.670
13.360
14.040
14.750
15.450
16.160
16.850
17.580
18.320
19.030
19.740
20.480
21.180
21.880
22.600
23.350
24.090
24.790
25.510
26.230
26.940
27.640
28.340
29.090
29.810
30.540
31.270
32.020
32.760
33.490
34.210
34.940
35.650
36.380
37.110
37.840
38.580
39.290
40.000
40.740
41.450
42.170
42.890
43.590
44.290
45.000
45.720
46.450
47.160
47.880
48.590
49.300
50.010
50.710
51.410
52.130
52.840
53.550
54.260
54.970
55.680
56.390
57.070
57.800
58.500
59.220
59.900
