0.160
0.610
1.060
1.500
1.940
2.390
2.840
3.290
3.730
4.190
4.640
5.090
5.540
6.000
6.460
6.920
7.370
7.830
8.280
8.740
9.180
9.630
10.090
10.540
11.000
11.450
11.910
12.370
12.830
13.270
13.730
14.170
14.630
15.080
15.530
15.970
16.420
16.870
17.320
17.760
18.220
18.670
19.120
19.580
20.020
20.480
20.940
21.380
21.860
22.300
22.750
23.200
23.650
24.110
24.560
25.000
25.460
25.910
26.360
26.800
27.270
27.720
28.170
28.620
29.070
29.510
29.960
30.400
30.850
31.300
31.740
32.180
32.640
33.090
33.540
33.980
34.430
34.880
35.320
35.770
36.220
36.660
37.100
37.540
37.990
38.430
38.870
39.300
39.750
40.190
40.650
41.090
41.540
41.980
42.430
42.860
43.310
43.760
44.200
44.640
45.100
45.540
45.980
46.420
46.870
47.320
47.760
48.200
48.660
49.100
49.560
50.000
50.450
50.900
51.340
51.790
52.240
52.690
53.140
53.570
54.030
54.480
54.930
55.370
55.820
56.290
56.740
57.210
57.680
58.140
58.600
59.060
59.520
59.970
