0.180
0.590
0.980
1.390
1.800
2.200
2.580
2.990
3.380
3.780
4.180
4.580
4.970
5.380
5.760
6.160
6.550
6.930
7.330
7.730
8.130
8.520
8.920
9.320
9.720
10.120
10.520
10.930
11.330
11.730
12.130
12.530
12.920
13.330
13.720
14.120
14.510
14.930
15.320
15.730
16.120
16.510
16.920
17.330
17.720
18.120
18.520
18.920
19.330
19.730
20.130
20.540
20.940
21.330
21.740
22.140
22.530
22.940
23.340
23.750
24.150
24.540
24.930
25.340
25.730
26.130
26.520
26.930
27.310
27.700
28.090
28.500
28.900
29.290
29.690
30.090
30.490
30.870
31.270
31.670
32.060
32.460
32.850
33.260
33.660
34.060
34.450
34.850
35.250
35.640
36.030
36.440
36.830
37.220
37.610
38.010
38.410
38.810
39.200
39.590
39.990
40.370
40.760
41.160
41.550
41.940
42.330
42.730
43.120
43.500
43.890
44.300
44.680
45.080
45.460
45.870
46.260
46.640
47.020
47.410
47.810
48.190
48.580
48.980
49.380
49.780
50.170
50.570
50.970
51.370
51.770
52.170
52.560
52.970
53.360
53.770
54.160
54.550
54.960
55.360
55.760
56.160
56.550
56.960
57.360
57.750
58.140
58.550
58.950
59.350
59.740
