0.240
0.700
1.150
1.620
2.070
2.540
2.980
3.470
3.960
4.430
4.900
5.380
5.860
6.350
6.820
7.310
7.790
8.280
8.750
9.220
9.700
10.150
10.620
11.100
11.560
12.040
12.520
12.980
13.460
13.940
14.420
14.900
15.380
15.850
16.320
16.800
17.270
17.740
18.190
18.660
19.140
19.620
20.090
20.560
21.030
21.500
21.990
22.470
22.950
23.430
23.920
24.390
24.860
25.330
25.790
26.260
26.740
27.220
27.690
28.160
28.620
29.100
29.580
30.060
30.540
31.020
31.490
31.970
32.420
32.880
33.340
33.800
34.260
34.720
35.180
35.640
36.110
36.570
37.030
37.490
37.960
38.420
38.880
39.330
39.800
40.260
40.700
41.180
41.640
42.090
42.540
43.000
43.450
43.920
44.370
44.840
45.300
45.760
46.220
46.670
47.130
47.580
48.040
48.490
48.950
49.410
49.870
50.320
50.780
51.230
51.690
52.150
52.590
53.050
53.500
53.950
54.410
54.850
55.300
55.740
56.180
56.620
57.070
57.530
57.980
58.430
58.870
59.320
59.780
