0.590
1.370
2.170
2.950
3.730
4.550
5.320
6.110
6.890
7.680
8.470
9.260
10.040
10.840
11.620
12.410
13.200
13.990
14.780
15.570
16.350
17.150
17.930
18.720
19.510
20.300
21.090
21.870
22.660
23.450
24.240
25.030
25.820
26.610
27.400
28.180
28.970
29.760
30.540
31.330
32.120
32.910
33.700
34.490
35.280
36.070
36.850
37.650
38.430
39.220
40.000
40.790
41.580
42.370
43.160
43.950
44.740
45.530
46.320
47.110
47.890
48.680
49.470
50.260
51.050
51.840
52.630
53.410
54.200
54.990
55.780
56.560
57.350
58.140
58.930
59.720
