0.100
0.540
1.000
1.460
1.930
2.390
2.850
3.310
3.770
4.220
4.690
5.160
5.620
6.080
6.540
7.000
7.460
7.920
8.390
8.840
9.300
9.770
10.220
10.690
11.160
11.620
12.080
12.530
13.000
13.460
13.900
14.380
14.850
15.310
15.770
16.230
16.680
17.150
17.610
18.070
18.540
18.990
19.460
19.920
20.390
20.840
21.300
21.770
22.230
22.690
23.160
23.610
24.070
24.540
25.000
25.460
25.920
26.380
26.850
27.300
27.770
28.230
28.680
29.150
29.620
30.080
30.540
31.000
31.460
31.920
32.380
32.840
33.310
33.760
34.230
34.690
35.150
35.610
36.070
36.530
37.000
37.460
37.930
38.380
38.840
39.310
39.760
40.230
40.690
41.160
41.620
42.070
42.530
43.000
43.450
43.920
44.380
44.840
45.310
45.770
46.230
46.690
47.150
47.610
48.080
48.530
49.010
49.460
49.920
50.390
50.840
51.300
51.770
52.240
52.700
53.150
53.620
54.080
54.540
54.990
55.460
55.920
56.390
56.840
57.310
57.770
58.220
58.690
59.150
59.620
60.110
