0.000
0.510
1.010
1.520
2.020
2.530
3.020
3.510
4.010
4.520
5.020
5.520
6.030
6.540
7.040
7.540
8.040
8.550
9.040
9.550
10.050
10.560
11.060
11.570
12.070
12.580
13.070
13.570
14.070
14.580
15.080
15.590
16.090
16.610
17.100
17.610
18.120
18.620
19.120
19.630
20.130
20.620
21.120
21.630
22.120
22.630
23.120
23.630
24.130
24.630
25.130
25.620
26.130
26.640
27.140
27.650
28.140
28.640
29.130
29.620
30.130
30.640
31.130
31.640
32.140
32.630
33.140
33.640
34.150
34.640
35.140
35.640
36.140
36.640
37.130
37.640
38.130
38.640
39.130
39.630
40.140
40.640
41.140
41.650
42.150
42.650
43.150
43.650
44.150
44.660
45.160
45.660
46.150
46.670
47.170
47.680
48.180
48.690
49.190
49.690
50.190
50.680
51.180
51.680
52.180
52.690
53.170
53.680
54.180
54.680
55.180
55.680
56.180
56.680
57.180
57.680
58.170
58.680
59.190
59.690
