0.250
0.730
1.190
1.660
2.140
2.620
3.090
3.570
4.040
4.520
4.980
5.450
5.940
6.400
6.870
7.350
7.820
8.290
8.760
9.230
9.710
10.200
10.710
11.180
11.690
12.190
12.680
13.150
13.640
14.120
14.590
15.070
15.550
16.020
16.500
16.970
17.430
17.910
18.380
18.840
19.310
19.790
20.280
20.780
21.250
21.740
22.200
22.680
23.150
23.600
24.070
24.540
25.010
25.490
25.960
26.450
26.920
27.400
27.880
28.360
28.840
29.320
29.780
30.260
30.720
31.200
31.660
32.130
32.590
33.080
33.540
34.010
34.480
34.940
35.410
35.880
36.340
36.820
37.280
37.750
38.220
38.690
39.150
39.610
40.080
40.560
41.020
41.490
41.980
42.450
42.930
43.410
43.880
44.370
44.830
45.320
45.800
46.280
46.750
47.220
47.680
48.160
48.640
49.100
49.590
50.080
50.560
51.050
51.530
52.030
52.500
52.980
53.450
53.910
54.380
54.860
55.340
55.810
56.300
56.760
57.240
57.740
58.200
58.690
59.160
59.640
60.120
