0.060
0.430
0.830
1.230
1.620
2.020
2.410
2.810
3.200
3.600
3.990
4.390
4.790
5.180
5.580
5.980
6.370
6.770
7.160
7.560
7.950
8.350
8.740
9.140
9.540
9.940
10.330
10.730
11.120
11.520
11.910
12.310
12.700
13.100
13.500
13.900
14.290
14.690
15.080
15.480
15.870
16.270
16.670
17.070
17.460
17.860
18.250
18.650
19.040
19.440
19.830
20.230
20.630
21.020
21.420
21.820
22.210
22.610
23.000
23.400
23.790
24.190
24.590
24.980
25.370
25.780
26.170
26.570
26.960
27.360
27.750
28.150
28.540
28.940
29.340
29.730
