0.270
0.840
1.410
1.980
2.550
3.120
3.700
4.270
4.840
5.410
5.980
6.560
7.130
7.700
8.270
8.840
9.420
9.980
10.560
11.130
11.700
12.270
12.850
13.410
13.990
14.550
15.130
15.700
16.270
16.840
17.420
17.990
18.560
19.130
19.700
20.270
20.840
21.410
21.990
22.560
23.130
23.700
24.270
24.840
25.420
25.990
26.560
27.130
27.710
28.270
28.860
29.410
29.990
30.560
31.140
31.700
32.280
32.840
33.420
33.990
34.560
35.130
35.710
36.280
36.850
37.420
38.000
38.560
39.140
39.700
40.280
40.850
41.420
41.990
42.560
43.140
43.710
44.280
44.850
45.420
45.990
46.560
47.140
47.710
48.280
48.850
49.420
49.990
50.570
51.130
51.710
52.280
52.860
53.420
54.000
54.570
55.140
55.710
56.290
56.850
57.430
57.990
58.570
59.140
59.710
