0.240
0.640
1.020
1.400
1.790
2.200
2.580
2.970
3.350
3.750
4.140
4.530
4.910
5.310
5.700
6.090
6.470
6.870
7.260
7.650
8.040
8.430
8.820
9.210
9.590
9.990
10.380
10.770
11.150
11.550
11.940
12.330
12.720
13.120
13.500
13.890
14.280
14.680
15.060
15.450
15.830
16.230
16.620
17.020
17.400
17.790
18.180
18.580
18.960
19.350
19.740
20.130
20.520
20.910
21.300
21.700
22.080
22.470
22.860
23.260
23.640
24.030
24.430
24.810
25.200
25.590
25.980
26.370
26.760
27.150
27.550
27.940
28.320
28.720
29.110
29.500
29.880
