0.070
0.510
0.930
1.360
1.800
2.220
2.650
3.080
3.510
3.940
4.360
4.790
5.230
5.650
6.080
6.510
6.940
7.360
7.790
8.220
8.640
9.080
9.510
9.940
10.350
10.790
11.220
11.650
12.080
12.510
12.930
13.360
13.790
14.220
14.650
15.080
15.510
15.940
16.360
16.790
17.220
17.650
18.080
18.510
18.940
19.360
19.790
20.220
20.650
21.080
21.510
21.940
22.370
22.790
23.220
23.650
24.080
24.510
24.940
25.370
25.790
26.220
26.650
27.080
27.500
27.940
28.360
28.790
29.230
29.650
30.080
30.510
30.940
31.360
31.790
32.220
32.650
33.080
33.510
33.940
34.370
34.790
35.220
35.650
36.080
36.510
36.940
37.360
37.800
38.220
38.650
39.080
39.510
39.940
40.360
40.790
41.210
41.650
42.080
42.510
42.940
43.360
43.790
44.220
44.650
45.080
45.510
45.940
46.370
46.790
47.220
47.650
48.060
48.510
48.940
49.370
49.790
50.220
50.650
51.080
51.500
51.940
52.360
52.790
53.220
53.650
54.080
54.510
54.940
55.350
55.790
56.220
56.650
57.080
57.500
57.940
58.370
58.790
59.220
59.650
60.090
