0.400
0.860
1.300
1.750
2.200
2.630
3.070
3.520
3.980
4.410
4.850
5.300
5.730
6.170
6.620
7.070
7.520
7.950
8.400
8.830
9.280
9.710
10.150
10.590
11.030
11.470
11.900
12.340
12.780
13.220
13.670
14.090
14.540
15.000
15.460
15.890
16.360
16.810
17.250
17.690
18.130
18.590
19.030
19.460
19.900
20.350
20.790
21.230
21.680
22.130
22.580
23.020
23.470
23.910
24.360
24.790
25.240
25.700
26.140
26.580
27.030
27.470
27.910
28.330
28.770
29.220
29.670
30.110
30.570
31.010
31.450
31.890
32.340
32.780
33.220
33.660
34.090
34.540
34.980
35.410
35.840
36.290
36.730
37.170
37.600
38.150
38.690
39.130
39.570
40.020
40.460
40.880
41.330
41.770
42.210
42.640
43.090
43.530
43.990
44.450
44.890
45.320
45.780
46.230
46.670
47.110
47.560
48.000
48.440
48.870
49.320
49.760
50.190
50.630
51.090
51.530
51.960
52.410
52.860
53.290
53.730
54.170
54.620
55.060
55.510
55.960
56.390
56.850
57.290
57.740
58.160
58.620
59.070
59.520
59.960
