0.320
0.910
1.490
2.080
2.680
3.270
3.860
4.450
5.050
5.630
6.230
6.810
7.410
7.990
8.580
9.180
9.780
10.370
10.970
11.560
12.160
12.750
13.340
13.940
14.530
15.120
15.710
16.290
16.880
17.480
18.060
18.650
19.250
19.850
20.440
21.030
21.640
22.230
22.820
23.400
23.990
24.580
25.170
25.750
26.340
26.920
27.500
28.080
28.670
29.250
29.830
30.420
31.010
31.580
32.160
32.750
33.330
33.900
34.470
35.050
35.640
36.210
36.790
37.370
37.960
38.540
39.110
39.690
40.280
40.860
41.440
42.020
42.610
43.190
43.770
44.360
44.950
45.540
46.120
46.700
47.290
47.870
48.460
49.040
49.630
50.210
50.790
51.380
51.960
52.540
53.130
53.710
54.290
54.870
55.450
56.030
56.620
57.200
57.790
58.360
58.950
59.540
60.120
