0.360
1.200
2.000
2.830
3.650
4.460
5.270
6.070
6.870
7.670
8.510
9.310
10.130
10.940
11.770
12.570
13.380
14.190
15.010
15.830
16.640
17.460
18.290
19.080
19.860
20.660
21.480
22.300
23.080
23.900
24.690
25.490
26.270
27.110
27.910
28.720
29.520
30.360
31.170
31.990
32.790
33.630
34.450
35.250
36.050
36.890
37.710
38.530
39.340
40.160
40.980
41.800
42.620
43.450
44.260
45.070
45.880
46.730
47.540
48.350
49.170
49.980
50.820
51.640
52.470
53.280
54.100
54.910
55.700
56.510
57.320
58.140
58.950
59.740
