0.480
1.030
1.560
2.100
2.640
3.190
3.720
4.270
4.790
5.330
5.870
6.400
6.930
7.480
8.010
8.540
9.070
9.610
10.140
10.680
11.210
11.750
12.290
12.810
13.340
13.880
14.420
14.960
15.500
16.040
16.580
17.100
17.620
18.160
18.700
19.230
19.770
20.300
20.840
21.380
21.920
22.460
23.000
23.550
24.080
24.620
25.160
25.710
26.240
26.780
27.320
27.860
28.390
28.930
29.480
30.020
30.550
31.080
31.620
32.160
32.690
33.220
33.770
34.310
34.830
35.370
35.910
36.460
36.990
37.530
38.070
38.610
39.130
39.660
40.210
40.750
41.280
41.830
42.380
42.920
43.440
43.970
44.510
45.050
45.570
46.100
46.650
47.190
47.710
48.240
48.760
49.310
49.840
50.380
50.920
51.460
51.990
52.520
53.060
53.610
54.140
54.670
55.210
55.740
56.270
56.820
57.360
57.880
58.420
58.940
59.470
60.000
