0.580
1.330
2.080
2.820
3.580
4.330
5.080
5.830
6.580
7.320
8.080
8.830
9.580
10.330
11.090
11.840
12.590
13.340
14.090
14.850
15.610
16.350
17.100
17.850
18.610
19.360
20.100
20.850
21.600
22.360
23.100
23.860
24.610
25.350
26.100
26.850
27.610
28.360
29.120
29.870
30.610
31.360
32.130
32.870
33.620
34.370
35.130
35.880
36.620
37.380
38.140
38.880
39.630
40.380
41.140
41.890
42.640
43.390
44.150
44.890
45.640
46.390
47.150
47.900
48.650
49.420
50.210
50.960
51.660
52.410
53.150
53.910
54.670
55.400
56.160
56.910
57.670
58.410
59.160
59.900
