0.520
1.260
1.990
2.750
3.530
4.300
5.060
5.810
6.550
7.300
8.020
8.760
9.490
10.220
10.950
11.690
12.420
13.130
13.870
14.600
15.340
16.070
16.800
17.530
18.260
18.990
19.730
20.460
21.200
21.940
22.670
23.400
24.120
24.850
25.580
26.300
27.040
27.790
28.510
29.240
29.960
30.710
31.440
32.180
32.900
33.640
34.370
35.120
35.840
36.570
37.300
38.030
38.750
39.490
40.220
40.960
41.680
42.430
43.150
43.880
44.610
45.360
46.100
46.820
47.530
48.300
49.020
49.770
50.510
51.270
52.010
52.750
53.490
54.250
54.980
55.700
56.450
57.180
57.920
58.640
59.350
60.120
