0.620
1.380
2.140
2.900
3.650
4.390
5.140
5.880
6.620
7.360
8.110
8.860
9.600
10.340
11.100
11.850
12.660
13.390
14.190
14.940
15.700
16.470
17.250
18.030
18.810
19.580
20.340
21.090
21.840
22.590
23.330
24.080
24.840
25.580
26.320
27.050
27.800
28.540
29.270
30.030
30.750
31.510
32.250
32.980
33.720
34.460
35.190
35.920
36.660
37.400
38.140
38.870
39.610
40.350
41.070
41.800
42.550
43.290
44.030
44.770
45.520
46.250
46.990
47.720
48.460
49.190
49.930
50.660
51.400
52.130
52.860
53.600
54.340
55.060
55.790
56.540
57.280
58.010
58.750
59.480
