0.290
0.670
1.070
1.460
1.860
2.250
2.650
3.040
3.430
3.830
4.230
4.620
5.020
5.410
5.810
6.200
6.600
6.990
7.380
7.780
8.180
8.570
8.960
9.360
9.760
10.150
10.550
10.940
11.340
11.730
12.120
12.520
12.920
13.300
13.700
14.090
14.490
14.890
15.280
15.670
16.060
16.460
16.860
17.250
17.660
18.050
18.440
18.830
19.230
19.620
20.020
20.410
20.810
21.200
21.590
21.990
22.390
22.780
23.180
23.570
23.960
24.360
24.750
25.150
25.550
25.940
26.330
26.730
27.130
27.520
27.910
28.310
28.700
29.090
29.490
29.880
