0.090
0.460
0.820
1.180
1.540
1.900
2.260
2.620
2.980
3.350
3.710
4.080
4.430
4.800
5.150
5.520
5.870
6.240
6.600
6.970
7.340
7.690
8.050
8.420
8.760
9.130
9.490
9.850
10.210
10.580
10.940
11.300
11.650
12.020
12.380
12.740
13.100
13.460
13.820
14.180
14.540
14.920
15.270
15.630
16.000
16.350
16.720
17.090
17.440
17.810
18.160
18.510
18.880
19.250
19.610
19.970
20.320
20.670
21.040
21.400
21.770
22.130
22.490
22.860
23.220
23.580
23.940
24.300
24.660
25.020
25.390
25.750
26.110
26.470
26.840
27.200
27.560
27.910
28.280
28.630
28.990
29.360
29.730
30.080
