0.150
0.950
1.730
2.520
3.310
4.100
4.890
5.690
6.470
7.250
8.050
8.840
9.620
10.410
11.200
12.000
12.780
13.570
14.360
15.160
15.940
16.730
17.520
18.320
19.100
19.890
20.670
21.470
22.250
23.040
23.840
24.640
25.410
26.200
26.990
27.790
28.570
29.360
30.150
30.950
31.720
32.510
33.310
34.100
34.890
35.670
36.470
37.260
38.050
38.840
39.620
40.420
41.200
41.990
42.780
43.570
44.360
45.150
45.940
46.740
47.520
48.310
49.100
49.890
50.680
51.470
52.250
53.050
53.840
54.620
55.420
56.210
56.980
57.780
58.570
59.360
