0.450
0.930
1.400
1.890
2.370
2.860
3.330
3.820
4.300
4.770
5.250
5.740
6.210
6.690
7.170
7.660
8.140
8.620
9.090
9.570
10.060
10.530
11.010
11.490
11.960
12.440
12.920
13.400
13.890
14.370
14.850
15.330
15.820
16.290
16.780
17.260
17.740
18.220
18.690
19.170
19.640
20.120
20.610
21.090
21.570
22.040
22.530
23.000
23.490
23.970
24.460
24.930
25.410
25.890
26.360
26.840
27.330
27.810
28.300
28.780
29.250
29.730
30.210
30.690
31.170
31.660
32.130
32.620
33.100
33.590
34.060
34.530
35.030
35.500
35.970
36.450
36.930
37.410
37.890
38.370
38.850
39.320
39.810
40.300
40.770
41.250
41.730
42.220
42.700
43.170
43.660
44.140
44.610
45.090
45.560
46.040
46.540
47.020
47.510
47.980
48.460
48.950
49.420
49.890
50.370
50.850
51.340
51.820
52.290
52.780
53.260
53.740
54.220
54.690
55.180
55.640
56.140
56.620
57.100
57.570
58.060
58.540
59.010
59.490
59.980
