0.300
0.650
1.000
1.340
1.690
2.040
2.390
2.720
3.060
3.420
3.770
4.120
4.460
4.820
5.160
5.500
5.850
6.200
6.550
6.900
7.240
7.590
7.940
8.280
8.630
8.970
9.320
9.660
10.010
10.360
10.720
11.060
11.400
11.750
12.100
12.440
12.790
13.140
13.490
13.830
14.170
14.520
14.870
15.210
15.550
15.900
16.250
16.600
16.940
17.290
17.630
17.980
18.320
18.680
19.020
19.370
19.710
20.060
20.410
20.760
21.100
21.450
21.800
22.150
22.490
22.840
23.180
23.530
23.870
24.230
24.560
24.910
25.280
25.610
25.970
26.310
26.660
27.000
27.350
27.690
28.050
28.380
28.740
29.080
29.430
29.770
30.120
30.460
30.830
31.160
31.520
31.860
32.200
32.540
32.900
33.230
33.580
33.940
34.280
34.630
34.980
35.310
35.670
36.010
36.370
36.710
37.060
37.400
37.760
38.100
38.450
38.790
39.150
39.480
39.840
40.190
40.540
40.870
41.220
41.560
41.920
42.260
42.620
42.960
43.310
43.650
44.000
44.340
44.680
45.030
45.380
45.720
46.080
46.410
46.770
47.120
47.460
47.800
48.150
48.490
48.840
49.190
49.540
49.880
50.230
50.580
50.940
51.290
51.630
51.970
52.320
52.660
53.010
53.350
53.700
54.030
54.390
54.730
55.080
55.430
55.790
56.130
56.480
56.820
57.170
57.510
57.860
58.200
58.550
58.890
59.260
59.600
59.940
