0.310
0.780
1.250
1.730
2.200
2.670
3.140
3.610
4.090
4.560
5.040
5.510
5.980
6.440
6.910
7.390
7.860
8.330
8.810
9.280
9.750
10.230
10.700
11.170
11.640
12.120
12.590
13.060
13.530
14.000
14.470
14.950
15.420
15.900
16.370
16.840
17.310
17.780
18.260
18.740
19.220
19.690
20.140
20.620
21.090
21.570
22.040
22.510
22.980
23.450
23.930
24.400
24.870
25.340
25.820
26.290
26.760
27.230
27.710
28.180
28.650
29.120
29.600
30.070
30.540
31.010
31.490
31.960
32.430
32.900
33.370
33.850
34.320
34.790
35.270
35.740
36.210
36.680
37.160
37.630
38.100
38.570
39.050
39.520
39.990
40.460
40.930
41.410
41.880
42.350
42.820
43.300
43.770
44.240
44.710
45.190
45.660
46.130
46.600
47.080
47.550
48.020
48.490
48.970
49.440
49.910
50.380
50.860
51.330
51.800
52.270
52.750
53.220
53.690
54.160
54.640
55.110
55.580
56.050
56.530
57.000
57.470
57.940
58.420
58.890
59.360
59.830
