0.180
0.520
0.870
1.200
1.550
1.890
2.240
2.580
2.920
3.260
3.600
3.940
4.280
4.630
4.980
5.320
5.660
6.000
6.350
6.680
7.030
7.370
7.710
8.060
8.400
8.740
9.080
9.430
9.770
10.110
10.450
10.800
11.140
11.480
11.820
12.160
12.510
12.840
13.190
13.530
13.880
14.220
14.560
14.910
15.250
15.590
15.930
16.270
16.610
16.950
17.300
17.640
17.980
18.330
18.670
19.010
19.360
19.700
20.040
20.380
20.730
21.060
21.410
21.750
22.090
22.430
22.780
23.120
23.460
23.800
24.150
24.490
24.830
25.170
25.520
25.860
26.200
26.540
26.890
27.230
27.570
27.910
28.260
28.590
28.940
29.280
29.620
29.960
30.310
30.650
30.990
31.340
31.680
32.020
32.360
32.710
33.050
33.390
33.730
34.070
34.420
34.760
35.100
35.440
35.790
36.130
36.470
36.810
37.160
37.500
37.840
38.180
38.530
38.870
39.210
39.550
39.890
40.230
40.580
40.920
41.260
41.600
41.950
42.290
42.640
42.980
43.320
43.660
44.010
44.350
44.690
45.030
45.380
45.720
46.060
46.400
46.740
47.090
47.430
47.770
48.120
48.450
48.800
49.140
49.480
49.820
50.170
50.510
50.850
51.190
51.530
51.870
52.220
52.560
52.910
53.250
53.590
53.930
54.280
54.620
54.960
55.310
55.650
55.980
56.330
56.670
57.010
57.360
57.700
58.040
58.380
58.720
59.070
59.400
59.750
