0.480
1.130
1.770
2.420
3.070
3.710
4.360
5.000
5.650
6.290
6.940
7.580
8.220
8.870
9.520
10.160
10.810
11.450
12.100
12.750
13.380
14.030
14.680
15.330
15.970
16.620
17.260
17.910
18.550
19.200
19.840
20.490
21.130
21.780
22.420
23.070
23.710
24.360
25.000
25.640
26.300
26.950
27.590
28.240
28.880
29.530
30.160
30.820
31.460
32.110
32.740
33.390
34.040
34.690
35.330
35.970
36.620
37.260
37.900
38.550
39.190
39.840
40.490
41.130
41.780
42.420
43.060
43.710
44.360
45.000
45.650
46.290
46.940
47.590
48.230
48.870
49.520
50.170
50.810
51.460
52.090
52.730
53.380
54.020
54.680
55.330
55.970
56.610
57.260
57.910
58.550
59.200
59.840
