0.000
0.360
0.710
1.080
1.430
1.800
2.150
2.520
2.870
3.230
3.590
3.950
4.310
4.660
5.030
5.380
5.730
6.080
6.440
6.800
7.150
7.510
7.880
8.240
8.590
8.950
9.300
9.650
10.020
10.370
10.730
11.080
11.440
11.800
12.160
12.520
12.870
13.230
13.600
13.950
14.300
14.650
15.010
15.370
15.720
16.070
16.440
16.800
17.150
17.510
17.870
18.210
18.580
18.930
19.300
19.660
20.010
20.370
20.730
21.080
21.430
21.790
22.140
22.500
22.860
23.220
23.580
23.940
24.280
24.650
25.010
25.370
25.720
26.070
26.440
26.790
27.150
27.500
27.860
28.220
28.580
28.930
29.300
29.650
30.010
30.360
30.720
31.080
31.440
31.780
32.150
32.500
32.860
33.220
33.580
33.930
34.290
34.650
35.000
35.360
35.710
36.070
36.440
36.800
37.150
37.500
37.870
38.220
38.580
38.930
39.300
39.650
40.000
40.350
40.720
41.060
41.430
41.780
42.150
42.510
42.860
43.220
43.580
43.930
44.290
44.640
45.000
45.360
45.720
46.070
46.430
46.790
47.140
47.510
47.860
48.230
48.570
48.930
49.290
49.640
50.000
50.350
50.720
51.080
51.430
51.780
52.160
52.500
52.860
53.220
53.580
53.940
54.290
54.640
55.000
55.350
55.710
56.070
56.430
56.790
57.130
57.490
57.860
58.210
58.580
58.930
59.310
59.660
60.030
