0.050
0.530
1.010
1.500
1.990
2.490
2.970
3.450
3.940
4.450
4.930
5.430
5.910
6.410
6.900
7.400
7.880
8.380
8.870
9.360
9.840
10.340
10.830
11.320
11.800
12.300
12.790
13.280
13.770
14.270
14.750
15.240
15.730
16.230
16.710
17.210
17.690
18.190
18.670
19.170
19.660
20.150
20.640
21.130
21.620
22.120
22.600
23.100
23.580
24.080
24.570
25.060
25.550
26.040
26.520
27.020
27.510
28.000
28.490
28.980
29.470
29.960
30.450
30.940
31.430
31.930
32.420
32.910
33.390
33.890
34.380
34.870
35.360
35.850
36.340
36.840
37.330
37.820
38.300
38.800
39.290
39.790
40.270
40.760
41.250
41.750
42.220
42.720
43.210
43.710
44.190
44.680
45.170
45.670
46.150
46.650
47.130
47.630
48.120
48.610
49.100
49.590
50.080
50.570
51.050
51.550
52.040
52.530
53.020
53.520
54.000
54.490
54.980
55.480
55.950
56.460
56.950
57.440
57.920
58.420
58.910
59.400
59.890
