0.230
0.680
1.140
1.600
2.050
2.510
2.980
3.430
3.870
4.320
4.780
5.230
5.680
6.130
6.590
7.040
7.500
7.960
8.430
8.870
9.320
9.770
10.240
10.690
11.140
11.600
12.050
12.500
12.950
13.400
13.880
14.330
14.770
15.230
15.690
16.140
16.590
17.050
17.500
17.950
18.420
18.870
19.330
19.790
20.230
20.690
21.130
21.590
22.050
22.500
22.950
23.410
23.860
24.330
24.790
25.240
25.690
26.150
26.600
27.040
27.500
27.960
28.420
28.870
29.320
29.790
30.240
30.680
31.130
31.590
32.040
32.490
32.940
33.400
33.870
34.330
34.790
35.240
35.690
36.160
36.600
37.060
37.500
37.960
38.410
38.870
39.320
39.780
40.230
40.680
41.130
41.590
42.040
42.490
42.950
43.410
43.860
44.330
44.780
45.240
45.690
46.150
46.600
47.050
47.510
47.970
48.420
48.860
49.310
49.770
50.220
50.670
51.120
51.590
52.050
52.500
52.950
53.410
53.860
54.320
54.780
55.230
55.680
56.120
56.590
57.040
57.500
57.960
58.420
58.880
59.330
59.770
