0.160
0.870
1.590
2.290
3.000
3.710
4.410
5.130
5.840
6.540
7.230
7.930
8.620
9.320
10.030
10.740
11.440
12.160
12.860
13.580
14.270
14.970
15.680
16.390
17.100
17.810
18.510
19.220
19.920
20.630
21.340
22.050
22.760
23.470
24.170
24.880
25.580
26.280
26.980
27.700
28.400
29.130
29.830
30.540
31.250
31.950
32.660
33.370
34.080
34.790
35.490
36.200
36.890
37.610
38.330
39.030
39.720
40.430
41.120
41.820
42.520
43.230
43.940
44.650
45.350
46.060
46.760
47.470
48.160
48.870
49.580
50.280
50.990
51.700
52.410
53.120
53.830
54.540
55.240
55.940
56.630
57.340
58.030
58.750
59.440
