0.360
0.900
1.450
2.000
2.550
3.080
3.620
4.180
4.730
5.270
5.820
6.370
6.920
7.460
8.020
8.560
9.110
9.640
10.200
10.740
11.290
11.820
12.380
12.930
13.460
14.010
14.570
15.120
15.660
16.190
16.750
17.280
17.830
18.370
18.910
19.460
20.030
20.560
21.110
21.660
22.200
22.750
23.290
23.840
24.390
24.930
25.480
26.020
26.570
27.110
27.640
28.200
28.740
29.270
29.820
30.350
30.900
31.430
31.970
32.530
33.070
33.600
34.140
34.670
35.230
35.760
36.300
36.850
37.400
37.930
38.480
39.010
39.550
40.080
40.620
41.160
41.710
42.250
42.790
43.330
43.870
44.410
44.950
45.500
46.040
46.580
47.130
47.660
48.210
48.740
49.290
49.830
50.380
50.910
51.450
51.970
52.530
53.040
53.580
54.120
54.670
55.210
55.750
56.290
56.830
57.370
57.910
58.460
59.010
59.540
60.120
