0.070
0.400
0.760
1.110
1.470
1.830
2.190
2.540
2.900
3.260
3.630
3.990
4.350
4.710
5.060
5.420
5.780
6.140
6.500
6.840
7.210
7.570
7.920
8.260
8.620
8.980
9.330
9.670
10.020
10.360
10.720
11.070
11.430
11.790
12.150
12.510
12.870
13.220
13.580
13.940
14.300
14.650
15.010
15.370
15.730
16.100
16.450
16.800
17.170
17.520
17.890
18.250
18.610
18.960
19.330
19.660
20.030
20.370
20.730
21.100
21.450
21.810
22.170
22.520
22.880
23.230
23.590
23.960
24.320
24.670
25.030
25.380
25.750
26.080
26.440
26.790
27.160
27.510
27.870
28.240
28.600
28.950
29.320
29.680
30.050
