0.360
0.790
1.230
1.670
2.100
2.530
2.970
3.410
3.840
4.270
4.710
5.150
5.580
6.010
6.440
6.880
7.320
7.750
8.190
8.630
9.060
9.490
9.920
10.360
10.790
11.230
11.670
12.100
12.530
12.970
13.400
13.840
14.270
14.710
15.140
15.580
16.010
16.450
16.880
17.310
17.750
18.190
18.620
19.060
19.490
19.920
20.350
20.790
21.230
21.660
22.100
22.540
22.970
23.410
23.840
24.270
24.710
25.150
25.580
26.010
26.450
26.880
27.310
27.750
28.180
28.620
29.060
29.490
29.930
30.370
30.800
31.230
31.670
32.100
32.540
32.970
33.400
33.840
34.270
34.710
35.140
35.580
36.010
36.450
36.880
37.320
37.750
38.190
38.620
39.060
39.490
39.930
40.360
40.800
41.230
41.660
42.100
42.540
42.970
43.410
43.840
44.280
44.710
45.140
45.580
46.020
46.450
46.890
47.320
47.750
48.180
48.620
49.060
49.490
49.930
50.360
50.800
51.230
51.660
52.100
52.540
52.970
53.410
53.850
54.270
54.710
55.140
55.580
56.010
56.450
56.880
57.320
57.760
58.190
58.620
59.060
59.490
59.930
