0.190
0.570
0.970
1.360
1.760
2.150
2.550
2.950
3.340
3.730
4.140
4.520
4.910
5.310
5.710
6.100
6.500
6.890
7.290
7.680
8.080
8.470
8.850
9.260
9.640
10.050
10.440
10.830
11.230
11.620
12.020
12.420
12.810
13.210
13.590
13.990
14.390
14.780
15.170
15.570
15.970
16.350
16.750
17.140
17.550
17.940
18.340
18.720
19.120
19.510
19.910
20.290
20.700
21.090
21.490
21.890
22.280
22.680
23.070
23.460
23.860
24.250
24.650
25.050
25.440
25.830
26.230
26.620
27.030
27.410
27.830
28.200
28.590
28.990
29.380
29.770
