0.330
0.750
1.160
1.570
1.990
2.400
2.810
3.220
3.620
4.040
4.450
4.860
5.270
5.690
6.110
6.510
6.920
7.340
7.750
8.160
8.560
8.980
9.380
9.790
10.220
10.620
11.040
11.440
11.850
12.260
12.670
13.080
13.500
13.910
14.320
14.730
15.150
15.560
15.980
16.380
16.780
17.190
17.600
18.010
18.420
18.830
19.250
19.660
20.070
20.480
20.890
21.310
21.710
22.120
22.530
22.940
23.360
23.760
24.180
24.590
25.000
25.400
25.820
26.240
26.650
27.050
27.470
27.880
28.290
28.690
29.100
29.510
29.920
30.330
30.730
31.140
31.560
31.970
32.370
32.780
33.190
33.600
34.010
34.420
34.840
35.240
35.660
36.070
36.480
36.890
37.290
37.710
38.130
38.530
38.950
39.350
39.760
40.170
40.590
40.990
41.410
41.820
42.230
42.640
43.060
43.470
43.890
44.300
44.710
45.120
45.530
45.940
46.360
46.770
47.170
47.580
47.990
48.400
48.810
49.210
49.640
50.030
50.450
50.870
51.270
51.680
52.090
52.510
52.920
53.330
53.750
54.170
54.580
54.990
55.400
55.820
56.220
56.630
57.060
57.470
57.880
58.280
58.690
59.100
59.510
59.920
