0.220
0.590
0.960
1.310
1.670
2.040
2.420
2.790
3.140
3.500
3.870
4.230
4.610
4.970
5.340
5.700
6.050
6.410
6.770
7.130
7.510
7.870
8.240
8.600
8.960
9.320
9.690
10.030
10.400
10.750
11.130
11.490
11.840
12.200
12.560
12.920
13.280
13.650
14.010
14.370
14.720
15.090
15.460
15.800
16.170
16.530
16.890
17.240
17.600
17.950
18.280
18.640
19.040
19.410
19.780
20.130
20.480
20.850
21.220
21.570
21.930
22.300
22.660
23.020
23.380
23.730
24.100
24.450
24.820
25.180
25.540
25.900
26.240
26.610
26.980
27.330
27.710
28.070
28.430
28.790
29.130
29.490
29.840
