0.000
0.420
0.820
1.210
1.600
1.990
2.380
2.780
3.170
3.560
3.950
4.350
4.740
5.130
5.530
5.920
6.300
6.700
7.090
7.490
7.880
8.270
8.660
9.050
9.440
9.830
10.240
10.630
11.020
11.410
11.790
12.190
12.580
12.970
13.370
13.760
14.150
14.540
14.930
15.330
15.720
16.110
16.500
16.900
17.290
17.680
18.070
18.470
18.860
19.250
19.640
20.040
20.420
20.820
21.210
21.610
21.990
22.390
22.790
23.180
23.560
23.960
24.340
24.740
25.130
25.520
25.910
26.310
26.700
27.090
27.480
27.880
28.270
28.690
29.060
29.450
29.860
