0.400
1.070
1.730
2.460
3.150
3.830
4.500
5.190
5.870
6.550
7.210
7.880
8.570
9.240
9.900
10.570
11.240
11.900
12.570
13.240
13.910
14.570
15.240
15.910
16.580
17.250
17.930
18.620
19.290
19.970
20.650
21.340
22.020
22.690
23.360
24.040
24.710
25.390
26.050
26.710
27.370
28.010
28.650
29.290
29.940
30.620
31.260
31.930
32.590
33.260
33.920
34.590
35.270
35.950
36.610
37.270
37.940
38.610
39.250
39.920
40.570
41.240
41.900
42.560
43.230
43.890
44.550
45.190
45.860
46.530
47.190
47.860
48.530
49.200
49.850
50.510
51.180
51.850
52.500
53.160
53.800
54.460
55.100
55.740
56.420
57.080
57.750
58.410
59.080
59.740
