0.300
0.770
1.230
1.690
2.150
2.610
3.070
3.540
3.990
4.450
4.920
5.380
5.840
6.300
6.760
7.230
7.680
8.150
8.610
9.070
9.530
9.990
10.450
10.910
11.370
11.830
12.300
12.760
13.220
13.680
14.140
14.600
15.060
15.520
15.980
16.450
16.900
17.370
17.830
18.290
18.750
19.210
19.670
20.140
20.600
21.060
21.520
21.980
22.440
22.890
23.360
23.830
24.280
24.740
25.200
25.670
26.130
26.590
27.050
27.510
27.970
28.430
28.890
29.350
29.810
30.270
30.740
31.200
31.660
32.120
32.580
33.040
33.500
33.970
34.430
34.890
35.350
35.800
36.270
36.730
37.190
37.650
38.110
38.580
39.030
39.490
39.960
40.420
40.880
41.340
41.800
42.260
42.720
43.180
43.650
44.110
44.570
45.030
45.490
45.960
46.420
46.870
47.330
47.800
48.250
48.720
49.180
49.650
50.100
50.560
51.030
51.490
51.950
52.410
52.870
53.330
53.790
54.250
54.710
55.170
55.630
56.100
56.560
57.020
57.480
57.940
58.400
58.870
59.320
59.790
