0.270
0.630
0.990
1.330
1.700
2.050
2.410
2.780
3.140
3.510
3.870
4.220
4.580
4.930
5.300
5.670
6.050
6.420
6.790
7.160
7.540
7.900
8.280
8.640
9.010
9.370
9.740
10.100
10.460
10.830
11.200
11.560
11.930
12.300
12.660
13.040
13.400
13.770
14.140
14.500
14.870
15.240
15.600
15.960
16.320
16.680
17.050
17.410
17.780
18.140
18.520
18.880
19.240
19.610
19.980
20.350
20.730
21.090
21.470
21.820
22.190
22.550
22.920
23.290
23.650
24.020
24.380
24.750
25.120
25.470
25.830
26.200
26.570
26.930
27.300
27.650
28.020
28.370
28.720
29.080
29.450
29.820
