0.250
0.710
1.170
1.630
2.090
2.560
3.020
3.480
3.940
4.400
4.870
5.320
5.790
6.250
6.710
7.170
7.630
8.100
8.550
9.010
9.480
9.940
10.400
10.860
11.320
11.780
12.250
12.710
13.170
13.630
14.090
14.550
15.010
15.480
15.940
16.400
16.860
17.320
17.780
18.240
18.700
19.170
19.630
20.090
20.550
21.010
21.470
21.940
22.410
22.860
23.330
23.780
24.240
24.710
25.170
25.630
26.090
26.550
27.010
27.470
27.940
28.400
28.860
29.320
29.780
30.250
30.710
31.170
31.640
32.090
32.560
33.010
33.470
33.940
34.400
34.860
35.320
35.780
36.250
36.710
37.170
37.630
38.090
38.550
39.010
39.480
39.940
40.400
40.860
41.320
41.790
42.250
42.710
43.150
43.630
44.090
44.550
45.020
45.470
45.930
46.400
46.860
47.320
47.780
48.250
48.700
49.170
49.630
50.090
50.550
51.020
51.470
51.930
52.400
52.860
53.320
53.780
54.240
54.700
55.170
55.630
56.090
56.550
57.010
57.470
57.930
58.380
58.840
59.300
59.760
