0.650
1.390
2.110
2.850
3.580
4.320
5.060
5.800
6.550
7.290
8.030
8.760
9.500
10.240
10.980
11.730
12.490
13.220
13.960
14.710
15.450
16.180
16.920
17.670
18.410
19.140
19.870
20.610
21.350
22.080
22.810
23.550
24.310
25.040
25.770
26.510
27.270
28.010
28.730
29.480
30.230
30.960
31.710
32.450
33.200
33.940
34.660
35.390
36.150
36.890
37.610
38.360
39.120
39.860
40.600
41.350
42.080
42.810
43.540
44.270
45.040
45.790
46.520
47.240
48.000
48.730
49.480
50.220
50.960
51.700
52.450
53.180
53.920
54.650
55.380
56.130
56.900
57.640
58.370
59.100
59.840
