0.180
0.550
0.910
1.270
1.640
2.000
2.370
2.740
3.110
3.470
3.840
4.200
4.570
4.940
5.300
5.670
6.030
6.420
6.760
7.130
7.500
7.860
8.220
8.590
8.970
9.320
9.690
10.050
10.420
10.790
11.130
11.520
11.880
12.250
12.620
12.980
13.350
13.720
14.080
14.450
14.810
15.180
15.540
15.910
16.280
16.640
17.010
17.370
17.740
18.110
18.470
18.840
19.200
19.570
19.930
20.300
20.670
21.030
21.400
21.760
22.130
22.490
22.860
23.230
23.580
23.960
24.330
24.690
25.060
25.420
25.790
26.160
26.520
26.890
27.240
27.610
27.980
28.350
28.720
29.080
29.450
29.800
