0.100
0.550
1.020
1.490
1.960
2.430
2.890
3.360
3.830
4.300
4.770
5.240
5.710
6.180
6.640
7.110
7.580
8.050
8.520
8.990
9.460
9.920
10.390
10.860
11.330
11.810
12.280
12.740
13.210
13.680
14.150
14.610
15.080
15.550
16.020
16.490
16.960
17.430
17.890
18.370
18.830
19.300
19.770
20.240
20.710
21.180
21.640
22.110
22.580
23.050
23.520
23.990
24.460
24.930
25.390
25.860
26.330
26.800
27.270
27.740
28.210
28.680
29.140
29.610
30.080
30.550
31.020
31.490
31.950
32.430
32.890
33.360
33.830
34.300
34.770
35.240
35.710
36.180
36.640
37.110
37.580
38.050
38.520
38.990
39.460
39.920
40.390
40.860
41.330
41.800
42.270
42.740
43.220
43.700
44.180
44.650
45.110
45.600
46.070
46.530
47.000
47.460
47.920
48.390
48.860
49.330
49.800
50.250
50.710
51.180
51.650
52.120
52.580
53.040
53.500
53.970
54.430
54.900
55.370
55.830
56.300
56.760
57.220
57.680
58.160
58.620
59.070
59.530
59.990
