0.360
0.910
1.470
2.020
2.590
3.150
3.720
4.270
4.830
5.400
5.980
6.550
7.110
7.680
8.260
8.820
9.400
9.950
10.530
11.100
11.660
12.230
12.790
13.350
13.920
14.480
15.050
15.620
16.180
16.750
17.320
17.890
18.450
19.030
19.590
20.160
20.720
21.290
21.850
22.420
22.990
23.560
24.140
24.700
25.260
25.830
26.400
26.960
27.540
28.100
28.680
29.250
29.800
30.380
30.950
31.510
32.080
32.660
33.230
33.800
34.360
34.940
35.520
36.090
36.660
37.230
37.800
38.350
38.920
39.500
40.080
40.640
41.210
41.780
42.360
42.920
43.490
44.050
44.610
45.180
45.750
46.330
46.900
47.470
48.040
48.600
49.170
49.730
50.290
50.870
51.440
52.010
52.570
53.130
53.690
54.250
54.820
55.400
55.980
56.540
57.090
57.650
58.200
58.750
59.320
59.910
