0.250
0.580
0.920
1.260
1.600
1.930
2.270
2.590
2.930
3.270
3.600
3.940
4.270
4.600
4.930
5.270
5.600
5.920
6.260
6.600
6.940
7.270
7.600
7.930
8.260
8.590
8.920
9.250
9.590
9.920
10.250
10.590
10.930
11.260
11.580
11.920
12.260
12.590
12.920
13.260
13.600
13.920
14.260
14.590
14.930
15.250
15.600
15.940
16.280
16.610
16.940
17.280
17.620
17.960
18.280
18.620
18.950
19.280
19.610
19.950
20.280
20.610
20.940
21.280
21.590
21.920
22.250
22.590
22.920
23.250
23.590
23.930
24.270
24.590
24.920
25.260
25.600
25.930
26.270
26.600
26.930
27.270
27.600
27.940
28.270
28.610
28.930
29.270
29.620
29.950
