0.420
0.870
1.320
1.770
2.220
2.670
3.130
3.570
4.020
4.480
4.930
5.380
5.830
6.280
6.730
7.180
7.630
8.080
8.530
8.990
9.440
9.890
10.340
10.790
11.240
11.690
12.140
12.600
13.050
13.490
13.940
14.400
14.850
15.300
15.750
16.200
16.650
17.100
17.550
18.010
18.460
18.910
19.350
19.810
20.260
20.710
21.160
21.610
22.060
22.520
22.970
23.420
23.870
24.320
24.770
25.230
25.670
26.130
26.570
27.030
27.480
27.930
28.380
28.830
29.280
29.730
30.180
30.640
31.080
31.540
31.990
32.440
32.890
33.340
33.790
34.240
34.690
35.150
35.590
36.050
36.490
36.940
37.390
37.850
38.300
38.760
39.200
39.650
40.100
40.560
41.010
41.460
41.910
42.360
42.810
43.270
43.720
44.170
44.610
45.070
45.520
45.970
46.420
46.870
47.320
47.770
48.230
48.680
49.130
49.580
50.030
50.480
50.930
51.380
51.830
52.290
52.740
53.190
53.640
54.090
54.540
54.990
55.450
55.890
56.350
56.800
57.250
57.700
58.150
58.600
59.050
59.500
59.950
