0.590
1.240
1.870
2.500
3.170
3.830
4.480
5.130
5.800
6.450
7.100
7.720
8.350
8.990
9.610
10.250
10.880
11.500
12.150
12.810
13.430
14.040
14.670
15.290
15.910
16.520
17.150
17.770
18.390
19.000
19.610
20.220
20.820
21.430
22.040
22.650
23.250
23.860
24.470
25.100
25.720
26.320
26.930
27.540
28.130
28.720
29.330
29.910
30.500
31.090
31.680
32.300
32.920
33.520
34.120
34.730
35.370
35.970
36.590
37.190
37.790
38.380
38.970
39.560
40.150
40.740
41.340
41.990
42.600
43.200
43.790
44.400
45.030
45.630
46.240
46.840
47.440
48.070
48.670
49.270
49.870
50.480
51.100
51.700
52.290
52.880
53.500
54.100
54.700
55.290
55.910
56.500
57.100
57.680
58.300
58.900
59.490
60.090
