0.010
0.380
0.730
1.070
1.420
1.770
2.120
2.470
2.830
3.170
3.520
3.870
4.230
4.570
4.920
5.260
5.630
6.000
6.350
6.690
7.030
7.380
7.750
8.090
8.440
8.780
9.140
9.500
9.840
10.180
10.530
10.910
11.260
11.610
11.950
12.290
12.640
12.990
13.350
13.700
14.050
14.400
14.750
15.120
15.470
15.810
16.160
16.510
16.870
17.220
17.560
17.920
18.260
18.620
18.980
19.330
19.670
20.010
20.370
20.710
21.070
21.410
21.780
22.140
22.490
22.850
23.200
23.530
23.880
24.240
24.590
24.950
25.290
25.640
26.000
26.330
26.700
27.030
27.380
27.730
28.080
28.440
28.790
29.130
29.460
29.820
