0.330
1.050
1.820
2.540
3.270
4.000
4.740
5.470
6.220
6.950
7.700
8.450
9.170
9.920
10.660
11.380
12.140
12.890
13.620
14.370
15.110
15.840
16.580
17.310
18.030
18.770
19.510
20.230
20.980
21.710
22.450
23.210
23.940
24.680
25.390
26.150
26.900
27.640
28.380
29.100
29.850
30.570
31.290
32.020
32.750
33.470
34.210
34.920
35.650
36.370
37.110
37.830
38.560
39.300
40.030
40.760
41.510
42.230
42.940
43.680
44.410
45.140
45.870
46.620
47.370
48.190
48.990
49.770
50.570
51.320
52.080
52.820
53.540
54.250
54.980
55.680
56.390
57.150
57.880
58.600
59.340
60.120
