0.400
0.800
1.210
1.620
2.030
2.430
2.840
3.250
3.640
4.030
4.450
4.850
5.250
5.650
6.060
6.480
6.880
7.280
7.700
8.110
8.510
8.910
9.320
9.720
10.120
10.520
10.930
11.340
11.740
12.150
12.560
12.960
13.370
13.770
14.170
14.580
14.980
15.380
15.780
16.190
16.600
17.000
17.410
17.810
18.220
18.630
19.030
19.440
19.840
20.250
20.650
21.060
21.460
21.870
22.270
22.670
23.080
23.480
23.890
24.290
24.690
25.100
25.510
25.900
26.300
26.700
27.120
27.520
27.920
28.340
28.750
29.150
29.560
29.960
30.360
30.770
31.170
31.580
31.980
32.390
32.790
33.190
33.590
33.990
34.390
34.800
35.210
35.610
36.020
36.420
36.830
37.240
37.640
38.040
38.440
38.850
39.240
39.660
40.070
40.480
40.890
41.290
41.700
42.110
42.510
42.920
43.330
43.730
44.130
44.540
44.940
45.340
45.740
46.150
46.560
46.970
47.370
47.780
48.180
48.590
48.990
49.400
49.800
50.210
50.610
51.010
51.410
51.820
52.220
52.630
53.030
53.450
53.840
54.240
54.650
55.060
55.450
55.870
56.270
56.670
57.080
57.500
57.890
58.300
58.700
59.110
59.510
59.910
