0.340
0.700
1.070
1.440
1.810
2.180
2.560
2.920
3.300
3.660
4.040
4.410
4.770
5.140
5.510
5.880
6.260
6.620
7.000
7.360
7.740
8.110
8.480
8.850
9.220
9.590
9.970
10.330
10.700
11.070
11.430
11.810
12.190
12.550
12.920
13.290
13.660
14.030
14.400
14.770
15.140
15.510
15.890
16.250
16.620
16.990
17.360
17.740
18.110
18.480
18.850
19.220
19.590
19.960
20.330
20.700
21.070
21.440
21.820
22.180
22.550
22.920
23.300
23.660
24.030
24.400
24.780
25.150
25.510
25.880
26.260
26.620
26.990
27.370
27.740
28.110
28.480
28.850
29.220
29.590
29.950
