0.080
0.420
0.760
1.080
1.420
1.750
2.080
2.390
2.740
3.070
3.420
3.750
4.070
4.410
4.730
5.060
5.400
5.730
6.060
6.380
6.730
7.060
7.390
7.720
8.050
8.380
8.710
9.030
9.370
9.710
10.040
10.400
10.720
11.040
11.390
11.720
12.040
12.360
12.680
12.990
13.330
13.650
13.980
14.310
14.650
14.960
15.300
15.620
15.940
16.260
16.580
16.890
17.220
17.540
17.860
18.180
18.490
18.810
19.130
19.450
19.770
20.100
20.420
20.750
21.070
21.410
21.740
22.060
22.380
22.700
23.030
23.360
23.680
24.010
24.330
24.660
24.990
25.330
25.670
26.020
26.350
26.680
27.000
27.330
27.660
27.990
28.310
28.640
28.980
29.320
29.650
29.970
