0.120
0.510
0.910
1.310
1.690
2.090
2.480
2.890
3.270
3.680
4.070
4.460
4.850
5.250
5.640
6.040
6.440
6.830
7.220
7.620
8.010
8.420
8.810
9.200
9.590
9.990
10.380
10.790
11.180
11.570
11.970
12.370
12.750
13.150
13.550
13.940
14.330
14.720
15.120
15.510
15.910
16.310
16.700
17.090
17.490
17.900
18.280
18.680
19.070
19.460
19.860
20.260
20.650
21.040
21.430
21.830
22.220
22.610
23.020
23.420
23.800
24.200
24.600
24.990
25.390
25.780
26.180
26.570
26.960
27.360
27.760
28.150
28.550
28.950
29.330
29.720
