0.660
1.330
2.000
2.670
3.340
4.000
4.670
5.330
6.000
6.670
7.330
8.000
8.670
9.330
10.000
10.670
11.330
12.000
12.660
13.330
14.000
14.670
15.330
16.000
16.670
17.340
18.000
18.670
19.330
20.000
20.670
21.330
22.000
22.660
23.330
24.000
24.670
25.330
26.000
26.670
27.330
28.000
28.670
29.330
30.000
30.670
31.340
32.000
32.660
33.330
34.000
34.670
35.330
36.000
36.660
37.330
38.000
38.660
39.330
39.990
40.660
41.330
42.000
42.660
43.330
44.000
44.660
45.330
46.000
46.670
47.330
48.000
48.660
49.330
49.990
50.660
51.330
52.000
52.660
53.330
54.000
54.660
55.330
56.000
56.660
57.330
57.990
58.740
59.410
60.120
