0.300
0.630
0.960
1.280
1.620
1.950
2.280
2.610
2.940
3.280
3.610
3.930
4.270
4.600
4.930
5.260
5.600
5.930
6.260
6.590
6.920
7.250
7.590
7.920
8.250
8.580
8.910
9.240
9.570
9.900
10.240
10.570
10.900
11.230
11.560
11.900
12.230
12.560
12.890
13.220
13.550
13.890
14.220
14.550
14.880
15.210
15.550
15.880
16.200
16.540
16.870
17.200
17.530
17.860
18.200
18.540
18.860
19.200
19.530
19.850
20.180
20.520
20.850
21.180
21.510
21.840
22.180
22.510
22.840
23.170
23.500
23.840
24.160
24.500
24.830
25.160
25.490
25.820
26.150
26.490
26.820
27.150
27.490
27.820
28.140
28.480
28.810
29.150
29.470
29.810
30.140
30.460
30.800
31.130
31.460
31.790
32.120
32.450
32.780
33.120
33.450
33.780
34.120
34.450
34.770
35.110
35.440
35.780
36.100
36.440
36.760
37.090
37.430
37.760
38.090
38.420
38.750
39.080
39.420
39.750
40.080
40.410
40.740
41.070
41.400
41.730
42.070
42.400
42.730
43.060
43.400
43.730
44.050
44.390
44.720
45.050
45.380
45.720
46.050
46.370
46.710
47.040
47.380
47.710
48.040
48.370
48.710
49.030
49.360
49.690
50.030
50.350
50.690
51.020
51.350
51.680
52.010
52.350
52.680
53.000
53.340
53.670
54.010
54.330
54.670
55.000
55.330
55.660
55.990
56.320
56.660
56.980
57.320
57.660
57.990
58.310
58.650
58.970
59.310
59.640
59.980
