0.340
0.700
1.070
1.440
1.810
2.180
2.540
2.910
3.280
3.650
4.020
4.380
4.750
5.120
5.490
5.850
6.230
6.590
6.940
7.310
7.700
8.060
8.440
8.800
9.170
9.530
9.890
10.260
10.640
11.010
11.370
11.740
12.110
12.480
12.850
13.220
13.580
13.950
14.320
14.680
15.050
15.420
15.790
16.160
16.530
16.890
17.260
17.630
18.000
18.370
18.730
19.100
19.470
19.840
20.200
20.580
20.940
21.310
21.680
22.040
22.420
22.780
23.150
23.520
23.880
24.250
24.630
24.990
25.360
25.720
26.090
26.460
26.830
27.200
27.570
27.930
28.300
28.670
29.040
29.400
29.770
30.140
30.510
30.870
31.250
31.610
31.980
32.340
32.720
33.090
33.450
33.820
34.180
34.550
34.920
35.290
35.660
36.030
36.400
36.770
37.130
37.500
37.870
38.240
38.600
38.960
39.340
39.710
40.080
40.450
40.810
41.180
41.550
41.920
42.280
42.650
43.020
43.390
43.760
44.130
44.490
44.870
45.230
45.590
45.960
46.330
46.700
47.060
47.440
47.810
48.170
48.540
48.900
49.280
49.640
50.010
50.380
50.750
51.110
51.480
51.850
52.220
52.590
52.960
53.320
53.690
54.060
54.430
54.800
55.160
55.530
55.890
56.270
56.630
57.000
57.360
57.740
58.100
58.470
58.840
59.210
59.580
59.920
