0.370
1.220
2.090
2.970
3.830
4.730
5.590
6.440
7.310
8.190
9.040
9.910
10.800
11.640
12.500
13.360
14.230
15.120
16.010
16.870
17.730
18.620
19.480
20.350
21.230
22.100
22.960
23.840
24.700
25.560
26.440
27.310
28.190
29.060
29.910
30.770
31.660
32.520
33.370
34.270
35.140
36.000
36.880
37.740
38.620
39.490
40.350
41.220
42.100
42.950
43.820
44.710
45.590
46.230
46.900
47.540
48.200
48.840
49.490
50.130
50.800
51.420
52.090
52.730
53.420
54.080
54.720
55.390
56.020
56.680
57.320
58.000
58.610
59.290
59.910
