0.320
0.690
1.080
1.450
1.840
2.210
2.600
2.990
3.370
3.750
4.130
4.510
4.890
5.290
5.660
6.050
6.430
6.820
7.200
7.580
7.970
8.350
8.730
9.110
9.490
9.880
10.270
10.650
11.030
11.420
11.790
12.180
12.570
12.950
13.330
13.710
14.090
14.470
14.860
15.240
15.630
16.010
16.400
16.770
17.160
17.540
17.920
18.310
18.690
19.070
19.460
19.840
20.240
20.610
20.990
21.370
21.770
22.140
22.530
22.910
23.290
23.670
24.050
24.450
24.840
25.210
25.600
25.980
26.380
26.740
27.120
27.510
27.890
28.270
28.660
29.040
29.420
29.800
