0.330
1.070
1.840
2.590
3.350
4.100
4.880
5.620
6.380
7.130
7.900
8.650
9.410
10.170
10.940
11.690
12.450
13.200
13.970
14.720
15.480
16.230
17.000
17.740
18.510
19.260
20.030
20.770
21.540
22.290
23.060
23.810
24.570
25.320
26.090
26.840
27.600
28.350
29.120
29.880
30.630
31.390
32.150
32.910
33.670
34.430
35.190
35.930
36.730
37.490
38.240
39.000
39.730
40.490
41.250
42.000
42.760
43.520
44.280
45.030
45.790
46.550
47.310
48.060
48.830
49.580
50.340
51.090
51.860
52.610
53.380
54.130
54.890
55.640
56.410
57.150
57.920
58.670
59.440
