0.390
0.840
1.280
1.730
2.180
2.630
3.070
3.530
3.980
4.430
4.870
5.320
5.760
6.210
6.660
7.110
7.550
8.000
8.450
8.890
9.340
9.790
10.240
10.690
11.140
11.580
12.030
12.480
12.930
13.370
13.820
14.270
14.720
15.160
15.610
16.060
16.500
16.950
17.400
17.850
18.300
18.740
19.190
19.640
20.090
20.540
20.990
21.430
21.880
22.330
22.780
23.220
23.670
24.120
24.570
25.010
25.460
25.910
26.360
26.810
27.260
27.710
28.160
28.600
29.050
29.490
29.940
30.390
30.840
31.280
31.730
32.180
32.630
33.080
33.530
33.980
34.430
34.870
35.320
35.770
36.220
36.670
37.100
37.560
38.010
38.450
38.900
39.340
39.800
40.260
40.700
41.140
41.590
42.040
42.480
42.930
43.370
43.820
44.270
44.720
45.160
45.610
46.060
46.500
46.960
47.400
47.850
48.300
48.740
49.190
49.640
50.090
50.530
50.980
51.430
51.880
52.330
52.770
53.220
53.670
54.120
54.570
55.010
55.460
55.910
56.360
56.800
57.260
57.700
58.140
58.590
59.040
59.490
59.940
