0.370
0.930
1.490
2.060
2.630
3.200
3.750
4.330
4.900
5.470
6.030
6.600
7.170
7.730
8.300
8.860
9.430
9.990
10.550
11.120
11.690
12.250
12.810
13.380
13.960
14.530
15.080
15.650
16.210
16.790
17.340
17.910
18.490
19.050
19.620
20.190
20.740
21.310
21.860
22.430
22.990
23.580
24.140
24.700
25.270
25.850
26.400
26.950
27.530
28.090
28.670
29.230
29.780
30.350
30.920
31.480
32.060
32.630
33.190
33.760
34.300
34.790
35.320
35.880
36.460
37.050
37.680
38.260
38.860
39.430
39.980
40.550
41.120
41.690
42.260
42.820
43.380
43.940
44.500
45.080
45.650
46.220
46.800
47.350
47.930
48.490
49.040
49.610
50.170
50.750
51.320
51.870
52.440
53.010
53.570
54.130
54.700
55.270
55.840
56.400
56.970
57.530
58.100
58.670
59.240
59.820
