0.140
0.530
0.920
1.320
1.730
2.140
2.530
2.950
3.350
3.750
4.150
4.550
4.960
5.360
5.770
6.170
6.570
7.000
7.390
7.820
8.200
8.610
9.010
9.420
9.820
10.230
10.630
11.050
11.430
11.830
12.230
12.650
13.050
13.450
13.850
14.270
14.670
15.080
15.470
15.880
16.290
16.700
17.110
17.520
17.920
18.340
18.720
19.140
19.540
19.960
20.370
20.780
21.190
21.610
22.000
22.430
22.810
23.220
23.620
24.030
24.450
24.860
25.260
25.680
26.080
26.500
26.920
27.360
27.780
28.190
28.600
29.020
29.420
29.840
30.240
30.670
31.060
31.470
31.860
32.280
32.680
33.100
33.500
33.920
34.320
34.730
35.150
35.550
35.970
36.390
36.780
37.200
37.600
38.010
38.420
38.840
39.240
39.670
40.060
40.490
40.870
41.270
41.680
42.110
42.510
42.920
43.320
43.730
44.130
44.540
44.940
45.370
45.770
46.190
46.580
46.990
47.400
47.810
48.230
48.670
49.080
49.490
49.920
50.340
50.750
51.160
51.560
51.990
52.380
52.800
53.210
53.620
54.020
54.440
54.850
55.270
55.670
56.050
56.460
56.880
57.280
57.710
58.110
58.520
58.920
59.310
59.730
60.120
60.540
60.950
61.340
61.760
62.150
62.560
62.960
63.370
63.770
64.180
64.580
65.000
65.400
65.820
66.230
66.660
67.070
67.500
67.890
68.310
68.720
69.150
69.570
69.990
70.390
70.820
71.220
71.630
72.020
72.420
72.830
73.240
73.640
74.060
74.460
74.860
75.270
75.670
76.070
76.480
76.880
77.290
77.680
78.100
78.490
78.910
79.320
79.730
80.130
80.560
80.950
81.380
81.780
82.200
82.640
83.040
83.480
83.890
84.310
84.740
85.140
85.560
85.950
86.360
86.770
87.170
87.570
87.980
88.370
88.790
89.180
89.590
89.970
90.370
90.770
91.170
91.570
91.980
92.380
92.790
93.180
93.590
93.990
94.400
94.800
95.220
95.610
96.020
96.410
96.820
97.220
97.620
98.020
98.450
98.840
99.240
99.630
100.030
100.440
100.850
101.250
101.640
102.040
102.440
102.840
103.260
103.660
104.070
104.470
104.880
105.290
105.680
106.080
106.480
106.880
107.290
107.680
108.100
108.490
108.900
109.330
109.740
110.150
110.560
110.950
111.370
111.750
112.170
112.560
112.970
113.370
113.780
114.170
114.580
114.980
115.390
115.770
116.170
116.580
116.990
117.380
117.790
118.190
118.610
119.000
119.420
119.810
120.210
120.610
121.030
121.410
121.830
122.210
122.630
123.060
123.490
123.910
124.310
124.720
125.130
125.520
125.940
126.320
126.740
127.140
127.540
127.940
128.330
128.720
129.140
129.520
129.940
130.330
130.740
131.120
131.530
131.920
132.330
132.720
133.140
133.520
133.930
134.330
134.740
135.130
135.540
135.940
136.340
136.730
137.130
137.520
137.940
138.330
138.720
139.120
139.520
139.920
140.330
140.730
141.130
141.530
141.960
142.350
