0.180
0.600
1.010
1.400
1.810
2.200
2.580
2.960
3.330
3.730
4.090
4.490
4.870
5.220
5.580
5.940
6.310
6.680
7.040
7.390
7.750
8.110
8.460
8.820
9.190
9.550
9.890
10.260
10.620
10.960
11.320
11.660
12.020
12.380
12.740
13.090
13.460
13.810
14.170
14.520
14.880
15.260
15.620
15.980
16.340
16.700
17.050
17.400
17.770
18.130
18.490
18.850
19.200
19.560
19.900
20.260
20.620
21.000
21.380
21.740
22.120
22.490
22.850
23.220
23.580
23.960
24.340
24.710
25.110
25.470
25.840
26.200
26.560
26.930
27.280
27.650
28.010
28.360
28.730
29.070
29.430
29.810
30.150
30.520
30.870
31.230
31.560
31.920
32.290
32.660
33.020
33.370
33.720
34.090
34.430
34.790
35.150
35.520
35.870
36.240
36.600
36.940
37.300
37.650
38.020
38.390
38.740
39.100
39.450
39.800
40.150
40.530
40.890
41.280
41.670
42.040
42.420
42.800
43.170
43.560
43.960
44.360
44.770
45.180
45.550
45.920
46.280
46.630
46.990
47.350
47.710
48.070
48.440
48.790
49.140
49.500
49.860
50.230
50.580
50.940
51.300
51.660
52.010
52.360
52.720
53.090
53.450
53.820
54.180
54.530
54.880
55.240
55.610
55.980
56.340
56.710
57.070
57.430
57.790
58.140
58.500
58.870
59.230
59.580
59.950
60.300
60.640
60.990
61.370
61.750
62.100
62.480
62.840
63.190
63.550
63.910
64.270
64.640
65.000
65.370
65.720
66.080
66.440
66.790
67.160
67.530
67.890
68.260
68.620
68.970
69.330
69.690
70.050
70.420
70.770
71.130
71.500
71.850
72.220
72.570
