0.450
1.050
1.690
2.310
2.940
3.570
4.210
4.840
5.460
6.110
6.730
7.370
8.000
8.640
9.280
9.920
10.560
11.180
11.820
12.460
13.110
13.740
14.380
15.030
15.660
16.310
16.940
17.590
18.220
18.860
19.510
20.170
20.990
21.770
22.400
23.040
23.680
24.340
24.980
25.620
26.280
26.930
27.580
28.230
28.880
29.540
30.180
30.840
31.470
32.120
32.760
33.400
34.040
34.690
35.330
35.980
36.640
37.270
37.910
38.550
39.190
39.840
40.470
41.140
41.770
42.410
43.040
43.700
44.340
45.000
45.630
46.300
46.930
47.580
48.230
48.880
49.530
50.190
50.830
51.470
52.130
52.760
53.410
54.050
54.690
55.340
55.980
56.610
57.270
57.940
58.580
59.220
59.860
60.510
61.180
61.810
62.480
63.100
63.740
64.390
65.030
65.700
66.330
66.980
67.610
68.260
68.910
69.550
70.200
70.820
71.460
72.120
72.750
73.400
74.030
74.700
75.320
75.960
76.600
77.260
77.900
78.540
79.190
79.840
80.470
81.120
81.770
82.420
83.070
83.710
84.360
85.020
85.660
86.310
86.960
87.610
88.240
88.890
89.550
90.210
90.850
91.490
92.150
92.790
93.450
94.110
94.750
95.390
96.040
96.710
97.370
98.010
98.670
99.330
99.980
100.630
101.270
101.930
102.570
103.230
103.860
104.510
105.170
105.820
106.460
107.110
107.760
108.410
109.050
109.700
110.360
111.000
111.640
112.290
112.930
113.580
114.220
114.870
115.510
116.170
116.800
117.470
118.120
118.760
119.400
120.040
120.710
121.360
122.010
122.630
123.290
123.930
124.590
125.230
125.860
126.510
127.140
127.810
128.450
129.100
129.740
130.410
131.060
131.710
132.350
133.010
133.670
134.330
134.980
135.640
136.290
136.930
137.580
138.240
138.890
139.560
140.190
140.850
141.510
142.170
142.820
143.470
144.120
144.790
145.460
146.130
146.760
147.420
148.090
148.740
149.380
150.030
150.660
151.310
151.930
152.580
