0.020
0.360
0.690
1.020
1.360
1.690
2.020
2.350
2.680
3.010
3.330
3.660
3.990
4.310
4.630
4.960
5.300
5.620
5.960
6.290
6.620
6.950
7.290
7.630
7.970
8.310
8.640
8.970
9.310
9.640
9.950
10.280
10.610
10.950
11.280
11.610
11.950
12.280
12.600
12.920
13.230
13.550
13.870
14.190
14.510
14.830
15.150
15.480
15.790
16.110
16.430
16.770
17.100
17.460
17.790
18.110
18.430
18.770
19.100
19.430
19.770
20.100
20.420
20.760
21.080
21.420
21.750
22.080
22.390
22.710
23.040
23.370
23.700
24.030
24.360
24.680
25.010
25.340
25.690
26.020
26.350
26.680
27.010
27.330
27.660
28.020
28.350
28.680
29.000
29.320
29.650
29.980
30.320
30.660
30.990
31.320
31.640
32.050
32.600
33.240
33.870
34.520
35.150
35.790
36.480
37.120
37.770
38.450
39.120
39.800
40.480
41.160
41.840
42.530
43.200
43.870
44.550
45.220
45.890
46.560
47.250
47.940
48.620
49.300
49.960
50.640
51.310
51.990
52.680
53.340
54.010
54.700
55.400
56.080
56.750
57.440
58.110
58.770
59.430
60.120
60.800
61.480
62.150
62.830
63.500
64.170
64.850
65.520
66.190
66.860
67.530
68.200
68.880
69.560
70.220
70.900
71.580
72.250
72.920
73.600
74.270
74.950
75.620
76.300
76.990
77.670
78.330
79.010
79.680
80.380
81.060
81.750
82.430
83.120
83.800
84.470
85.150
85.840
86.510
87.180
87.850
88.530
89.190
89.860
90.530
91.200
91.870
92.530
93.200
93.840
94.510
95.180
95.850
96.500
97.180
97.870
98.560
99.220
99.890
100.570
101.270
101.950
102.630
103.310
104.000
104.690
105.370
106.060
106.740
107.440
108.130
108.820
109.520
110.210
110.900
111.580
112.270
112.940
113.630
114.320
115.000
115.690
116.370
117.070
117.750
118.450
119.130
119.820
120.510
121.170
121.830
122.500
123.200
123.900
124.570
125.230
125.930
126.590
127.260
127.920
128.600
129.280
129.950
130.630
131.300
131.990
132.670
133.320
134.000
134.670
135.320
135.980
136.620
137.280
137.930
138.600
139.250
139.900
140.580
141.230
141.890
142.570
143.300
143.970
144.680
145.470
146.310
147.100
147.910
148.740
