0.200
0.640
1.030
1.430
1.830
2.200
2.610
3.000
3.390
3.780
4.160
4.570
4.970
5.370
5.770
6.170
6.570
6.970
7.390
7.820
8.240
8.670
9.080
9.490
9.920
10.330
10.720
11.150
11.560
12.000
12.410
12.800
13.180
13.570
13.970
14.380
14.790
15.200
15.600
16.010
16.420
16.830
17.230
17.650
18.070
18.470
18.890
19.290
19.700
20.110
20.520
20.940
21.350
21.760
22.180
22.590
23.010
23.430
23.850
24.270
24.680
25.100
25.510
25.920
26.320
26.730
27.140
27.570
27.980
28.400
28.810
29.240
29.650
30.080
30.480
30.900
31.330
31.750
32.180
32.570
32.960
33.360
33.760
34.180
34.590
35.010
35.420
35.820
36.220
36.640
37.050
37.470
37.890
38.300
38.710
39.110
39.510
39.930
40.350
40.770
41.180
41.600
42.000
42.430
42.840
43.260
43.680
44.090
44.500
44.910
45.320
45.740
46.150
46.580
47.000
47.420
47.840
48.260
48.680
49.090
49.520
49.950
50.370
50.800
51.220
51.640
52.050
52.470
52.880
53.300
53.720
54.150
54.570
55.000
55.410
55.830
56.250
56.670
57.100
57.520
57.940
58.350
58.770
59.190
59.610
60.030
60.440
60.870
61.290
61.710
62.120
62.540
62.970
63.410
63.820
64.250
64.670
65.100
65.510
65.930
66.330
66.710
67.110
67.520
67.930
68.350
68.770
69.180
69.610
70.020
70.440
70.860
71.280
71.690
72.090
72.500
72.890
73.290
73.700
74.080
74.490
74.920
75.330
75.750
76.170
76.600
77.030
77.450
77.870
78.290
78.710
79.130
79.540
79.960
80.380
80.810
81.240
81.660
82.080
82.500
82.930
83.340
83.760
84.190
84.620
85.040
85.460
85.890
86.310
86.740
87.160
87.610
88.040
88.460
88.890
89.330
89.780
90.220
90.650
91.080
91.530
91.960
92.410
92.810
93.210
93.620
94.030
94.460
94.890
95.310
95.730
96.150
96.570
96.990
97.420
97.850
98.260
98.700
99.120
99.550
99.970
100.390
100.810
101.250
101.670
102.100
102.520
102.960
103.380
103.820
104.240
104.670
105.090
105.520
105.940
106.360
106.790
107.230
107.660
108.090
108.530
108.950
109.380
109.810
110.230
110.660
111.080
111.520
111.940
112.370
112.780
113.210
113.630
114.060
114.480
114.910
115.340
115.770
116.190
116.610
117.040
117.480
117.900
118.330
118.760
119.200
119.630
120.050
120.470
120.900
121.320
121.750
122.180
122.600
123.030
123.450
123.880
124.320
124.750
125.180
125.610
126.030
126.460
126.880
127.300
127.730
128.160
128.600
129.030
129.440
129.870
130.300
130.730
131.160
131.590
132.020
132.460
132.880
133.300
133.730
134.150
134.590
135.020
135.450
135.880
136.300
136.720
137.140
137.570
138.000
138.430
138.850
139.290
139.700
140.120
140.540
140.970
141.400
141.820
142.260
142.690
143.120
143.550
144.030
144.490
144.930
145.400
145.860
146.330
146.790
147.230
