0.090
0.430
0.780
1.150
1.490
1.840
2.190
2.550
2.900
3.270
3.630
4.000
4.360
4.720
5.080
5.460
5.800
6.160
6.530
6.900
7.250
7.620
7.970
8.340
8.700
9.050
9.410
9.780
10.130
10.490
10.850
11.220
11.570
11.940
12.290
12.660
13.020
13.370
13.740
14.100
14.460
14.820
15.190
15.560
15.910
16.270
16.640
17.010
17.370
17.730
18.110
18.470
18.840
19.200
19.560
19.930
20.290
20.650
21.030
21.400
21.750
22.110
22.490
22.860
23.220
23.580
23.960
24.330
24.680
25.040
25.420
25.780
26.140
26.520
26.870
27.260
27.620
27.990
28.350
28.730
29.080
29.450
29.800
30.180
30.540
30.900
31.260
31.640
31.990
32.370
32.730
33.110
33.460
33.810
34.180
34.540
34.910
35.270
35.620
35.990
36.340
36.700
37.070
37.450
37.800
38.150
38.520
38.890
39.250
39.610
39.960
40.330
40.690
41.050
41.440
41.810
42.170
42.530
42.900
43.270
43.620
43.970
44.340
44.730
45.070
45.440
45.800
46.170
46.520
46.880
47.260
47.630
47.990
48.360
48.740
49.120
49.470
49.830
50.190
50.570
50.930
51.290
51.650
52.020
52.380
52.760
53.120
53.480
53.850
54.210
54.580
54.950
55.310
55.690
56.050
56.430
56.780
57.150
57.520
57.910
58.260
58.630
59.000
59.410
59.780
60.310
60.910
61.650
62.370
63.150
63.900
64.640
65.370
66.120
66.830
67.580
68.290
69.050
69.770
70.470
70.910
71.280
71.650
72.020
72.390
72.770
73.130
73.500
73.870
74.250
74.600
74.950
75.330
75.700
76.060
76.430
76.800
77.180
77.530
77.890
78.250
78.630
78.990
79.360
79.730
80.090
80.460
80.810
81.190
81.560
81.920
82.290
82.650
83.030
83.370
83.750
84.100
84.470
84.830
85.200
85.570
85.930
86.300
86.670
87.030
87.410
87.750
88.120
88.490
88.850
89.210
89.580
89.950
90.310
90.670
91.040
91.390
91.760
92.100
92.480
92.840
93.200
93.560
93.940
94.300
94.670
95.040
95.410
95.770
96.160
96.500
96.880
97.230
97.610
97.960
98.350
98.700
99.080
99.440
99.820
100.220
100.600
100.960
101.340
101.720
102.110
102.490
102.860
103.240
103.610
103.980
104.360
104.750
105.110
105.510
105.890
106.250
106.640
106.980
107.350
107.720
108.060
108.420
108.820
109.180
109.580
109.960
110.330
110.690
111.050
111.440
111.810
112.200
112.570
112.940
113.300
113.670
114.050
114.410
114.780
115.140
115.530
115.880
116.240
116.610
116.980
117.330
117.690
118.060
118.430
118.790
119.150
119.530
119.910
120.270
120.650
121.010
121.380
121.740
122.120
122.490
122.860
123.220
123.590
123.950
124.330
124.690
125.060
125.430
125.800
126.170
126.520
126.900
127.250
127.640
128.000
128.370
128.720
129.080
129.440
129.820
130.180
130.540
130.910
131.280
131.650
132.010
132.340
132.650
132.970
133.300
133.620
133.930
134.250
134.570
134.900
