0.110
0.580
1.060
1.520
2.010
2.480
2.950
3.420
3.870
4.360
4.830
5.340
5.830
6.400
6.940
7.500
8.020
8.520
9.060
9.580
10.090
10.610
11.130
11.660
12.180
12.690
13.210
13.740
14.240
14.770
15.280
15.800
16.320
16.840
17.370
17.890
18.400
18.930
19.450
19.970
20.490
21.010
21.540
22.060
22.580
23.110
23.640
24.210
25.000
25.820
26.650
27.470
28.290
29.090
29.910
30.710
31.530
32.350
33.160
33.960
34.790
35.590
36.380
37.200
38.000
38.810
39.610
40.410
41.230
42.030
42.680
43.260
43.850
44.460
44.990
45.500
46.020
46.570
47.090
47.610
48.140
48.670
49.200
49.720
50.240
50.760
51.280
51.810
52.340
52.850
53.370
53.900
54.420
54.940
55.460
55.980
56.520
57.040
57.560
58.070
58.600
59.120
59.630
60.160
60.680
61.210
61.740
62.190
62.590
63.020
63.410
63.820
64.230
64.660
65.060
65.480
65.880
66.300
66.700
67.120
67.510
67.930
68.330
68.760
69.160
69.560
69.980
70.390
70.790
71.200
71.610
72.040
72.440
72.850
73.260
73.670
74.070
74.480
74.870
75.270
75.680
76.070
76.490
76.900
77.300
77.710
78.110
78.530
78.940
79.340
79.760
80.300
80.820
81.360
81.910
82.430
82.940
83.440
83.960
84.490
85.010
85.540
86.070
86.600
87.130
87.650
88.170
88.690
89.210
89.730
90.260
90.780
91.300
91.840
92.360
92.890
93.410
93.930
94.450
94.970
95.490
96.010
96.540
97.070
97.600
98.120
98.640
99.170
99.730
100.540
101.360
102.180
103.020
103.860
104.680
105.490
106.290
107.150
107.980
108.810
109.630
110.440
111.260
112.050
112.850
113.680
114.510
115.340
116.170
116.980
117.790
118.550
119.100
119.630
120.110
120.620
121.110
121.630
122.140
122.670
123.180
123.710
124.230
124.760
125.280
125.810
126.330
126.860
127.380
127.900
128.410
128.930
129.470
129.990
130.510
131.020
131.540
132.050
132.570
133.100
133.620
134.130
134.650
135.170
135.670
136.190
136.710
137.250
137.770
138.300
138.820
139.340
139.860
140.390
140.910
141.440
141.960
142.480
143.010
143.520
144.040
144.560
145.100
145.630
146.150
146.670
147.190
147.710
148.230
148.740
149.270
149.800
150.310
150.820
151.340
151.870
152.390
152.930
153.450
153.980
154.500
155.020
155.540
156.070
156.590
157.120
157.640
158.160
158.700
159.220
159.750
160.290
160.810
161.330
161.850
162.370
162.900
163.410
163.940
164.460
164.970
165.490
166.010
166.540
167.060
167.580
168.100
168.610
169.130
169.630
170.150
170.660
171.190
171.710
172.230
172.750
173.270
173.780
174.300
174.820
175.350
175.870
176.390
176.920
177.430
177.970
178.490
179.010
179.570
180.090
180.630
181.150
181.660
182.180
182.720
183.200
183.690
184.150
184.630
185.160
185.650
186.160
186.630
187.150
187.650
188.130
188.660
189.140
189.700
190.320
190.940
191.620
192.300
193.030
193.660
