0.350
1.210
2.010
2.810
3.600
4.410
5.220
6.020
6.840
7.660
8.460
9.260
10.090
10.920
11.720
12.480
13.290
14.080
14.860
15.660
16.460
17.260
18.030
18.830
19.610
20.400
21.180
21.950
22.720
23.520
24.340
25.120
25.910
26.730
27.530
28.330
29.110
29.890
30.690
31.490
32.280
33.070
33.860
34.690
35.490
36.290
37.090
37.890
38.700
39.490
40.300
41.120
41.950
42.730
43.530
44.330
45.130
45.920
46.720
47.500
48.280
49.070
49.870
50.670
51.440
52.220
53.000
53.800
54.580
55.360
56.150
56.930
57.720
58.500
59.310
60.090
60.880
61.660
62.430
63.220
64.030
64.810
65.610
66.390
67.190
67.980
68.780
69.570
70.340
71.090
71.880
72.650
73.460
74.240
75.020
75.800
76.590
77.380
78.150
78.950
79.740
80.510
81.270
82.070
82.840
83.640
84.420
85.190
86.000
86.790
87.570
88.360
89.150
89.940
90.730
91.510
92.310
93.100
93.870
94.630
95.450
96.250
97.050
97.840
98.650
99.430
100.240
101.030
101.840
102.630
103.430
104.230
105.040
105.820
106.630
107.370
108.170
108.950
109.740
110.550
111.340
112.120
112.910
113.670
114.460
115.240
116.040
116.810
117.600
118.380
119.160
119.930
120.730
121.490
122.270
123.030
123.810
124.580
125.370
126.130
126.920
127.700
128.480
129.270
130.050
130.820
131.600
132.370
133.140
133.910
134.680
135.450
136.210
136.960
137.740
138.510
139.290
140.060
140.860
141.640
142.400
143.170
143.950
144.720
145.500
146.270
147.060
147.870
148.640
149.420
150.190
150.960
151.740
152.500
153.300
154.080
154.870
155.650
156.430
157.210
158.010
158.790
159.580
160.370
161.150
161.950
162.750
163.540
164.310
165.070
165.840
166.620
167.400
168.160
168.950
169.730
170.520
171.290
172.070
172.850
173.620
174.380
175.170
175.950
176.720
177.500
178.290
179.060
179.830
180.600
181.370
182.130
182.930
183.670
184.470
185.240
186.020
186.770
187.560
188.330
189.090
189.880
190.660
191.440
192.220
193.000
193.770
194.570
195.350
196.140
196.900
197.680
198.440
199.200
199.980
200.760
201.540
202.310
203.070
203.840
204.590
205.340
206.130
206.900
207.680
208.450
209.220
209.990
210.750
211.510
212.280
213.030
213.800
214.570
215.330
216.100
216.850
217.590
218.380
219.120
219.910
220.670
221.440
222.220
223.000
223.720
224.500
225.250
226.020
226.790
227.550
228.310
