0.660
1.360
2.080
2.780
3.490
4.200
4.900
5.610
6.320
7.030
7.730
8.440
9.150
9.840
10.550
11.210
11.900
12.600
13.310
14.020
14.730
15.430
16.140
16.850
17.570
18.280
18.990
19.690
20.400
21.110
21.810
22.510
23.220
23.920
24.610
25.330
26.050
26.760
27.470
28.170
28.900
29.610
30.320
31.030
31.730
32.430
33.130
33.830
34.550
35.250
35.950
36.650
37.360
38.060
38.760
39.470
40.180
40.890
41.590
42.300
43.020
43.720
44.430
45.140
45.850
46.560
47.270
48.000
48.710
49.420
50.130
50.840
51.560
52.260
52.960
53.670
54.390
55.080
55.790
56.500
57.200
57.910
58.600
59.300
59.990
60.700
61.390
62.090
62.790
63.500
64.190
64.900
65.590
66.280
66.990
67.660
68.330
69.030
69.750
70.450
71.150
71.850
72.560
73.250
73.980
74.670
75.370
76.080
76.810
77.520
78.240
78.940
79.670
80.370
81.100
81.800
82.530
83.230
83.950
84.670
85.370
86.090
86.790
87.510
88.220
88.940
89.640
90.310
91.010
91.700
92.420
93.120
93.830
94.530
95.250
95.960
96.660
97.370
98.090
98.800
99.520
100.220
100.940
101.650
102.380
103.090
103.800
104.500
105.210
105.910
106.620
107.320
108.030
108.720
109.430
110.140
110.840
111.540
112.260
112.960
113.660
114.360
115.070
115.750
116.460
117.150
117.850
118.530
119.240
119.940
120.640
121.320
122.020
122.720
123.420
124.090
124.760
125.450
126.180
126.870
127.590
128.290
129.000
129.710
130.420
131.120
131.830
132.530
133.240
133.940
134.660
135.370
136.090
136.790
137.500
138.220
138.950
139.660
140.380
141.090
141.820
142.520
143.240
143.950
144.660
145.370
146.090
146.800
147.520
148.220
148.940
149.650
150.350
151.100
151.820
152.520
153.260
153.950
154.700
155.420
156.120
