0.480
0.960
1.440
1.940
2.430
2.910
3.400
3.900
4.400
4.890
5.340
5.820
6.290
6.750
7.240
7.740
8.230
8.730
9.230
9.720
10.210
10.720
11.210
11.700
12.200
12.700
13.200
13.700
14.210
14.710
15.210
15.720
16.220
16.720
17.210
17.710
18.190
18.700
19.200
19.690
20.190
20.680
21.180
21.680
22.180
22.680
23.190
23.700
24.200
24.680
25.190
25.690
26.180
26.680
27.180
27.670
28.150
28.640
29.160
29.660
30.140
30.650
31.150
31.630
32.130
32.610
33.120
33.610
34.120
34.620
35.110
35.600
36.090
36.590
37.090
37.590
38.080
38.580
39.080
39.580
40.080
40.570
41.050
41.540
42.020
42.530
43.030
43.530
44.030
44.530
45.030
45.530
46.040
46.530
47.010
47.510
48.010
48.500
49.000
49.500
50.000
50.500
51.000
51.510
52.020
52.510
53.010
53.500
54.010
54.500
55.000
55.490
55.960
56.450
56.940
57.450
57.960
58.470
58.960
59.480
59.990
60.490
60.990
61.480
61.980
62.490
62.970
63.470
63.960
64.470
64.970
65.460
65.960
66.460
66.970
67.460
67.960
68.460
68.960
69.460
69.950
70.430
70.930
71.400
71.900
72.410
72.900
73.390
73.880
74.380
74.880
75.350
75.840
76.320
76.800
77.260
77.740
78.240
78.710
79.160
79.630
80.130
80.630
81.120
81.610
82.100
82.590
83.080
83.560
84.050
84.530
84.980
85.450
85.930
86.420
86.890
87.370
87.870
88.350
88.850
89.350
89.830
90.330
90.790
91.270
91.760
92.260
92.760
93.260
93.740
94.220
94.690
95.170
95.660
96.150
96.660
97.160
97.660
98.160
98.670
99.170
99.670
100.160
100.650
101.160
101.660
102.140
102.620
103.120
103.630
104.130
104.620
105.110
105.620
106.140
106.620
107.120
107.620
108.120
108.610
109.100
109.580
110.070
110.570
111.040
111.540
112.040
112.530
113.020
113.520
114.030
114.520
115.010
115.520
116.000
116.510
117.000
117.490
117.980
118.510
119.000
119.510
120.000
120.490
120.990
121.490
122.000
122.460
122.950
123.440
123.920
124.380
124.860
125.350
125.830
126.310
126.780
127.270
127.760
128.240
128.740
129.240
129.730
130.200
130.690
131.190
131.670
132.130
132.600
133.110
133.610
134.110
134.610
135.120
135.620
136.120
136.630
137.130
137.630
138.120
138.620
139.130
139.620
140.110
140.610
141.110
141.600
142.100
142.590
143.080
143.590
144.090
144.580
145.080
145.580
146.090
146.590
147.090
147.590
148.080
148.590
149.080
149.570
150.060
150.550
151.050
151.550
152.050
152.550
153.060
153.560
154.070
154.560
155.070
155.560
156.050
156.570
157.050
157.530
158.020
158.500
158.990
159.490
159.990
160.480
160.980
161.480
161.990
162.470
162.970
163.470
163.960
164.440
164.930
165.420
165.900
166.420
166.910
167.390
167.890
168.390
168.890
169.390
169.880
170.370
170.870
171.360
171.850
172.340
172.830
173.310
173.780
174.280
174.750
