0.100
0.600
1.090
1.570
2.050
2.540
3.020
3.520
4.010
4.530
5.030
5.530
6.010
6.510
7.010
7.510
8.010
8.520
9.020
9.520
10.030
10.530
11.040
11.540
12.040
12.540
13.040
13.540
14.040
14.540
15.050
15.540
16.040
16.550
17.040
17.540
18.040
18.540
19.050
19.550
20.060
20.550
21.070
21.580
22.100
22.610
23.130
23.630
24.140
24.650
25.160
25.660
26.160
26.670
27.160
27.660
28.170
28.650
29.170
29.680
30.200
30.690
31.220
31.710
32.220
32.730
33.240
33.760
34.270
34.770
35.270
35.760
36.240
36.740
37.260
37.770
38.290
38.790
39.290
39.790
40.310
40.810
41.320
41.820
42.340
42.850
43.360
43.860
44.350
44.850
45.360
45.870
46.390
46.890
47.410
47.910
48.420
48.930
49.440
49.950
50.470
50.980
51.500
51.990
52.480
53.010
53.510
54.030
54.540
55.040
55.560
56.070
56.580
57.080
57.590
58.100
58.620
59.130
59.620
60.120
60.610
61.130
61.630
62.140
62.650
63.150
63.670
64.170
64.670
65.190
65.700
66.210
66.720
67.230
67.750
68.260
68.760
69.260
69.760
70.260
70.760
71.270
71.780
72.260
72.780
73.280
73.780
74.290
74.790
75.280
75.780
76.270
76.790
77.280
77.770
78.280
78.780
