0.380
1.170
1.940
2.680
3.400
4.140
4.890
5.630
6.370
7.130
7.880
8.630
9.360
10.100
10.840
11.580
12.320
13.060
13.800
14.540
15.280
16.040
16.780
17.500
18.230
19.010
19.750
20.490
21.180
21.960
22.680
23.470
24.200
24.950
25.720
26.420
27.160
27.900
28.650
29.410
30.180
30.920
31.650
32.370
33.100
33.830
34.570
35.330
36.070
36.810
37.540
38.270
38.970
39.700
40.400
41.120
41.870
42.590
43.280
44.010
44.700
45.410
46.110
46.820
47.510
48.210
48.930
49.670
50.410
51.140
51.870
52.620
53.370
54.100
54.840
55.550
56.290
57.020
57.800
58.540
59.260
60.000
60.750
61.510
62.250
63.050
63.810
64.560
65.300
66.050
66.800
67.550
68.290
69.010
69.770
70.500
71.240
71.980
72.710
73.460
74.210
74.920
75.660
76.430
77.140
77.870
78.610
79.330
80.050
80.800
81.530
82.250
82.990
83.710
84.420
85.120
85.840
86.570
87.300
88.040
88.760
89.500
90.280
90.980
