0.670
1.480
2.240
2.930
3.680
4.380
5.140
5.800
6.530
7.260
7.920
8.590
9.280
9.950
10.650
11.330
12.020
12.710
13.390
14.060
14.750
15.430
16.100
16.790
17.480
18.160
18.850
19.530
20.210
20.900
21.580
22.260
22.940
23.630
24.300
25.000
25.690
26.380
27.060
27.750
28.430
29.120
29.790
30.480
31.150
31.830
32.510
33.190
33.870
34.560
35.240
35.920
36.600
37.270
37.950
38.650
39.330
40.010
40.690
41.380
42.050
42.750
43.410
44.100
44.770
45.460
46.130
46.820
47.490
48.190
48.870
49.550
50.230
50.900
51.580
52.260
52.930
53.590
54.260
54.940
55.620
56.290
56.960
57.630
58.310
58.990
59.670
60.340
61.030
61.690
62.380
63.060
63.740
64.410
65.090
65.750
66.430
67.120
67.810
68.490
69.180
69.860
70.540
71.220
71.900
72.570
73.240
73.910
74.590
75.270
75.940
76.610
77.280
77.950
78.620
79.300
79.980
80.670
81.350
82.040
82.720
83.410
84.090
84.790
85.470
86.120
86.810
87.480
88.150
88.820
89.520
90.190
90.870
91.540
92.230
92.910
93.590
94.250
94.940
95.600
96.280
96.950
97.640
98.310
98.990
99.680
100.350
101.030
101.700
102.370
103.040
103.730
104.400
105.080
105.760
106.440
107.110
107.770
108.460
109.130
109.810
110.470
111.140
111.820
112.500
113.180
113.860
114.540
115.220
115.900
116.600
117.280
117.960
118.620
119.310
119.990
120.670
121.360
122.040
122.710
123.390
124.070
124.750
125.440
126.120
126.810
127.470
128.150
128.820
129.500
130.180
130.850
131.520
132.210
132.870
133.560
134.240
134.920
135.590
136.280
136.960
137.640
138.320
139.000
139.680
140.370
141.060
141.750
142.430
143.120
143.790
144.480
145.170
145.860
146.550
147.240
147.920
148.610
149.310
150.000
150.680
151.370
152.030
152.690
153.370
154.080
154.750
155.410
156.100
156.780
157.460
158.160
