0.300
0.670
1.050
1.440
1.810
2.180
2.570
2.930
3.310
3.670
4.050
4.410
4.800
5.150
5.530
5.900
6.290
6.650
7.030
7.400
7.780
8.140
8.520
8.880
9.250
9.620
9.990
10.350
10.730
11.100
11.480
11.840
12.210
12.580
12.950
13.330
13.710
14.070
14.460
14.820
15.220
15.580
15.970
16.330
16.720
17.070
17.450
17.820
18.200
18.550
18.930
19.300
19.670
20.030
20.400
20.780
21.160
21.520
21.910
22.270
22.650
23.010
23.380
23.760
24.140
24.500
24.880
25.250
25.630
26.000
26.390
26.750
27.140
27.490
27.870
28.240
28.620
28.980
29.360
29.730
30.120
30.480
30.850
31.240
31.600
31.970
32.360
32.720
33.110
33.470
33.850
34.210
34.600
34.960
35.330
35.710
36.100
36.460
36.840
37.200
37.580
37.950
38.330
38.690
39.080
39.430
39.810
40.170
40.560
40.910
41.280
41.650
42.040
42.400
42.780
43.150
43.510
43.860
44.220
44.600
44.970
45.340
45.710
46.090
46.460
46.830
47.200
47.560
47.930
48.300
48.660
49.050
49.410
49.780
50.160
50.530
50.910
51.280
51.660
52.020
52.400
52.770
53.150
53.500
53.880
54.250
54.630
55.000
55.380
55.750
56.130
56.500
56.890
57.260
57.640
58.010
58.390
58.770
59.150
59.520
59.920
60.270
60.650
61.020
61.400
61.770
62.150
62.520
62.910
63.270
63.660
64.020
64.410
64.770
65.160
65.540
65.920
66.300
66.670
67.060
67.440
67.820
68.190
68.570
68.970
69.340
69.720
70.090
70.460
70.820
71.190
71.570
71.950
72.330
72.700
73.080
73.470
73.840
74.230
74.600
74.990
75.360
75.730
76.110
76.490
76.860
77.260
77.620
78.020
78.380
78.760
79.130
79.510
79.880
80.260
80.630
81.010
81.380
81.760
82.120
82.490
82.850
83.220
83.600
83.980
84.350
84.720
85.090
85.470
85.850
86.220
86.590
86.970
87.340
87.720
88.080
88.470
88.840
89.220
89.590
89.980
90.340
90.720
91.090
91.470
91.840
92.220
92.590
92.960
93.340
93.710
94.080
94.440
94.780
95.140
95.500
95.880
96.250
96.620
96.990
97.370
97.740
98.120
98.490
98.880
99.240
99.620
99.990
100.370
100.740
101.120
101.490
101.880
102.240
102.610
102.990
103.360
103.740
104.130
104.490
104.880
105.240
105.610
105.990
106.370
106.750
107.120
107.500
107.890
108.270
108.640
109.020
109.400
109.770
110.150
110.520
110.900
111.270
111.650
112.010
112.390
112.770
113.140
113.520
113.900
114.270
114.630
115.000
115.370
115.750
116.120
116.490
116.870
117.230
117.590
117.960
118.290
118.640
119.000
119.380
119.760
120.120
120.500
120.870
121.250
121.630
122.020
122.380
122.780
123.150
123.530
123.900
124.280
124.650
125.030
125.400
125.790
126.150
126.530
126.910
127.300
127.680
128.060
128.440
128.830
129.190
129.580
129.950
130.330
130.700
131.090
131.450
131.840
132.210
132.580
132.950
133.330
133.700
134.060
134.430
134.820
135.180
135.560
135.930
136.310
136.690
137.070
137.440
137.830
138.200
138.590
138.950
139.340
139.710
140.100
140.460
140.850
141.210
141.590
141.960
142.340
142.710
143.090
143.460
143.840
144.200
144.580
144.960
145.330
145.700
146.060
146.440
146.820
147.190
147.560
147.930
148.320
148.680
149.050
149.410
149.790
150.160
150.540
150.910
151.290
151.670
152.060
152.430
152.810
153.180
153.580
153.940
154.320
154.690
155.080
155.440
155.820
156.200
156.570
156.950
157.330
157.700
158.070
158.440
158.830
159.200
159.590
159.950
160.340
160.710
161.090
161.460
161.840
162.220
162.600
162.960
163.340
163.700
164.080
164.450
164.840
165.210
165.600
165.960
166.350
166.730
167.110
167.490
167.880
168.270
168.650
169.030
169.410
169.780
170.160
170.540
170.910
171.280
171.680
172.060
172.420
172.800
173.200
173.570
173.980
174.360
174.760
175.130
175.530
