0.600
1.500
2.430
3.330
4.220
5.140
6.040
6.940
7.830
8.740
9.630
10.520
11.410
12.290
13.180
14.070
14.950
15.840
16.710
17.590
18.450
19.340
20.220
21.070
21.950
22.830
23.690
24.550
25.440
26.340
27.200
28.090
28.990
29.880
30.760
31.650
32.570
33.450
34.320
35.200
36.070
36.940
37.790
38.670
39.550
40.390
41.230
42.060
42.890
43.720
44.550
45.400
46.220
47.090
47.930
48.770
49.580
50.420
51.250
52.110
52.930
53.760
54.580
55.410
56.210
57.040
57.860
58.690
59.490
60.300
61.110
61.930
62.730
63.540
64.470
65.340
66.240
67.120
67.990
68.870
69.710
70.590
71.460
72.300
73.140
74.000
74.850
75.710
76.580
77.390
78.240
79.120
79.990
80.840
81.690
82.530
83.380
84.230
85.060
85.900
86.710
87.550
88.360
89.190
90.020
90.850
91.670
92.480
93.300
94.140
94.950
95.750
96.560
97.400
98.200
99.020
99.840
100.640
101.430
102.240
103.030
103.870
104.650
105.470
106.260
107.060
107.860
108.640
109.440
110.250
111.040
111.860
112.650
113.420
114.210
115.010
115.810
116.610
117.400
118.180
118.950
119.670
120.370
121.070
121.810
122.490
123.210
