0.410
0.900
1.420
1.920
2.400
2.880
3.380
3.880
4.370
4.860
5.360
5.860
6.370
6.850
7.350
7.850
8.360
8.850
9.340
9.840
10.350
10.830
11.330
11.840
12.340
12.830
13.330
13.840
14.330
14.820
15.330
15.830
16.330
16.820
17.320
17.820
18.310
18.800
19.300
19.800
20.300
20.780
21.280
21.790
22.320
22.870
23.400
23.930
24.460
24.940
25.450
25.950
26.430
26.920
27.410
27.890
28.340
28.820
29.280
29.760
30.250
30.730
31.230
31.730
32.210
32.700
33.210
33.700
34.190
34.680
35.180
35.670
36.160
36.640
37.140
37.630
38.120
38.630
39.130
39.620
40.140
40.640
41.150
41.640
42.130
42.630
43.140
43.640
44.140
44.630
45.130
45.630
46.130
46.630
47.130
47.620
48.120
48.610
49.110
49.610
50.110
50.590
51.090
51.590
52.080
52.580
53.080
53.610
54.160
54.680
55.220
55.750
56.220
56.740
57.230
57.710
58.190
58.680
59.170
59.640
60.110
60.590
61.080
61.560
62.050
62.520
63.010
63.500
64.000
64.490
64.980
65.480
65.970
66.470
66.960
67.460
67.930
68.440
68.930
69.420
69.920
70.420
70.920
71.410
71.920
72.430
72.930
73.410
73.910
74.420
74.910
75.410
75.920
76.420
76.910
77.410
77.900
78.400
78.890
79.380
79.880
80.380
80.870
81.370
81.860
82.360
82.850
83.350
83.850
84.340
84.800
85.280
85.780
86.260
86.710
87.190
87.650
88.090
88.580
89.050
89.540
90.020
90.500
90.960
91.400
91.880
92.360
92.840
93.330
93.820
94.300
94.810
95.290
95.800
96.280
96.780
97.260
97.770
98.260
98.760
99.230
99.730
100.230
100.730
101.230
101.730
102.230
102.740
103.240
103.760
104.250
104.750
105.250
105.750
106.250
106.740
107.230
107.730
108.230
108.730
109.230
109.730
110.230
110.720
111.220
111.720
112.220
112.700
113.200
113.700
114.200
114.690
115.170
115.650
116.140
116.630
117.150
117.630
118.090
118.560
119.040
119.550
120.040
120.520
121.010
121.510
122.000
122.450
122.900
123.410
123.890
124.370
124.860
125.360
125.850
126.340
126.830
127.340
127.830
128.330
128.810
129.310
129.790
130.280
130.760
131.270
131.760
132.250
132.750
133.260
133.760
134.260
134.760
135.260
135.760
136.260
136.760
137.260
137.750
138.250
138.750
139.260
139.750
140.240
140.740
141.240
141.740
142.240
142.740
143.240
143.730
144.230
144.730
145.230
145.730
146.210
146.730
147.220
147.690
148.160
148.640
149.080
149.560
150.000
150.470
150.980
151.460
151.940
152.430
152.920
153.410
153.870
154.330
154.810
155.290
155.780
156.260
156.760
157.250
157.730
158.220
158.720
159.220
159.710
160.210
160.710
161.220
161.690
162.210
162.700
163.210
