0.150
0.870
1.590
2.340
3.080
3.780
4.510
5.230
5.960
6.660
7.360
8.080
8.830
9.540
10.270
11.000
11.700
12.380
13.070
13.790
14.500
15.200
15.920
16.640
17.370
18.090
18.800
19.520
20.250
20.960
21.680
22.390
23.110
23.800
24.530
25.240
25.960
26.680
27.430
28.140
28.830
29.560
30.260
30.980
31.690
32.400
33.100
33.810
34.530
35.240
35.950
36.650
37.330
38.050
38.740
39.460
40.170
40.870
41.580
42.290
43.020
43.750
44.460
45.210
45.930
46.660
47.350
48.110
48.820
49.530
50.250
50.970
51.690
52.390
53.080
53.760
54.470
55.190
55.870
56.600
57.320
58.020
58.730
59.460
60.170
60.880
61.600
62.320
63.040
63.770
64.490
65.200
65.930
66.650
67.350
68.060
68.770
69.470
70.180
70.900
71.610
72.290
72.980
73.700
74.410
75.110
75.810
76.520
77.230
77.910
78.600
79.310
80.010
80.710
81.400
82.130
82.850
83.530
84.230
84.940
85.650
86.360
87.080
87.790
88.490
89.200
89.920
90.640
91.330
91.980
92.680
93.390
94.080
94.790
95.490
96.200
96.880
