0.420
0.870
1.340
1.780
2.260
2.710
3.190
3.660
4.120
4.620
5.120
5.590
6.080
6.540
7.040
7.500
7.980
8.460
8.980
9.450
9.920
10.400
10.890
11.370
11.830
12.320
12.810
13.280
13.760
14.240
14.730
15.200
15.690
16.190
16.660
17.160
17.630
18.120
18.630
19.100
19.580
20.050
20.550
21.010
21.510
21.970
22.470
22.950
23.420
23.890
24.390
24.850
25.310
25.780
26.280
26.760
27.220
27.700
28.180
28.650
29.120
29.600
30.070
30.540
31.020
31.490
31.970
32.450
32.920
33.410
33.910
34.400
34.870
35.340
35.850
36.320
36.810
37.300
37.780
38.250
38.730
39.210
39.710
40.170
40.650
41.140
41.630
42.110
42.570
43.060
43.560
44.040
44.510
44.990
45.490
45.950
46.440
46.940
47.440
47.910
48.400
48.870
49.370
49.840
50.330
50.790
51.310
51.770
52.280
52.750
53.250
53.710
54.200
54.680
55.170
55.640
56.110
56.590
57.080
57.560
58.020
58.490
58.980
59.450
59.950
60.430
60.940
61.420
61.890
62.360
62.860
63.340
63.850
64.330
64.830
65.320
65.820
66.300
66.800
67.290
67.760
68.250
68.740
69.210
69.690
70.190
70.670
71.150
71.650
72.120
72.610
73.090
73.570
74.060
74.540
75.030
75.510
75.990
76.470
76.950
77.430
77.920
78.420
78.890
79.370
79.860
80.340
80.820
81.300
81.790
82.270
82.750
83.240
83.730
84.220
84.710
85.200
85.690
86.150
86.630
87.090
87.580
88.090
88.570
89.060
89.550
90.050
90.540
91.030
91.540
92.020
92.510
93.000
93.490
93.990
94.490
94.980
95.470
95.980
96.470
96.970
97.460
97.970
98.450
98.930
99.430
99.940
100.430
100.910
101.410
101.920
102.410
102.900
103.400
103.900
104.390
104.880
105.370
105.870
106.360
106.850
107.340
107.830
108.310
108.810
109.290
109.820
110.280
110.780
111.270
111.760
112.250
112.750
113.250
113.740
114.230
114.720
115.230
115.720
116.210
116.700
117.200
117.700
118.180
118.660
119.150
119.640
120.120
120.610
121.100
121.590
122.070
122.570
123.050
123.530
124.020
124.500
124.990
125.460
125.950
126.440
126.920
127.400
127.880
128.360
128.840
129.310
129.790
130.270
130.760
131.250
131.720
132.220
132.710
133.200
133.690
134.160
134.640
135.120
135.630
136.110
136.620
137.120
137.620
138.110
138.630
139.130
139.630
140.120
140.620
141.110
141.600
142.100
142.600
143.090
143.590
144.070
144.560
145.060
145.540
146.030
146.520
147.010
147.490
147.970
148.470
148.960
149.440
149.930
150.420
150.930
151.410
151.890
152.390
152.880
153.360
153.850
154.350
154.850
155.330
155.820
156.300
156.800
157.280
157.770
158.260
158.770
159.250
159.750
160.250
160.740
161.210
161.700
162.200
162.700
163.190
163.670
164.170
164.660
165.150
165.630
166.120
166.580
167.070
167.550
168.070
168.540
169.030
169.500
169.980
170.470
170.940
171.420
171.900
172.380
172.840
173.330
173.810
174.290
174.770
175.240
175.730
176.190
176.690
177.160
177.650
178.120
178.600
179.070
179.550
180.030
180.520
181.000
181.480
181.950
182.440
182.910
183.400
183.860
184.360
184.830
185.310
185.790
186.270
186.750
187.220
187.690
188.170
188.640
189.090
189.560
190.030
190.510
190.980
191.460
191.910
192.380
