0.480
0.980
1.480
1.980
2.490
2.960
3.460
3.940
4.450
4.940
5.430
5.920
6.420
6.910
7.400
7.870
8.380
8.850
9.370
9.850
10.350
10.840
11.320
11.830
12.310
12.770
13.270
13.740
14.260
14.740
15.220
15.700
16.200
16.670
17.170
17.650
18.150
18.640
19.120
19.600
20.100
20.580
21.070
21.560
22.060
22.540
23.020
23.510
23.980
24.460
24.980
25.460
25.950
26.440
26.930
27.410
27.920
28.390
28.880
29.340
29.850
30.330
30.810
31.320
31.800
32.290
32.780
33.260
33.750
34.230
34.720
35.210
35.700
36.190
36.680
37.160
37.660
38.140
38.630
39.100
39.590
40.090
40.570
41.060
41.550
42.030
42.520
43.030
43.490
43.970
44.470
44.940
45.430
45.910
46.370
46.890
47.360
47.840
48.350
48.830
49.340
49.810
50.290
50.780
51.280
51.770
52.270
52.750
53.240
53.720
54.230
54.690
55.200
55.690
56.180
56.680
57.190
57.670
58.160
58.640
59.150
59.630
60.100
60.590
61.090
61.600
62.080
62.590
63.070
63.580
64.050
64.550
65.050
65.510
66.010
66.500
66.990
67.450
67.950
68.440
68.920
69.400
69.900
70.360
70.850
71.330
71.810
72.280
72.770
73.280
73.770
74.260
74.760
75.260
75.750
76.240
76.740
77.240
77.730
78.220
78.720
79.190
79.700
80.170
80.680
81.170
81.660
82.170
82.660
83.140
83.630
84.120
84.630
85.120
85.600
86.080
86.590
87.060
87.550
88.040
88.530
89.030
89.490
90.000
90.490
90.980
91.470
91.940
92.450
92.930
93.420
93.910
94.400
94.900
95.380
95.860
96.390
96.860
97.350
97.840
98.350
98.820
99.320
99.810
100.310
100.790
101.290
101.770
102.260
102.750
103.250
103.760
104.250
104.750
105.260
105.740
106.240
106.730
107.230
107.700
108.220
108.710
109.190
109.670
110.170
110.670
111.160
111.620
112.120
112.600
113.100
113.570
114.050
114.530
115.040
115.510
116.020
116.480
116.960
117.470
117.940
118.420
118.920
119.420
119.910
120.380
120.870
121.360
121.850
122.320
122.830
123.310
123.810
124.280
124.780
125.280
125.750
126.250
126.740
127.210
127.700
128.210
128.710
129.170
129.670
130.140
130.620
131.090
131.590
132.060
132.530
133.010
133.500
133.990
134.450
134.940
135.430
135.910
136.380
