0.140
0.460
0.800
1.150
1.490
1.840
2.180
2.500
2.850
3.180
3.510
3.840
4.180
4.520
4.840
5.160
5.510
5.830
6.160
6.500
6.840
7.170
7.510
7.840
8.180
8.500
8.840
9.170
9.510
9.830
10.180
10.510
10.850
11.180
11.530
11.860
12.220
12.540
12.890
13.220
13.580
13.900
14.260
14.590
14.950
15.280
15.640
15.970
16.320
16.660
17.000
17.340
17.690
18.020
18.370
18.710
19.070
19.400
19.750
20.090
20.430
20.780
21.130
21.480
21.820
22.180
22.540
22.870
23.220
23.570
23.920
24.260
24.610
24.950
25.310
25.640
26.000
26.340
26.690
27.020
27.380
27.720
28.070
28.410
28.770
29.120
29.460
29.810
30.170
30.500
30.860
31.210
31.560
31.910
32.260
32.600
32.960
33.290
33.650
33.980
34.340
34.680
35.050
35.390
35.750
36.080
36.430
36.770
37.130
37.470
37.830
38.180
38.530
38.880
39.240
39.570
39.920
40.270
40.620
40.950
41.300
41.640
41.990
42.330
42.690
43.040
43.400
43.750
44.100
44.450
44.800
45.160
45.510
45.850
46.210
46.560
46.920
47.260
47.610
47.970
48.330
48.680
49.030
49.380
49.730
50.070
50.430
50.770
51.130
51.480
51.820
52.180
52.530
52.890
53.240
53.590
53.920
54.280
54.630
54.970
55.330
55.650
56.010
56.350
56.700
57.060
57.410
57.760
58.120
58.460
58.810
59.170
59.530
59.880
60.230
60.570
60.940
61.270
61.630
61.980
62.340
62.690
63.040
63.400
63.750
64.090
64.450
64.800
65.160
65.500
65.860
66.210
66.560
66.920
67.300
67.650
67.980
68.350
68.700
69.050
69.390
69.740
70.090
70.430
70.780
71.130
71.490
71.830
72.180
72.530
72.880
73.230
73.590
73.940
74.300
74.640
74.990
75.340
75.700
76.050
76.410
76.740
77.110
77.440
77.800
78.140
78.510
78.850
79.210
79.560
79.910
80.260
80.610
80.940
81.310
81.640
82.000
82.340
82.690
83.050
83.400
83.750
84.110
84.460
84.820
85.170
85.530
85.870
86.240
86.580
86.940
87.290
87.630
87.980
88.330
88.690
89.010
89.350
89.710
90.050
90.400
90.750
91.100
91.450
91.810
92.160
92.510
92.860
93.220
93.570
93.910
94.270
94.620
94.980
95.330
95.670
96.020
96.380
96.740
97.090
97.440
97.790
98.140
98.500
98.850
99.200
99.550
99.890
100.240
100.580
100.940
101.290
101.630
101.980
102.350
102.680
103.040
103.380
103.740
104.090
104.450
104.810
105.170
105.520
105.880
106.240
106.600
106.950
107.310
107.660
108.020
108.360
108.730
109.070
109.420
109.780
110.140
110.490
110.850
111.200
111.560
111.910
112.280
112.630
112.980
113.340
113.710
114.050
114.410
114.760
115.110
115.460
115.810
116.170
116.520
116.870
117.220
117.570
117.910
118.270
118.610
118.960
119.310
119.660
120.000
120.350
120.690
121.040
121.380
121.730
122.080
122.420
122.770
123.120
123.470
123.820
124.170
124.520
124.860
125.200
125.540
125.900
126.240
126.590
126.940
127.310
127.650
128.000
128.360
128.700
129.060
129.400
129.740
130.090
130.440
130.790
131.120
131.430
131.760
132.070
132.390
132.720
133.030
133.360
133.680
134.000
134.320
134.630
