0.270
0.640
1.000
1.370
1.730
2.080
2.450
2.820
3.180
3.540
3.880
4.200
4.540
4.900
5.240
5.600
5.950
6.290
6.640
7.000
7.350
7.700
8.050
8.400
8.750
9.100
9.450
9.800
10.160
10.510
10.870
11.220
11.580
11.920
12.260
12.620
12.970
13.330
13.700
14.050
14.400
14.760
15.120
15.480
15.840
16.210
16.570
16.930
17.280
17.620
17.960
18.320
18.680
19.050
19.410
19.780
20.140
20.500
20.870
21.240
21.600
21.960
22.330
22.690
23.060
23.420
23.790
24.160
24.520
24.900
25.260
25.630
26.000
26.370
26.740
27.110
27.470
27.840
28.210
28.580
28.950
29.330
29.700
30.080
30.450
30.820
31.190
31.550
31.930
32.290
32.660
33.040
33.400
33.780
34.150
34.520
34.890
35.260
35.630
36.000
36.380
36.770
37.140
37.510
37.890
38.280
38.640
39.020
39.390
39.770
40.140
40.520
40.890
41.270
41.660
42.030
42.410
42.790
43.160
43.540
43.910
44.300
44.680
45.060
45.430
45.800
46.180
46.560
46.920
47.290
47.670
48.040
48.430
48.810
49.190
49.550
49.930
50.310
50.690
51.060
51.430
51.800
52.180
52.550
52.910
53.300
53.670
54.040
54.420
54.800
55.170
55.540
55.910
56.300
56.670
57.040
57.420
57.790
58.180
58.540
58.910
59.290
59.670
60.050
60.430
60.820
61.190
61.570
61.950
62.330
62.720
63.090
63.460
63.850
64.220
64.600
64.960
65.340
65.730
66.100
66.480
66.870
67.240
67.610
67.990
68.370
68.740
69.110
69.480
69.860
70.230
70.610
70.980
71.360
71.720
72.090
72.460
72.830
73.190
73.560
73.920
74.290
74.660
75.030
75.390
75.760
76.130
76.490
76.850
77.220
77.580
77.950
78.320
78.680
79.050
79.410
79.790
80.150
80.520
80.890
81.240
81.610
81.970
82.330
82.700
83.060
83.430
83.790
84.160
84.520
84.890
85.250
85.620
85.980
86.340
86.700
87.070
87.420
87.790
88.150
88.500
88.840
89.180
89.550
89.900
90.280
90.640
90.990
91.370
91.740
92.110
92.480
92.850
93.220
93.590
93.960
94.320
94.680
95.040
95.410
95.780
96.140
96.510
96.880
97.250
97.620
97.990
98.360
98.730
99.090
99.460
99.830
100.190
100.550
100.910
101.290
101.660
102.020
102.380
102.750
103.120
103.490
103.850
104.230
104.590
104.970
105.340
105.710
106.080
106.440
106.810
107.180
107.550
107.930
108.290
108.670
109.040
109.420
109.790
110.160
110.530
110.910
111.280
111.650
112.020
112.390
112.770
113.140
113.510
113.890
114.260
114.640
115.010
115.380
115.760
116.130
116.510
116.890
117.270
117.640
118.010
118.390
118.770
119.140
119.520
119.900
120.270
120.650
121.030
121.420
121.800
122.170
122.550
122.930
123.300
123.690
124.060
124.440
124.820
125.210
125.590
125.970
126.350
126.730
127.090
127.490
127.870
128.240
128.620
129.000
129.380
129.760
130.140
130.520
130.900
131.280
131.650
132.020
132.400
132.770
133.150
133.530
133.910
134.290
134.660
135.040
135.420
135.790
136.160
136.540
136.920
137.300
137.680
138.070
138.440
138.820
139.200
139.590
139.970
140.330
140.710
141.100
141.480
141.840
142.220
142.570
142.940
143.310
143.690
144.070
144.440
144.820
145.180
145.560
145.920
146.310
146.670
147.050
147.420
147.790
148.150
148.500
148.850
149.220
149.590
149.970
150.340
150.700
151.070
151.440
151.810
152.190
152.560
152.940
153.320
153.690
154.060
154.430
154.800
155.180
155.550
155.930
156.300
156.680
157.050
157.430
157.800
158.190
158.560
158.940
159.330
159.690
160.030
160.400
160.710
161.040
161.360
161.680
161.990
162.320
162.640
162.960
163.270
163.600
163.910
164.240
164.550
164.880
165.200
165.510
165.830
166.160
166.470
166.790
167.120
167.440
