0.190
0.800
1.390
2.000
2.610
3.310
4.030
4.730
5.360
6.020
6.710
7.400
8.070
8.840
9.610
10.330
11.090
11.850
12.560
13.320
14.050
14.810
15.520
16.180
16.870
17.600
18.310
19.060
19.740
20.420
21.100
21.780
22.450
23.140
23.870
24.560
25.260
25.930
26.630
27.370
28.060
28.750
29.390
30.030
30.570
31.110
31.670
32.210
32.780
33.330
33.880
34.440
34.970
35.530
36.070
36.640
37.170
37.720
38.290
38.820
39.390
39.930
40.490
41.020
41.580
42.140
42.670
43.220
43.780
44.340
44.860
45.440
46.000
46.630
47.220
47.860
48.530
49.180
49.840
50.470
51.100
51.740
52.400
53.040
53.700
54.370
55.050
55.700
56.370
57.040
57.630
58.190
58.770
59.340
59.860
60.430
60.990
61.530
62.060
62.630
63.230
63.790
64.360
64.930
65.510
66.060
66.640
67.190
67.780
68.400
69.140
69.850
70.520
71.250
71.900
72.580
73.260
73.880
74.500
75.140
75.780
76.400
77.060
77.680
78.360
79.010
79.690
80.350
80.980
81.640
82.320
83.020
83.680
84.300
84.960
85.650
86.280
86.990
87.670
88.350
89.030
89.680
90.370
91.080
91.730
92.430
93.090
93.770
94.450
95.080
95.770
96.440
97.080
97.710
98.370
98.990
99.620
100.220
100.830
101.460
102.120
102.750
103.430
104.130
104.800
105.440
106.110
106.660
107.230
107.830
108.370
108.960
109.570
110.150
110.780
111.390
112.030
112.680
113.310
113.970
114.610
115.250
115.850
116.490
117.050
117.640
118.230
118.780
119.370
119.970
120.550
121.100
121.710
122.270
122.860
123.410
124.010
124.470
124.990
125.480
125.940
126.450
126.940
127.430
127.910
128.420
128.880
129.370
129.870
130.350
130.830
131.320
131.810
132.290
132.770
133.230
133.710
134.170
134.630
135.110
135.610
136.070
136.570
137.030
137.550
138.070
138.600
139.160
139.780
140.360
140.960
141.570
142.150
142.770
143.350
143.890
144.460
145.070
145.630
146.200
146.780
147.360
147.900
148.460
148.990
149.530
150.080
150.580
151.110
151.640
152.140
152.700
153.250
153.850
154.420
154.990
155.570
156.150
156.740
157.310
157.920
158.480
159.080
159.650
160.220
160.820
161.450
162.080
162.730
163.420
164.110
164.820
165.550
166.250
166.920
167.670
168.440
169.170
169.930
170.680
171.400
172.090
172.800
173.490
174.150
174.780
175.380
176.020
176.660
177.270
177.850
178.480
179.090
179.690
180.300
180.950
181.570
182.230
182.870
183.480
184.150
184.820
185.460
186.130
186.810
187.500
188.150
188.770
189.430
190.110
190.750
191.350
191.930
192.540
193.120
193.780
194.410
195.040
195.690
196.330
196.960
197.670
198.310
198.990
199.660
200.330
201.040
201.710
202.390
203.070
203.790
204.470
205.160
205.820
206.540
207.230
207.970
208.730
209.450
210.180
210.850
211.590
212.290
212.980
213.720
214.370
214.990
215.660
216.290
217.010
217.650
218.390
219.060
219.780
220.490
221.160
221.860
222.550
223.290
223.960
224.610
225.290
225.940
226.600
227.310
227.950
228.640
229.320
229.960
230.640
231.340
232.080
232.790
233.460
234.190
234.960
235.660
236.380
237.120
237.840
238.560
239.270
239.970
240.640
241.350
242.080
242.770
243.530
244.280
244.990
245.740
246.420
247.130
247.820
248.520
249.310
250.090
250.940
251.760
252.670
253.600
254.520
255.390
256.320
257.200
258.100
258.990
259.880
260.910
261.930
262.840
263.690
264.540
265.460
266.290
267.130
267.980
268.820
269.710
270.540
271.390
272.330
273.190
274.060
274.900
275.750
276.620
277.540
278.390
279.250
280.150
281.040
281.940
282.750
283.640
284.520
285.370
286.260
287.120
287.970
288.850
289.760
290.620
291.520
292.410
293.310
294.200
295.150
296.050
296.910
297.830
298.800
299.860
300.890
301.880
302.890
303.920
304.940
305.920
306.930
307.920
308.960
309.910
310.920
311.910
312.950
313.920
314.890
315.900
316.920
317.900
318.940
319.880
320.910
321.880
322.910
323.890
324.890
325.900
326.880
327.870
328.880
329.940
330.940
332.020
333.110
334.170
335.100
336.060
337.000
337.930
338.770
339.680
340.510
341.290
342.040
342.730
343.460
344.190
344.860
345.610
346.310
347.010
347.720
348.390
349.090
349.840
350.590
351.310
352.030
352.810
353.520
354.270
354.960
355.700
356.430
357.200
357.990
358.760
359.530
360.290
361.070
361.920
362.730
363.560
364.320
365.140
365.940
366.720
367.410
368.120
368.810
369.520
370.260
371.000
371.770
372.490
373.270
373.990
374.750
375.480
376.280
377.140
377.940
378.780
379.570
380.320
381.100
381.840
382.560
383.230
383.910
384.530
385.200
385.840
386.510
387.130
387.830
388.540
389.250
389.960
390.650
391.380
392.080
392.780
393.480
394.130
394.820
395.540
396.210
396.870
397.580
398.240
398.940
399.600
400.320
401.030
401.690
402.450
403.230
403.890
404.600
405.260
405.990
406.770
407.510
408.330
409.200
410.000
410.950
411.840
412.790
413.720
414.650
415.590
416.450
417.370
418.250
419.170
420.030
420.910
421.840
422.720
423.710
424.660
425.660
426.590
427.610
428.660
429.670
430.670
431.710
432.720
433.640
434.540
435.390
436.400
437.470
438.450
439.500
440.480
441.440
442.390
443.390
444.360
445.310
446.330
447.290
448.070
448.810
449.550
450.260
450.950
451.700
452.470
453.190
453.950
454.750
455.500
456.220
456.940
457.660
458.390
459.140
459.880
460.560
461.290
461.990
462.670
463.350
464.010
464.640
465.270
466.020
466.700
467.430
468.270
469.200
470.050
470.960
471.840
472.690
473.600
474.400
475.280
476.070
476.960
477.750
478.550
479.340
480.110
480.930
481.710
482.470
483.280
484.050
484.850
485.670
486.430
487.260
488.040
488.860
489.630
490.420
491.220
491.980
492.780
