0.030
0.480
0.950
1.410
1.850
2.300
2.750
3.190
3.630
4.070
4.510
4.970
5.400
5.840
6.290
6.730
7.180
7.630
8.070
8.520
8.970
9.420
9.850
10.300
10.730
11.180
11.630
12.070
12.510
12.960
13.410
13.860
14.290
14.740
15.190
15.630
16.080
16.530
16.960
17.420
17.880
18.320
18.760
19.210
19.650
20.100
20.540
20.990
21.440
21.890
22.340
22.790
23.230
23.680
24.120
24.570
25.010
25.460
25.900
26.350
26.790
27.240
27.680
28.140
28.570
29.020
29.450
29.910
30.350
30.790
31.230
31.680
32.120
32.570
33.020
33.480
33.930
34.370
34.820
35.260
35.710
36.150
36.600
37.050
37.500
37.950
38.390
38.840
39.290
39.750
40.200
40.650
41.100
41.540
41.990
42.440
42.880
43.320
43.760
44.210
44.660
45.110
45.550
46.010
46.450
46.890
47.340
47.790
48.230
48.670
49.110
49.560
50.000
50.450
50.920
51.370
51.810
52.260
52.690
53.140
53.590
54.040
54.490
54.940
55.380
55.830
56.280
56.730
57.170
57.620
58.070
58.520
58.980
59.430
59.870
60.310
60.760
61.210
61.660
62.100
62.550
63.000
63.440
63.880
64.320
64.770
65.230
65.670
66.130
66.580
67.030
67.480
67.930
68.380
68.820
69.270
69.720
70.180
70.620
71.060
71.510
71.950
72.400
72.850
73.300
73.740
74.190
74.640
75.080
75.530
75.970
76.430
76.880
77.310
77.750
78.210
78.650
79.100
79.550
80.000
80.440
80.890
81.330
81.770
82.210
82.660
83.110
83.560
84.020
84.460
84.900
85.340
85.790
86.240
86.680
87.140
87.580
88.010
88.450
88.890
89.350
89.780
90.210
90.660
91.110
91.550
92.000
92.450
92.900
93.340
93.780
94.230
94.680
95.130
95.580
96.020
96.470
96.920
97.380
97.830
98.290
98.730
99.170
99.640
100.090
100.530
100.970
101.410
101.860
102.320
102.770
103.220
103.670
104.120
104.560
105.010
105.460
105.910
106.350
106.800
107.250
107.700
108.140
108.600
109.050
109.510
109.950
110.410
110.850
111.300
111.750
112.190
112.650
113.090
113.530
113.980
114.420
114.870
115.320
115.780
116.240
116.680
117.130
117.570
118.030
118.480
118.930
119.390
119.850
120.300
120.780
121.240
121.680
122.140
122.620
123.060
123.510
123.980
124.410
124.860
125.330
