0.620
1.310
2.000
2.680
3.370
4.060
4.760
5.480
6.200
6.910
7.600
8.320
9.050
9.740
10.450
11.170
11.880
12.610
13.300
14.020
14.740
15.440
16.130
16.870
17.580
18.300
18.990
19.700
20.400
21.080
21.780
22.480
23.210
23.920
24.630
25.340
26.040
26.750
27.450
28.160
28.860
29.570
30.250
30.970
31.660
32.360
33.040
33.780
34.490
35.190
35.870
36.600
37.270
37.990
38.670
39.380
40.080
40.790
41.480
42.180
42.860
43.560
44.260
44.940
45.660
46.360
47.040
47.740
48.440
49.140
49.820
50.550
51.230
51.920
52.660
53.330
54.070
54.770
55.480
56.180
56.880
57.560
58.280
58.960
59.660
60.360
61.060
61.770
62.470
63.190
63.880
64.580
65.270
65.960
66.670
67.380
68.080
68.770
69.480
70.180
70.880
71.570
72.260
73.000
73.720
74.430
75.130
75.860
76.570
77.250
77.890
78.580
79.270
79.980
80.650
81.340
82.040
82.760
83.440
84.150
84.850
85.550
86.240
86.940
87.650
88.330
89.020
89.730
90.470
91.170
91.880
92.590
93.290
93.990
94.680
95.390
96.070
96.780
97.480
98.190
98.880
99.570
100.250
100.950
101.660
102.360
103.060
103.750
104.460
105.140
105.810
106.520
107.230
107.930
108.620
109.320
110.040
110.730
111.410
112.150
112.850
113.540
114.270
114.940
115.660
116.330
117.020
117.720
118.430
119.140
119.840
120.530
121.220
121.950
122.610
123.360
124.060
124.750
125.470
126.170
126.870
127.570
128.280
128.990
129.710
130.440
131.120
131.840
132.550
133.250
133.940
134.650
135.370
136.080
136.790
137.480
138.160
138.880
139.550
140.230
140.920
141.640
142.340
143.040
143.730
144.460
145.160
145.910
146.630
147.310
148.050
148.780
