0.600
1.430
2.250
3.050
3.850
4.630
5.440
6.230
7.010
7.800
8.630
9.440
10.260
11.050
11.880
12.680
13.500
14.300
15.150
15.950
16.760
17.560
18.370
19.170
19.960
20.770
21.590
22.370
23.180
23.970
24.800
25.610
26.410
27.200
28.010
28.780
29.580
30.380
31.190
31.970
32.760
33.540
34.350
35.120
35.910
36.690
37.530
38.320
39.140
39.910
40.730
41.510
42.310
43.110
43.940
44.730
45.500
46.290
47.090
47.860
48.670
49.470
50.280
51.070
51.890
52.670
53.450
54.260
55.030
55.830
56.620
57.410
58.160
58.940
59.750
60.540
61.330
62.110
62.920
63.720
64.490
65.270
66.100
66.880
67.690
68.470
69.290
70.070
70.850
71.630
72.460
73.240
74.040
74.820
75.630
76.420
77.210
78.010
78.860
79.640
80.430
81.210
82.020
82.800
83.580
84.350
85.180
85.970
86.760
87.540
88.380
89.160
89.930
90.730
91.530
92.330
93.160
93.950
94.800
95.570
96.380
97.160
98.010
98.800
99.610
100.390
101.230
102.010
102.780
103.560
104.400
105.170
105.970
106.770
107.580
108.380
109.170
109.960
110.810
111.590
112.400
113.180
113.990
114.750
115.550
116.340
117.150
117.940
118.760
119.550
120.370
121.170
121.980
122.770
123.590
124.350
125.160
125.930
126.740
127.530
128.300
129.070
129.890
130.700
131.510
132.300
133.120
133.920
134.710
135.510
136.330
137.110
137.900
138.680
139.500
140.300
141.090
141.910
142.700
143.510
144.330
145.140
145.920
