0.450
0.950
1.480
1.990
2.520
3.030
3.540
4.060
4.570
5.100
5.620
6.130
6.660
7.170
7.700
8.220
8.750
9.270
9.810
10.350
10.870
11.390
11.920
12.460
12.990
13.520
14.050
14.590
15.110
15.660
16.190
16.710
17.230
17.770
18.290
18.850
19.370
19.900
20.440
20.980
21.510
22.030
22.570
23.090
23.610
24.140
24.680
25.200
25.720
26.260
26.770
27.310
27.840
28.360
28.880
29.430
29.980
30.500
31.070
31.580
32.110
32.640
33.160
33.710
34.240
34.770
35.290
35.820
36.360
36.870
37.420
37.960
38.500
39.030
39.580
40.100
40.630
41.160
41.690
42.220
42.750
43.270
43.830
44.340
44.870
45.400
45.950
46.470
46.990
47.530
48.060
48.600
49.120
49.650
50.190
50.720
51.250
51.790
52.330
52.850
53.380
53.910
54.440
54.970
55.500
56.010
56.560
57.080
57.600
58.120
58.670
59.190
59.720
60.260
60.790
61.330
61.850
62.370
62.920
63.440
63.970
64.490
65.020
65.550
66.060
66.590
67.140
67.670
68.190
68.730
69.260
69.810
70.340
70.870
71.390
71.930
72.450
72.990
73.520
74.050
74.580
75.100
75.650
76.180
76.700
77.240
77.780
78.290
78.820
79.340
79.900
80.410
80.940
81.480
82.010
82.530
83.060
83.560
84.110
84.640
85.170
85.700
86.240
86.740
87.280
87.800
88.360
88.870
89.410
89.950
90.470
91.010
91.550
92.080
92.610
93.140
93.670
94.200
94.740
95.260
95.800
96.330
96.870
97.410
97.950
98.460
99.020
99.540
100.070
100.600
101.130
101.660
102.170
102.690
103.220
103.740
104.250
104.790
105.320
105.830
106.370
106.890
107.430
107.930
108.450
108.980
109.520
110.040
110.550
111.080
111.580
112.070
112.590
113.070
113.550
114.040
114.520
115.000
115.470
115.940
116.420
116.920
117.380
117.860
118.360
