0.500
1.070
1.600
2.170
2.680
3.180
3.690
4.190
4.720
5.210
5.730
6.230
6.750
7.270
7.780
8.280
8.800
9.320
9.830
10.350
10.880
11.420
11.940
12.430
12.980
13.470
13.960
14.460
14.980
15.460
15.960
16.480
16.980
17.470
17.960
18.460
18.960
19.460
19.970
20.460
20.970
21.470
21.970
22.470
22.960
23.470
23.960
24.490
24.990
25.480
26.000
26.510
27.030
27.550
28.050
28.550
29.050
29.580
30.080
30.580
31.120
31.620
32.120
32.620
33.140
33.670
34.160
34.670
35.200
35.720
36.210
36.720
37.220
37.690
38.170
38.670
39.160
39.660
40.160
40.660
41.160
41.660
42.160
42.660
43.150
43.650
44.150
44.630
45.120
45.630
46.130
46.620
47.110
47.600
48.100
48.570
49.060
49.560
50.050
50.530
51.020
51.520
52.020
52.500
52.990
53.490
53.990
54.470
54.970
55.460
55.960
56.450
56.930
57.440
57.930
58.410
58.900
59.390
59.890
60.380
60.870
61.370
61.870
62.360
62.840
63.350
63.840
64.350
64.880
65.410
65.920
66.430
66.960
67.480
67.980
68.480
69.000
69.520
70.020
70.520
71.060
71.560
72.090
72.590
73.100
73.640
74.130
74.640
75.150
75.680
76.180
76.670
77.180
77.670
78.150
78.650
79.160
79.670
80.170
80.660
81.170
81.670
82.170
82.670
83.170
83.670
84.180
84.660
85.160
85.660
86.160
86.660
87.150
87.650
88.140
88.630
89.120
89.620
90.120
90.620
91.100
91.610
92.100
92.590
93.080
93.580
94.060
94.550
95.030
95.530
96.020
96.510
97.000
97.510
98.000
98.480
98.970
99.460
99.960
100.440
100.940
101.430
101.920
102.410
102.900
103.400
103.900
104.390
104.880
105.390
105.880
106.370
106.860
107.360
107.850
108.340
108.870
109.360
109.900
110.380
110.920
111.430
111.960
112.450
112.970
113.480
113.990
114.490
115.040
115.550
116.060
116.570
117.090
117.620
118.130
118.630
119.140
119.690
120.190
120.690
121.190
121.700
122.210
122.700
123.170
123.670
124.140
