0.420
0.830
1.260
1.590
1.940
2.300
2.650
2.970
3.330
3.650
3.990
4.340
4.680
5.010
5.360
5.700
6.030
6.390
6.730
7.080
7.420
7.760
8.120
8.470
8.820
9.180
9.510
9.860
10.220
10.580
10.920
11.270
11.630
11.980
12.330
12.680
13.040
13.390
13.750
14.100
14.450
14.810
15.150
15.510
15.860
16.220
16.560
16.920
17.270
17.620
17.960
18.300
18.660
19.020
19.370
19.710
20.070
20.430
20.780
21.160
21.490
21.860
22.210
22.540
22.900
23.270
23.630
23.980
24.320
24.670
25.020
25.380
25.730
26.080
26.430
26.780
27.140
27.480
27.840
28.180
28.550
28.900
29.250
29.610
29.960
30.320
30.670
31.030
31.390
31.750
32.100
32.450
32.810
33.160
33.510
33.860
34.210
34.570
34.900
35.240
35.580
35.930
36.260
36.620
36.950
37.310
37.660
38.000
38.360
38.710
39.060
39.420
39.770
40.110
40.470
40.820
41.160
41.510
41.850
42.220
42.570
42.920
43.280
43.630
43.990
44.340
44.700
45.040
45.390
45.740
46.090
46.430
46.780
47.130
47.490
47.840
48.200
48.540
48.900
49.240
49.590
49.940
50.300
50.660
51.020
51.370
51.730
52.070
52.410
52.770
53.120
53.480
53.840
54.190
54.540
54.900
55.260
55.640
55.970
56.330
56.670
57.030
57.370
57.710
58.050
58.390
58.750
59.090
59.430
59.790
60.140
60.490
60.840
61.200
61.560
61.910
62.270
62.610
62.970
63.330
63.700
64.040
64.400
64.770
65.130
65.480
65.840
66.190
66.550
66.890
67.250
67.590
67.940
68.290
68.640
68.990
69.310
69.650
70.000
70.340
70.700
71.050
71.390
71.750
72.100
72.460
72.800
73.160
73.510
73.850
74.210
74.560
74.910
75.270
75.610
75.980
76.330
76.670
77.020
77.370
77.720
78.060
78.430
78.780
79.130
79.470
79.810
80.180
80.520
80.870
81.220
81.590
81.940
82.290
82.640
83.000
83.340
83.690
84.030
84.380
84.730
85.090
85.430
85.770
86.110
86.450
86.800
87.150
87.510
87.870
88.220
88.580
88.940
89.290
89.650
90.010
90.370
90.720
91.070
91.430
91.790
92.130
92.500
92.850
93.220
93.590
93.920
94.280
94.630
94.990
95.340
95.700
96.060
96.420
96.750
97.110
97.450
97.810
98.160
98.520
98.870
99.220
99.570
99.930
100.280
100.650
100.990
101.350
101.700
102.060
102.390
102.760
103.090
103.440
103.790
104.140
104.490
104.850
105.200
105.550
105.900
106.260
106.610
106.950
107.290
107.640
108.010
108.360
108.700
109.040
109.390
109.750
110.110
110.460
110.810
111.160
111.530
111.880
112.230
112.590
112.950
113.300
113.650
114.000
114.370
114.710
115.070
115.410
115.780
116.130
116.500
116.850
117.200
117.560
117.920
118.260
118.620
118.970
119.320
119.660
120.000
120.370
120.710
121.030
121.360
121.680
122.000
122.320
122.640
122.950
123.270
123.590
123.910
124.250
124.600
124.930
125.270
125.620
125.960
126.300
126.660
127.000
127.360
127.710
128.060
128.430
128.790
129.150
129.500
129.860
130.210
130.570
130.920
131.280
131.630
132.000
132.350
132.720
133.080
133.430
133.780
134.150
134.510
134.870
135.220
135.580
135.930
136.280
136.600
136.950
137.300
137.640
137.980
138.320
138.640
138.990
139.330
139.680
140.020
140.360
140.680
141.000
141.330
141.640
141.940
142.260
142.570
142.870
143.180
143.490
