0.440
0.920
1.420
1.950
2.430
2.930
3.430
3.940
4.440
4.930
5.430
5.930
6.430
6.920
7.420
7.930
8.430
8.930
9.420
9.930
10.440
10.920
11.430
11.940
12.460
12.960
13.480
13.970
14.470
14.980
15.470
15.970
16.490
17.000
17.500
18.000
18.510
19.010
19.490
19.990
20.490
20.990
21.480
21.970
22.480
22.970
23.470
23.980
24.440
24.940
25.440
25.940
26.420
26.910
27.390
27.910
28.400
28.890
29.380
29.870
30.340
30.830
31.330
31.840
32.320
32.840
33.330
33.830
34.330
34.820
35.330
35.830
36.340
36.840
37.330
37.840
38.330
38.820
39.310
39.810
40.310
40.800
41.310
41.810
42.330
42.840
43.340
43.840
44.350
44.850
45.360
45.870
46.380
46.890
47.390
47.880
48.390
48.890
49.380
49.880
50.380
50.880
51.380
51.880
52.370
52.860
53.350
53.860
54.340
54.830
55.340
55.820
56.310
56.800
57.300
57.790
58.280
58.770
59.270
59.760
60.220
60.710
61.210
61.720
62.200
62.690
63.190
63.680
64.170
64.660
65.160
65.650
66.140
66.640
67.120
67.620
68.100
68.590
69.090
69.580
70.060
70.540
71.030
71.520
72.010
72.490
72.990
73.470
73.960
74.440
74.940
75.420
75.910
76.390
76.880
77.360
77.870
78.360
78.840
79.350
79.810
80.320
80.810
81.340
81.830
82.330
82.820
83.330
83.820
84.320
84.820
85.320
85.810
86.310
86.820
87.330
87.810
88.320
88.820
89.320
89.820
90.320
90.810
91.320
91.820
92.330
92.830
93.320
93.830
94.320
94.820
95.320
95.830
96.340
96.830
97.330
97.830
98.330
98.820
99.310
99.790
100.290
100.790
101.280
101.770
102.250
102.740
103.250
103.730
104.220
104.720
105.200
105.680
106.180
106.660
107.140
107.630
108.110
108.580
109.120
109.730
110.400
111.060
111.780
112.510
113.270
114.030
114.830
115.590
116.360
117.150
117.940
118.760
119.570
120.480
121.370
122.240
123.090
123.960
124.860
125.780
126.730
127.770
128.830
129.760
130.760
131.680
132.690
133.710
134.740
135.860
136.950
