0.290
0.770
1.260
1.780
2.290
2.770
3.260
3.750
4.220
4.730
5.230
5.700
6.210
6.690
7.160
7.650
8.120
8.580
9.050
9.530
9.990
10.470
10.940
11.400
11.860
12.330
12.800
13.270
13.760
14.230
14.690
15.170
15.640
16.100
16.570
17.020
17.460
17.900
18.350
18.820
19.310
19.780
20.230
20.690
21.120
21.570
22.050
22.510
22.960
23.410
23.870
24.340
24.800
25.250
25.740
26.190
26.670
27.120
27.600
28.050
28.470
28.920
29.360
29.790
30.240
30.670
31.110
31.570
32.000
32.460
32.890
33.340
33.770
34.210
34.660
35.100
35.550
35.990
36.420
36.850
37.280
37.730
38.160
38.590
39.000
39.430
39.870
40.300
40.730
41.150
41.570
41.970
42.400
42.820
43.230
43.660
44.080
44.490
44.880
45.300
45.700
46.120
46.520
46.960
47.380
47.840
48.500
49.170
49.850
50.540
51.220
51.870
52.520
53.150
53.820
54.470
55.100
55.760
56.400
57.030
57.660
58.300
58.950
59.580
60.200
60.850
61.480
62.100
62.730
63.360
64.000
64.620
65.260
65.890
66.560
67.190
67.820
68.480
69.150
69.860
70.510
71.190
71.870
72.570
73.260
73.950
74.650
75.250
75.700
76.130
76.560
77.020
77.460
77.880
78.340
78.780
79.210
79.650
80.080
80.530
80.960
81.400
81.850
82.290
82.720
83.160
83.610
84.050
84.480
84.920
85.360
85.820
86.280
86.730
87.150
87.610
88.050
88.480
88.910
89.360
89.770
90.210
90.630
91.060
91.490
91.940
92.370
92.800
93.220
93.650
94.090
94.500
94.920
95.350
95.780
96.180
96.610
97.030
97.430
97.840
98.260
98.680
99.080
99.500
99.910
100.290
100.690
101.090
101.490
101.900
102.300
102.720
103.120
103.520
103.930
104.330
104.740
105.160
105.570
105.960
106.370
106.780
107.180
107.590
107.990
108.450
109.100
109.730
110.390
111.060
111.730
112.370
113.020
113.670
114.320
114.960
115.590
116.250
116.880
117.520
118.150
118.800
119.450
120.090
120.710
121.350
121.990
122.620
123.240
123.880
124.520
125.150
125.770
126.410
127.040
127.680
128.330
128.990
129.660
130.360
131.030
131.710
132.380
133.050
133.500
133.960
134.390
134.860
135.300
135.740
136.190
136.660
137.090
137.520
137.960
138.400
138.850
139.290
139.720
140.150
140.580
141.020
141.450
141.880
142.320
142.750
143.170
143.620
144.060
144.490
144.940
145.380
145.810
146.260
146.700
147.130
147.580
147.990
148.420
148.860
149.300
149.730
150.160
150.580
151.010
151.450
152.080
152.680
153.300
153.940
154.580
155.200
155.850
156.470
157.090
157.720
158.340
158.960
159.570
160.200
160.810
161.440
162.050
162.650
163.250
163.880
164.500
165.110
165.730
166.340
166.960
167.570
168.170
168.760
169.380
170.000
170.620
171.230
171.870
172.460
173.100
173.720
174.340
174.950
175.580
176.180
176.800
177.390
177.990
178.600
179.220
179.840
180.450
181.070
181.700
182.300
182.910
183.520
184.150
184.760
185.390
186.000
186.610
187.220
187.830
188.430
189.050
189.660
190.290
190.910
191.530
192.160
192.760
193.380
193.990
194.600
195.220
195.830
196.450
197.040
197.660
198.260
198.880
199.480
200.090
200.700
201.310
201.910
202.520
203.130
203.750
204.370
204.980
205.580
206.160
206.750
207.350
207.950
