0.180
0.550
0.920
1.310
1.680
2.040
2.410
2.800
3.180
3.540
3.930
4.320
4.700
5.070
5.450
5.830
6.220
6.590
6.980
7.340
7.730
8.100
8.500
8.860
9.240
9.620
10.010
10.390
10.780
11.160
11.560
11.940
12.330
12.710
13.090
13.460
13.850
14.230
14.600
14.990
15.380
15.760
16.140
16.510
16.920
17.280
17.680
18.050
18.440
18.820
19.210
19.590
19.990
20.370
20.760
21.140
21.530
21.920
22.310
22.690
23.080
23.460
23.830
24.230
24.610
24.970
25.350
25.740
26.120
26.500
26.870
27.250
27.640
28.010
28.400
28.780
29.170
29.560
29.960
30.330
30.720
31.110
31.480
31.870
32.250
32.630
33.020
33.400
33.780
34.170
34.550
34.930
35.330
35.700
36.090
36.470
36.860
37.240
37.610
37.990
38.380
38.760
39.160
39.540
39.930
40.310
40.700
41.080
41.480
41.860
42.260
42.640
43.030
43.410
43.810
44.190
44.580
44.980
45.340
45.740
46.100
46.480
46.880
47.260
47.660
48.040
48.440
48.820
49.210
49.600
50.000
50.380
50.770
51.160
51.560
51.930
52.310
52.700
53.110
53.490
53.890
54.270
54.660
55.040
55.450
55.840
56.230
56.620
57.010
57.380
57.770
58.160
58.540
58.920
59.320
59.710
60.100
60.480
60.880
61.260
61.660
62.040
62.430
62.820
63.210
63.590
63.990
64.370
64.770
65.140
65.540
65.920
66.320
66.720
67.110
67.490
67.890
68.270
68.650
69.040
69.430
69.830
70.220
70.600
71.000
71.400
71.790
72.170
72.570
72.950
73.350
73.730
74.130
74.520
74.920
75.310
75.700
76.080
76.450
76.850
77.220
77.610
78.000
78.400
78.800
79.180
79.560
79.960
80.350
80.740
81.140
81.530
81.920
82.310
82.700
83.090
83.480
83.870
84.260
84.650
85.040
85.420
85.800
86.200
86.580
86.970
87.360
87.750
88.140
88.530
88.920
89.320
89.700
90.090
90.500
90.890
91.280
91.670
92.040
92.440
92.820
93.220
93.610
94.000
94.390
94.780
95.170
95.570
95.950
96.340
96.740
97.130
97.520
97.910
98.300
98.690
99.090
99.480
99.880
100.260
100.640
101.050
101.420
101.790
102.180
102.560
102.940
103.330
103.720
104.110
104.520
104.900
105.300
105.690
106.090
106.480
106.890
107.280
107.680
108.070
108.480
108.870
109.260
109.670
110.060
110.450
110.830
111.220
111.610
111.990
112.380
112.770
113.170
113.560
113.950
114.330
114.730
115.130
115.520
115.920
116.320
116.710
117.120
117.500
117.900
118.290
118.680
119.080
119.470
119.850
120.240
120.630
121.030
121.460
121.900
122.350
122.780
123.230
123.680
124.100
124.560
125.000
125.430
125.860
126.320
126.800
127.260
127.740
128.190
128.690
129.160
129.650
