0.400
1.300
2.170
3.010
3.920
4.820
5.690
6.590
7.500
8.380
9.280
10.190
11.110
11.980
12.950
13.830
14.810
15.710
16.650
17.560
18.540
19.470
20.450
21.370
22.350
23.270
24.190
25.150
26.010
26.930
27.840
28.770
29.670
30.610
31.550
32.460
33.410
34.310
35.240
36.190
37.060
38.010
38.890
39.860
40.800
41.800
42.790
43.710
44.640
45.640
46.580
47.540
48.480
49.400
50.340
51.190
52.090
52.990
53.890
54.790
55.670
56.570
57.470
58.330
59.230
60.120
61.040
61.910
62.770
63.670
64.530
65.440
66.330
67.230
68.150
69.040
69.930
70.840
71.770
72.640
73.560
74.430
75.320
76.230
77.150
78.060
78.940
79.840
80.800
81.670
82.610
83.510
84.410
85.330
86.250
87.150
88.080
88.970
89.900
90.820
91.750
92.650
93.580
94.460
95.420
96.300
97.220
98.130
99.010
99.960
100.840
101.760
102.640
103.580
104.450
105.380
106.260
107.190
108.070
109.000
109.870
110.790
111.640
112.530
113.410
114.270
115.120
116.010
116.900
117.770
118.610
119.470
120.380
121.290
122.200
123.130
124.040
124.960
125.880
126.770
127.660
128.620
129.490
130.410
131.270
132.180
133.040
133.950
134.810
135.700
136.550
137.460
138.360
139.260
140.150
141.050
141.940
142.880
143.770
144.670
145.590
146.510
147.370
148.310
149.190
150.110
151.050
151.940
152.870
153.780
154.670
155.600
156.480
157.400
158.350
159.270
160.180
161.100
161.990
162.910
163.850
164.750
165.670
166.580
167.520
168.470
169.430
170.360
171.320
172.260
173.200
174.180
175.190
176.110
177.110
178.120
179.080
180.150
181.230
182.160
183.100
184.080
185.020
185.980
186.930
187.850
188.860
189.780
190.730
