0.230
0.720
1.200
1.710
2.220
2.690
3.170
3.660
4.150
4.630
5.110
5.610
6.110
6.580
7.070
7.620
8.130
8.650
9.150
9.660
10.140
10.630
11.120
11.620
12.110
12.600
13.090
13.580
14.080
14.570
15.050
15.550
16.050
16.540
17.030
17.520
18.020
18.510
19.010
19.500
20.010
20.500
21.000
21.490
21.990
22.480
22.980
23.460
23.970
24.450
24.940
25.450
25.930
26.420
26.900
27.400
27.900
28.390
28.860
29.360
29.860
30.330
30.820
31.320
31.820
32.300
32.790
33.290
33.800
34.290
34.780
35.290
35.790
36.280
36.770
37.280
37.780
38.270
38.760
39.270
39.760
40.240
40.740
41.250
41.750
42.260
42.760
43.270
43.780
44.260
44.750
45.250
45.740
46.230
46.730
47.230
47.730
48.210
48.710
49.210
49.710
50.190
50.680
51.180
51.680
52.160
52.650
53.150
53.660
54.130
54.630
55.110
55.620
56.100
56.600
57.090
57.600
58.100
58.590
59.090
59.600
60.090
60.580
61.070
61.590
62.080
62.570
63.070
63.570
64.070
64.560
65.060
65.570
66.060
66.550
67.060
67.560
68.050
68.560
69.060
69.550
70.040
70.540
71.040
71.560
72.060
72.560
73.060
73.550
74.030
74.520
75.050
75.530
76.050
76.540
77.060
77.550
78.060
78.560
79.060
79.560
80.050
80.550
81.050
81.550
82.030
82.520
83.030
83.530
84.010
84.510
85.010
85.500
85.990
86.480
86.980
87.500
87.980
88.480
88.970
89.470
89.950
90.460
90.950
91.450
91.940
92.440
92.940
93.450
93.950
94.450
94.950
95.460
95.940
96.430
96.940
97.450
97.930
98.430
98.940
99.430
99.910
100.390
100.910
101.400
101.910
102.410
102.910
103.420
103.890
104.390
104.890
105.380
105.880
106.390
106.890
107.380
107.870
108.350
108.870
109.370
109.880
110.380
110.900
111.390
111.880
112.370
112.870
113.370
113.860
114.370
114.860
115.360
115.840
116.330
116.830
117.330
117.810
118.300
118.810
119.300
119.790
120.270
120.780
121.270
121.760
122.260
122.770
123.250
123.740
124.230
124.730
125.220
125.720
126.220
126.710
127.200
127.690
128.180
128.680
129.180
129.670
130.170
130.670
131.170
131.660
132.160
132.670
133.150
133.650
134.140
134.630
135.110
135.610
136.100
136.600
137.070
137.570
138.060
138.550
139.050
139.540
140.030
140.520
141.040
141.530
142.000
142.490
143.000
143.480
143.950
144.410
144.890
145.370
145.840
146.290
146.760
147.240
