0.420
1.190
1.920
2.630
3.350
4.110
4.850
5.550
6.290
7.060
7.810
8.540
9.270
10.020
10.750
11.460
12.180
12.900
13.630
14.340
15.100
15.810
16.540
17.260
17.990
18.740
19.460
20.200
20.930
21.690
22.410
23.160
23.870
24.650
25.370
26.120
26.850
27.580
28.300
29.010
29.700
30.450
31.170
31.910
32.660
33.400
34.150
34.860
35.570
36.320
37.040
37.750
38.500
39.220
39.930
40.650
41.360
42.110
42.850
43.570
44.310
45.060
45.780
46.510
47.230
47.980
48.690
49.400
50.120
50.850
51.560
52.270
52.980
53.730
54.450
55.160
55.890
56.620
57.340
58.040
58.760
59.490
60.190
60.890
61.610
62.320
63.030
63.710
64.400
65.140
65.870
66.580
67.320
68.070
68.800
69.520
70.230
70.980
71.690
72.410
73.130
73.850
74.560
75.270
75.950
76.680
77.410
78.140
78.870
79.590
80.310
81.030
81.760
82.490
83.210
83.940
84.700
85.450
86.240
86.960
87.690
88.390
89.100
89.810
90.530
91.300
92.040
92.740
93.470
94.200
94.930
95.650
96.380
97.120
97.820
98.540
99.270
99.980
100.690
101.400
102.100
102.840
103.570
104.290
105.030
105.750
106.480
107.200
107.910
108.650
109.380
110.080
110.800
111.540
112.240
112.930
113.610
114.360
115.080
115.810
116.580
117.310
118.040
118.760
119.480
120.230
120.920
121.620
122.350
123.080
123.790
124.490
125.220
125.950
126.670
127.400
128.120
128.840
129.560
130.290
131.010
131.730
132.460
133.180
133.890
134.620
135.330
136.030
136.750
137.480
138.200
138.900
139.620
140.330
141.060
141.740
142.440
143.200
143.920
144.640
145.340
146.080
146.810
147.530
148.240
148.980
149.700
150.440
151.150
151.880
152.610
153.340
154.070
154.790
155.490
156.210
156.930
157.640
158.350
159.060
159.770
160.500
161.230
161.940
162.650
163.360
164.080
164.780
165.480
166.260
166.990
167.730
168.460
169.200
169.930
170.650
171.370
172.100
172.830
173.540
174.270
174.990
175.700
176.420
177.140
177.880
178.600
179.310
180.020
180.750
181.470
182.190
182.920
183.660
184.360
185.070
185.800
186.530
187.240
187.950
188.670
189.420
190.120
190.830
191.540
192.250
192.970
193.680
194.390
195.110
195.820
196.510
197.210
197.910
198.610
199.300
200.010
200.710
201.420
202.130
202.830
203.540
204.240
204.970
205.680
206.380
207.080
207.870
208.730
209.780
210.750
211.670
212.540
213.440
214.350
215.220
216.130
217.090
