0.480
1.050
1.650
2.190
2.680
3.210
3.700
4.190
4.670
5.170
5.610
6.050
6.470
6.950
7.400
7.860
8.320
8.790
9.240
9.690
10.150
10.620
11.080
11.540
12.020
12.490
12.970
13.450
13.910
14.380
14.860
15.330
15.790
16.260
16.730
17.210
17.690
18.160
18.630
19.080
19.550
20.020
20.490
20.980
21.470
22.010
22.500
23.000
23.520
24.030
24.530
25.050
25.580
26.080
26.570
27.080
27.620
28.120
28.640
29.130
29.620
30.150
30.650
31.170
31.660
32.180
32.700
33.210
33.760
34.260
34.800
35.300
35.850
36.360
36.890
37.400
37.930
38.460
38.980
39.490
39.980
40.500
41.040
41.550
42.080
42.600
43.120
43.660
44.160
44.700
45.250
45.770
46.290
46.810
47.340
47.900
48.410
48.960
49.470
49.980
50.510
51.030
51.510
52.040
52.580
53.080
53.580
54.090
54.600
55.110
55.650
56.180
56.670
57.220
57.710
58.200
58.710
59.210
59.710
60.210
60.710
61.230
61.750
62.260
62.780
63.290
63.790
64.280
64.780
65.250
65.730
66.200
66.700
67.200
67.690
68.170
68.660
69.150
69.630
70.090
70.550
71.030
71.490
71.930
72.390
72.870
73.370
73.850
74.320
74.800
75.300
75.780
76.280
76.750
77.270
77.780
78.310
78.820
79.350
79.900
80.410
80.960
81.480
81.990
82.520
83.080
83.560
84.090
84.590
85.100
85.630
86.130
86.650
87.170
87.710
88.220
88.760
89.260
89.810
90.310
90.860
91.370
91.930
92.440
92.940
93.460
93.980
94.500
94.990
95.540
96.060
96.570
97.080
97.600
98.110
98.620
99.140
99.670
100.200
100.730
101.260
101.790
102.300
102.820
103.360
103.860
104.400
104.920
105.440
105.940
106.460
106.970
107.480
108.010
108.540
109.050
109.560
110.090
110.620
111.150
111.670
112.170
112.690
113.230
113.750
114.250
114.750
115.260
115.750
116.250
116.770
117.280
117.790
118.320
118.840
119.350
119.840
120.350
120.840
121.320
121.780
122.260
122.740
123.250
123.740
124.220
124.700
125.190
125.680
126.200
126.730
127.270
127.760
128.280
128.820
129.280
129.750
130.230
130.690
131.180
131.650
132.140
132.660
133.180
133.680
134.200
134.700
135.210
135.730
136.240
136.750
137.280
137.760
138.280
138.800
139.320
139.830
140.330
140.850
141.340
141.850
142.360
142.880
143.390
143.900
144.410
144.930
145.430
145.950
146.460
146.950
147.470
148.000
148.500
149.010
149.520
149.990
150.500
150.980
151.450
151.950
152.490
152.970
153.490
154.020
154.510
155.030
155.560
156.070
156.590
157.130
157.650
158.170
158.690
159.210
159.740
160.250
160.770
161.270
161.810
162.320
162.850
163.350
163.850
164.370
164.880
165.400
165.920
166.450
166.980
167.480
168.000
168.510
169.030
169.530
170.040
170.530
171.030
171.520
172.040
172.570
173.080
173.600
174.150
174.670
175.190
175.740
176.260
176.800
177.340
177.870
178.390
178.940
179.500
180.030
180.570
181.090
181.630
182.170
182.670
183.210
183.730
184.290
184.800
185.330
185.840
186.370
186.910
187.430
187.950
188.490
189.060
189.560
190.080
190.580
191.080
191.590
192.120
192.610
193.130
193.640
194.150
194.670
195.190
195.720
196.220
196.720
197.210
197.700
198.180
198.680
199.190
199.670
200.170
200.660
201.160
201.670
202.200
202.700
203.220
203.760
204.290
204.770
205.260
205.740
206.250
206.740
207.230
207.710
208.170
208.650
209.140
209.610
210.100
210.570
211.050
211.530
212.020
212.490
212.980
213.450
213.940
214.430
214.900
215.380
215.870
216.340
216.820
217.310
217.780
218.280
218.760
219.240
219.730
220.240
220.720
221.220
221.720
222.180
222.830
223.560
224.240
224.990
225.680
226.430
227.110
227.830
228.530
229.230
229.980
230.680
231.340
232.030
232.730
233.450
234.130
