0.350
0.820
1.270
1.740
2.180
2.620
3.080
3.540
3.990
4.430
4.890
5.330
5.780
6.220
6.670
7.120
7.560
8.010
8.480
8.940
9.390
9.850
10.300
10.750
11.210
11.670
12.120
12.590
13.040
13.470
13.920
14.390
14.850
15.320
15.760
16.240
16.690
17.170
17.620
18.100
18.550
19.030
19.470
19.950
20.400
20.880
21.330
21.810
22.270
22.740
23.220
23.680
24.150
24.630
25.090
25.570
26.030
26.520
26.980
27.450
27.920
28.380
28.840
29.310
29.780
30.250
30.740
31.200
31.660
32.110
32.580
33.050
33.520
33.990
34.460
34.920
35.380
35.850
36.310
36.790
37.250
37.720
38.190
38.650
39.120
39.590
40.060
40.520
40.980
41.460
41.920
42.390
42.850
43.330
43.800
44.280
44.740
45.200
45.670
46.130
46.600
47.070
47.540
47.990
48.460
48.930
49.390
49.870
50.350
50.820
51.280
51.750
52.210
52.690
53.150
53.600
54.060
54.520
55.020
55.490
55.970
56.430
56.910
57.370
57.850
58.290
58.750
59.230
59.680
60.150
60.610
61.070
61.540
62.010
62.470
62.940
63.400
63.880
64.330
64.810
65.280
65.750
66.210
66.680
67.140
67.610
68.070
68.550
69.010
69.480
69.940
70.390
70.850
71.310
71.780
72.260
72.720
73.180
73.650
74.130
74.590
75.060
75.530
75.990
76.450
76.930
77.390
77.870
78.330
78.810
79.280
79.750
80.200
80.650
81.110
81.590
82.040
82.500
82.970
83.450
83.910
84.390
84.850
85.320
85.790
86.270
86.740
87.210
87.680
88.150
88.610
89.100
89.570
90.030
90.490
90.970
91.440
91.900
92.370
92.840
93.300
93.770
94.220
94.690
95.150
95.610
96.070
96.550
97.010
97.470
97.940
98.400
98.870
99.340
99.800
100.270
100.750
101.210
101.680
102.130
102.590
103.040
103.500
103.960
104.420
104.890
105.340
105.810
106.270
106.740
107.210
107.680
108.140
108.610
109.080
109.540
110.020
110.490
110.960
111.440
111.900
112.370
112.830
113.300
113.770
114.240
114.690
115.160
115.620
116.090
116.540
117.020
117.480
117.960
118.420
118.880
119.340
119.810
120.260
120.720
121.170
121.640
122.100
122.570
123.040
123.510
123.970
124.450
124.910
125.380
125.820
126.280
126.740
127.200
127.670
128.140
128.610
129.080
129.550
130.020
130.500
130.970
131.420
131.890
132.350
132.830
133.290
133.760
134.230
134.720
135.170
135.650
136.110
136.590
137.060
137.530
137.980
138.450
138.910
139.390
139.850
140.330
140.790
141.270
141.740
142.220
142.670
143.160
143.630
144.100
144.560
145.030
145.510
145.980
146.450
146.920
147.390
147.860
148.320
148.790
149.280
149.730
150.210
150.670
151.140
151.620
152.080
152.560
