0.430
1.150
1.900
2.630
3.350
4.070
4.770
5.480
6.190
6.900
7.620
8.330
9.050
9.770
10.530
11.250
11.980
12.700
13.420
14.140
14.870
15.580
16.330
17.060
17.780
18.480
19.220
19.940
20.650
21.350
22.070
22.780
23.510
24.220
24.940
25.670
26.390
27.090
27.820
28.540
29.260
29.970
30.700
31.420
32.150
32.870
33.600
34.350
35.080
35.820
36.570
37.310
38.040
38.760
39.500
40.230
40.940
41.660
42.360
43.050
43.750
44.440
45.160
45.870
46.560
47.240
47.950
48.660
49.380
50.050
50.780
51.490
52.210
52.870
53.590
54.300
55.030
55.730
56.450
57.180
57.880
58.590
59.300
60.020
60.740
61.460
62.170
62.890
63.620
64.320
65.080
65.820
66.560
67.290
68.040
68.770
69.510
70.230
70.960
71.670
72.380
73.090
73.820
74.520
75.230
75.930
76.640
77.350
78.070
78.780
79.510
80.190
80.920
81.630
82.340
83.050
83.750
84.440
85.140
85.840
86.550
87.250
87.870
88.390
88.890
89.380
89.870
90.350
90.830
91.310
91.790
92.270
92.730
93.190
93.670
94.110
94.570
95.030
95.480
95.910
96.370
96.810
97.260
97.720
98.170
98.640
99.090
99.560
100.000
100.470
100.920
101.370
101.800
102.230
102.670
103.130
103.560
104.020
104.460
104.910
105.370
105.820
106.280
106.730
107.180
107.630
108.090
108.540
108.990
109.450
109.910
110.370
110.830
111.280
111.730
112.190
112.640
113.100
113.550
114.010
114.470
114.940
115.400
115.840
116.300
116.760
117.350
118.050
118.710
119.370
120.050
120.700
121.370
122.070
122.730
123.400
124.070
124.730
125.380
126.040
126.730
127.360
128.020
128.670
129.340
129.970
130.620
131.280
131.920
132.560
133.200
133.850
134.500
135.140
135.770
136.410
137.090
137.730
138.370
138.990
139.630
140.290
140.930
141.550
142.180
142.810
143.440
144.070
144.720
145.410
146.050
146.690
147.350
147.990
148.620
149.270
149.920
150.590
151.240
151.880
152.530
153.190
153.820
154.480
155.140
155.790
156.430
157.100
157.760
158.410
159.070
159.740
160.370
161.030
161.780
162.680
163.560
164.540
165.490
166.430
167.530
168.590
169.700
170.780
