0.430
1.100
1.750
2.390
3.030
3.740
4.390
4.910
5.380
5.870
6.330
6.810
7.300
7.790
8.250
8.750
9.220
9.690
10.210
10.690
11.160
11.650
12.140
12.650
13.110
13.590
14.080
14.560
15.040
15.520
16.010
16.490
16.960
17.420
17.910
18.380
18.860
19.330
19.800
20.290
20.760
21.220
21.710
22.190
22.660
23.140
23.620
24.090
24.570
25.030
25.510
25.980
26.470
26.930
27.400
27.870
28.340
28.810
29.280
29.750
30.230
30.680
31.150
31.620
32.080
32.530
33.020
33.470
33.960
34.430
34.880
35.350
35.830
36.290
36.740
37.210
37.690
38.170
38.640
39.120
39.590
40.060
40.540
41.010
41.490
41.960
42.450
42.930
43.390
43.880
44.350
44.830
45.290
45.760
46.240
46.700
47.190
47.660
48.120
48.600
49.050
49.520
49.980
50.450
50.920
51.390
51.870
52.330
52.800
53.270
53.730
54.180
54.660
55.110
55.580
56.030
56.490
56.940
57.410
57.870
58.350
58.810
59.280
59.750
60.250
60.730
61.200
61.670
62.140
62.610
63.090
63.560
64.030
64.510
64.980
65.460
65.920
66.390
66.860
67.340
67.820
68.310
68.770
69.250
69.730
70.230
70.690
71.160
71.580
72.020
72.490
72.950
73.410
73.870
74.340
74.810
75.270
75.740
76.200
76.670
77.140
77.620
78.080
78.550
79.030
79.510
79.980
80.440
80.910
81.370
81.850
82.310
82.780
83.250
83.710
84.180
84.640
85.100
85.570
86.030
86.510
86.980
87.440
87.920
88.370
88.850
89.310
89.760
90.230
90.680
91.160
91.630
92.110
92.570
93.040
93.520
93.990
94.450
94.930
95.400
95.880
96.340
96.820
97.290
97.760
98.220
98.710
99.180
99.660
100.130
100.600
101.080
101.550
102.020
102.490
102.970
103.440
103.920
104.380
104.850
105.320
105.810
106.280
106.750
107.190
107.650
108.110
108.580
109.040
109.500
109.960
110.440
110.890
111.370
111.840
112.300
112.770
113.250
113.720
114.190
114.670
115.150
115.630
116.100
116.570
117.060
117.520
117.990
118.460
118.930
119.400
119.880
120.330
120.800
121.280
121.760
122.220
122.690
123.170
123.640
124.110
124.570
125.050
125.500
125.980
126.460
126.930
127.420
127.890
128.380
128.880
129.380
129.860
130.360
130.840
131.330
131.790
132.280
132.750
133.250
133.710
134.200
134.680
135.150
135.620
136.080
136.560
137.050
137.530
137.980
138.460
138.920
139.400
139.890
140.360
140.840
141.300
141.800
142.260
142.760
143.220
143.700
144.190
144.680
145.160
145.640
146.110
146.600
147.070
147.540
148.020
148.500
148.980
149.480
