0.140
0.550
0.970
1.400
1.830
2.250
2.670
3.110
3.530
3.980
4.410
4.860
5.290
5.740
6.180
6.600
7.030
7.470
7.910
8.330
8.760
9.200
9.640
10.080
10.510
10.940
11.390
11.830
12.260
12.700
13.130
13.570
14.010
14.450
14.880
15.320
15.750
16.180
16.590
17.020
17.460
17.910
18.340
18.770
19.200
19.640
20.080
20.520
20.950
21.390
21.830
22.280
22.710
23.140
23.570
24.010
24.430
24.880
25.320
25.750
26.190
26.640
27.070
27.510
27.950
28.390
28.840
29.260
29.710
30.130
30.560
31.010
31.440
31.870
32.310
32.740
33.180
33.610
34.050
34.470
34.910
35.340
35.800
36.230
36.660
37.100
37.550
37.990
38.430
38.870
39.310
39.730
40.160
40.610
41.040
41.460
41.890
42.330
42.770
43.200
43.630
44.070
44.500
44.930
45.370
45.800
46.250
46.690
47.140
47.580
48.010
48.460
48.890
49.330
49.780
50.200
50.640
51.090
51.500
51.950
52.380
52.820
53.260
53.700
54.120
54.560
55.000
55.440
55.880
56.310
56.750
57.190
57.620
58.060
58.500
58.950
59.380
59.830
60.260
60.710
61.130
61.580
62.020
62.460
62.900
63.350
63.790
64.240
64.690
65.120
65.560
65.990
66.450
66.880
67.320
67.760
68.200
68.650
69.120
69.560
69.990
70.430
70.870
71.310
71.750
72.190
72.640
73.090
73.520
73.960
74.400
74.830
75.270
75.710
76.160
76.600
77.030
77.480
77.920
78.360
78.800
79.250
79.680
80.100
80.530
80.990
81.410
81.860
82.290
82.740
83.180
83.620
84.050
84.490
84.940
85.390
85.810
86.260
86.710
87.140
87.580
88.020
88.470
88.910
89.360
89.810
90.260
90.700
91.150
91.600
92.040
92.490
92.930
93.380
93.810
94.260
94.700
95.130
95.590
96.030
96.480
96.930
97.370
97.810
98.240
98.690
99.120
99.580
100.010
100.460
100.900
101.350
101.780
102.240
102.690
103.140
103.590
104.040
104.500
104.930
105.380
105.830
106.280
106.710
107.170
107.610
108.070
108.510
108.950
109.410
109.860
110.320
110.760
111.210
111.650
112.110
112.550
113.000
113.440
113.890
114.340
114.800
115.240
115.680
116.110
116.550
117.010
117.450
117.900
118.350
118.810
119.240
119.690
120.140
120.580
121.010
121.450
121.900
122.330
122.780
123.210
123.670
124.130
124.560
125.000
125.450
125.890
126.340
126.770
127.230
127.680
128.130
128.570
129.010
129.460
129.920
130.360
130.820
131.270
131.700
132.150
132.590
133.030
133.460
133.920
134.360
134.800
135.210
135.650
136.110
136.540
136.980
137.410
137.870
138.310
138.730
139.170
139.620
140.070
140.500
140.950
141.390
141.830
142.260
142.700
143.150
143.570
144.020
144.470
144.890
145.350
145.770
146.230
146.670
147.110
147.530
147.990
148.410
148.870
149.310
149.760
150.190
150.650
151.100
