0.150
0.470
0.780
1.100
1.430
1.750
2.060
2.370
2.680
2.980
3.290
3.590
3.890
4.200
4.500
4.800
5.110
5.420
5.730
6.040
6.350
6.660
6.960
7.280
7.580
7.890
8.200
8.510
8.820
9.130
9.430
9.740
10.040
10.360
10.660
10.970
11.280
11.590
11.880
12.190
12.500
12.810
13.110
13.430
13.730
14.050
14.350
14.670
14.970
15.280
15.590
15.900
16.210
16.520
16.830
17.140
17.450
17.760
18.050
18.370
18.680
18.990
19.290
19.600
19.910
20.220
20.530
20.850
21.160
21.470
21.770
22.090
22.400
22.710
23.020
23.330
23.640
23.950
24.250
24.570
24.870
25.180
25.500
25.810
26.120
26.430
26.730
27.050
27.350
27.670
27.980
28.290
28.590
28.910
29.210
29.520
29.830
30.140
30.450
30.760
31.070
31.390
31.690
32.000
32.310
32.630
32.930
33.250
33.550
33.870
34.180
34.480
34.790
35.110
35.410
35.730
36.040
36.350
36.650
36.970
37.270
37.590
37.890
38.220
38.530
38.840
39.150
39.470
39.770
40.090
40.390
40.710
41.020
41.340
41.650
41.980
42.290
42.610
42.910
43.220
43.530
43.840
44.150
44.460
44.790
45.100
45.410
45.730
46.040
46.340
46.650
46.960
47.280
47.590
47.900
48.210
48.520
48.830
49.140
49.450
49.760
50.070
50.380
50.690
50.990
51.310
51.610
51.930
52.230
52.540
52.850
53.170
53.470
53.780
54.080
54.390
54.690
55.010
55.320
55.630
55.940
56.250
56.540
56.860
57.160
57.480
57.780
58.100
58.400
58.710
59.020
59.330
59.640
59.950
60.260
60.560
60.870
61.180
61.490
61.800
62.110
62.420
62.730
63.040
63.350
63.660
63.960
64.270
64.580
64.900
65.200
65.520
65.830
66.140
66.440
66.750
67.060
67.370
67.680
67.990
68.300
68.610
68.910
69.220
69.530
69.840
70.150
70.470
70.780
71.090
71.400
71.710
72.020
72.320
72.630
72.950
73.260
73.580
73.890
74.220
74.530
74.840
75.150
75.450
75.770
76.080
76.390
76.700
77.000
77.320
77.630
77.940
78.250
78.560
78.860
79.180
79.480
79.790
80.100
80.410
80.720
81.030
81.330
81.640
81.950
82.260
82.570
82.880
83.180
83.500
83.810
84.120
84.430
84.740
85.050
85.360
85.670
85.980
86.290
86.600
86.910
87.220
87.530
87.840
88.140
88.460
88.770
89.080
89.390
89.690
90.000
90.310
90.610
90.910
91.220
91.520
91.820
92.130
92.450
92.760
93.060
93.370
93.680
93.990
94.310
94.610
94.920
95.230
95.540
95.830
96.140
96.450
96.760
97.070
97.380
97.690
98.000
98.300
98.620
98.920
99.240
99.530
99.840
100.140
100.430
100.730
101.040
101.360
101.660
101.970
102.280
102.580
102.890
103.180
103.490
103.800
104.110
104.410
104.720
105.030
105.340
105.650
105.960
106.270
106.580
106.900
107.210
107.510
107.820
108.130
108.440
108.750
109.060
109.370
109.680
109.980
110.270
110.580
110.890
111.190
111.510
111.820
112.120
112.430
112.740
113.050
113.360
113.670
113.980
114.290
114.600
114.910
115.220
115.540
115.850
116.170
116.480
116.790
117.100
117.420
117.730
118.030
118.340
118.660
118.970
119.280
119.580
119.900
120.210
120.520
120.820
121.130
121.450
121.760
122.060
122.380
122.680
122.990
123.300
123.610
123.930
124.230
124.540
124.850
125.160
125.470
125.770
126.080
126.370
126.670
126.990
127.300
127.610
127.920
128.220
128.540
128.840
129.150
129.460
129.770
130.080
130.390
130.680
131.000
131.310
131.620
131.930
132.240
132.540
132.860
133.170
133.480
133.780
134.090
134.400
134.710
135.020
135.330
135.640
135.940
136.250
136.550
136.860
137.180
137.490
137.800
138.110
138.420
138.730
139.030
139.340
139.650
139.970
140.260
140.570
140.880
141.190
141.490
141.810
142.120
142.430
142.740
143.050
143.360
143.670
143.970
144.280
144.590
144.900
145.210
145.520
145.830
146.140
146.430
146.740
147.050
147.360
147.670
147.980
148.290
148.590
148.910
149.210
149.530
149.830
150.140
150.450
150.760
151.080
151.390
151.690
152.010
152.320
152.620
152.930
153.240
153.560
153.860
154.170
154.480
154.790
155.090
155.390
155.690
156.000
156.310
156.630
156.930
157.240
157.550
157.860
158.170
158.490
158.800
159.110
159.410
159.720
160.040
160.350
160.650
160.970
161.270
161.590
161.890
162.210
162.510
162.820
163.140
163.450
163.750
164.070
164.400
164.710
165.040
165.360
165.660
165.970
166.280
166.590
166.910
167.220
167.530
167.830
168.150
168.450
168.770
169.070
169.380
169.690
170.010
170.310
170.620
