0.410
0.850
1.330
1.790
2.230
2.710
3.220
3.720
4.190
4.660
5.160
5.610
6.080
6.550
7.020
7.480
7.920
8.400
8.860
9.330
9.790
10.270
10.740
11.220
11.680
12.160
12.630
13.090
13.550
14.020
14.490
14.960
15.420
15.890
16.340
16.820
17.280
17.760
18.230
18.700
19.160
19.640
20.100
20.560
21.030
21.500
21.980
22.450
22.920
23.380
23.850
24.320
24.790
25.270
25.740
26.210
26.670
27.140
27.620
28.100
28.550
29.040
29.500
29.980
30.440
30.910
31.390
31.860
32.330
32.810
33.280
33.750
34.220
34.680
35.140
35.610
36.090
36.570
37.030
37.500
37.980
38.480
38.930
39.410
39.870
40.360
40.830
41.280
41.750
42.230
42.700
43.170
43.630
44.110
44.570
45.040
45.510
45.990
46.460
46.940
47.400
47.880
48.340
48.830
49.310
49.810
50.300
50.810
51.290
51.770
52.240
52.720
53.180
53.660
54.140
54.610
55.090
55.590
56.050
56.520
56.990
57.480
57.960
58.440
58.910
59.390
59.870
60.350
60.840
61.310
61.770
62.250
62.720
63.200
63.680
64.160
64.640
65.110
65.600
66.090
66.570
67.050
67.520
68.000
68.480
68.990
69.450
69.940
70.410
70.890
71.360
71.820
72.290
72.780
73.260
73.720
74.200
74.700
75.170
75.650
76.130
76.610
77.090
77.570
78.040
78.530
79.000
79.480
79.970
80.460
80.980
81.470
81.940
82.440
82.910
83.400
83.880
84.350
84.810
85.290
85.750
86.240
86.710
87.190
87.650
88.130
88.620
89.100
89.580
90.060
90.540
91.020
91.480
91.960
92.420
92.900
93.370
93.870
94.350
94.820
95.290
95.780
96.250
96.730
97.190
97.670
98.160
98.630
99.120
99.600
100.080
100.560
101.030
101.510
101.980
102.450
102.900
103.380
103.860
104.330
104.800
105.260
105.770
106.240
106.740
107.210
107.680
108.160
108.620
109.090
109.550
110.030
110.520
111.030
111.520
112.020
112.490
112.980
113.450
113.930
114.410
114.880
115.340
115.810
116.290
116.760
117.250
117.730
118.190
118.680
119.160
119.630
120.100
120.580
121.040
121.520
121.990
122.470
122.950
123.430
123.900
124.390
124.880
125.360
125.820
126.310
126.790
127.260
127.730
128.210
128.690
129.170
129.640
130.130
130.610
131.080
131.550
132.020
132.470
132.950
133.410
133.870
134.350
134.820
135.290
135.760
136.230
136.700
137.170
137.660
138.130
138.610
139.070
139.550
140.040
140.510
141.000
141.530
142.020
142.520
143.000
143.490
143.970
144.440
144.910
145.400
145.870
146.360
146.820
147.300
147.770
148.260
148.740
149.230
149.700
150.190
150.670
151.150
151.640
152.110
152.590
153.040
153.510
154.000
154.450
154.930
155.430
155.910
156.390
156.860
