0.420
0.910
1.390
1.890
2.360
2.830
3.270
3.750
4.230
4.720
5.230
5.710
6.200
6.690
7.160
7.660
8.150
8.650
9.140
9.630
10.110
10.600
11.070
11.560
12.070
12.560
13.030
13.510
14.010
14.480
14.950
15.440
15.940
16.440
16.930
17.420
17.900
18.390
18.880
19.370
19.860
20.350
20.830
21.310
21.800
22.280
22.770
23.270
23.770
24.270
24.750
25.240
25.720
26.220
26.700
27.180
27.650
28.150
28.620
29.100
29.590
30.080
30.560
31.040
31.520
32.010
32.480
32.960
33.440
33.920
34.400
34.880
35.360
35.850
36.320
36.800
37.280
37.770
38.240
38.730
39.210
39.690
40.160
40.650
41.120
41.600
42.070
42.560
43.060
43.530
44.040
44.520
45.000
45.480
45.960
46.460
46.970
47.460
47.960
48.440
48.940
49.420
49.920
50.410
50.920
51.420
51.890
52.380
52.870
53.350
53.840
54.350
54.860
55.370
55.870
56.360
56.850
57.340
57.840
58.340
58.840
59.330
59.830
60.340
60.820
61.310
61.800
62.310
62.810
63.310
63.790
64.290
64.790
65.290
65.780
66.250
66.730
67.220
67.700
68.180
68.670
69.150
69.630
70.130
70.610
71.100
71.580
72.070
72.550
73.040
73.520
74.010
74.490
74.980
75.470
75.950
76.430
76.920
77.400
77.890
78.360
78.840
79.310
79.790
80.270
80.760
81.240
81.730
82.190
82.680
83.160
83.660
84.130
84.600
85.080
85.570
86.040
86.520
87.000
87.480
87.960
88.420
88.910
89.400
89.870
90.340
90.830
91.310
91.780
92.270
92.740
93.220
93.710
94.210
94.690
95.180
95.660
96.150
96.630
97.130
97.600
98.090
98.560
99.050
99.520
100.010
100.480
100.960
101.450
101.930
102.400
102.890
103.370
103.850
104.320
104.810
105.270
105.750
106.210
106.700
107.160
107.650
108.120
108.610
109.080
109.570
110.080
110.560
111.070
111.560
112.040
112.540
113.030
113.540
114.030
114.530
115.040
115.520
116.020
116.520
117.020
117.510
118.020
118.500
118.990
119.460
119.950
120.450
120.950
121.430
121.920
122.400
122.860
123.360
123.840
124.320
