0.100
0.600
1.100
1.620
2.160
2.720
3.250
3.780
4.330
4.860
5.400
5.930
6.440
6.970
7.500
8.040
8.580
9.100
9.640
10.180
10.710
11.250
11.780
12.310
12.850
13.380
13.930
14.450
15.010
15.530
16.040
16.590
17.120
17.650
18.180
18.720
19.240
19.780
20.310
20.850
21.380
21.910
22.440
22.970
23.500
24.030
24.560
25.090
25.610
26.150
26.680
27.210
27.760
28.290
28.820
29.350
29.890
30.420
30.960
31.490
32.020
32.550
33.080
33.600
34.130
34.650
35.190
35.710
36.240
36.770
37.310
37.830
38.360
38.890
39.410
39.940
40.470
40.990
41.520
42.050
42.570
43.090
43.620
44.140
44.660
45.190
45.720
46.250
46.770
47.300
47.830
48.350
48.890
49.390
49.920
50.440
50.960
51.490
52.010
52.530
53.050
53.580
54.110
54.640
55.160
55.690
56.220
56.740
57.260
57.790
58.310
58.840
59.370
59.890
60.430
60.960
61.480
62.020
62.540
63.080
63.610
64.140
64.670
65.200
65.720
66.250
66.800
67.320
67.840
68.370
68.890
69.410
69.940
70.470
71.000
71.520
72.060
72.580
73.110
73.630
74.170
74.700
75.230
75.760
76.280
76.810
77.350
77.880
78.390
78.930
79.440
79.970
80.500
81.020
81.540
82.070
82.600
83.130
83.660
84.180
84.710
85.230
85.770
86.300
86.810
87.330
87.870
88.390
88.910
89.440
89.950
90.470
91.000
91.560
92.110
92.650
93.180
93.710
94.220
94.740
95.280
95.770
96.300
96.830
97.360
97.890
98.420
98.950
99.480
100.020
100.540
101.070
101.600
102.120
102.660
103.180
103.700
104.220
104.760
105.280
105.800
106.340
106.880
107.400
107.920
108.460
108.990
109.520
110.040
110.570
111.100
111.640
112.180
112.710
113.250
113.780
114.310
114.850
115.380
115.910
116.440
116.970
117.500
118.030
118.560
119.090
119.630
120.150
120.680
121.220
121.760
122.300
122.830
123.360
123.880
124.410
124.940
125.470
126.010
126.530
127.060
127.590
128.120
128.650
129.170
129.710
130.250
130.780
131.310
131.830
132.350
132.880
133.420
133.950
134.490
135.010
135.540
136.060
136.600
137.130
137.660
138.190
138.720
139.240
139.790
140.290
140.810
141.330
141.860
142.400
142.930
143.430
143.970
144.490
145.020
145.570
146.120
146.630
147.160
147.690
148.230
148.760
149.300
149.830
150.360
150.900
151.440
151.970
152.510
153.040
153.580
154.100
154.630
155.160
155.690
156.220
156.750
157.290
157.820
158.350
158.870
159.410
159.940
160.460
161.000
161.540
162.070
162.600
163.140
163.670
164.210
164.740
165.270
165.810
166.330
166.880
167.420
167.950
168.480
169.010
169.560
170.080
170.600
171.140
171.670
172.200
172.740
173.270
173.800
174.340
174.870
175.400
175.950
176.460
177.010
177.530
178.060
178.590
179.130
179.640
180.170
180.700
181.240
181.770
182.290
182.830
183.370
183.920
184.410
184.890
185.380
185.980
186.560
187.130
187.700
188.280
