0.110
0.520
0.930
1.310
1.720
2.130
2.520
2.910
3.300
3.710
4.090
4.490
4.870
5.260
5.640
6.020
6.410
6.800
7.190
7.610
8.000
8.400
8.800
9.200
9.600
9.990
10.380
10.790
11.190
11.600
11.990
12.390
12.790
13.180
13.580
14.000
14.410
14.800
15.200
15.600
16.010
16.390
16.790
17.200
17.600
18.000
18.400
18.800
19.200
19.600
20.000
20.410
20.790
21.190
21.590
21.990
22.370
22.780
23.160
23.580
23.960
24.360
24.750
25.150
25.530
25.930
26.340
26.750
27.150
27.540
27.930
28.330
28.740
29.120
29.510
29.920
30.310
30.710
31.100
31.500
31.890
32.280
32.670
33.070
33.470
33.860
34.260
34.650
35.050
35.440
35.830
36.230
36.620
37.000
37.400
37.800
38.200
38.590
38.990
39.390
39.790
40.200
40.580
40.990
41.380
41.770
42.160
42.570
42.970
43.370
43.770
44.160
44.560
44.950
45.340
45.740
46.140
46.550
46.940
47.340
47.730
48.130
48.530
48.940
49.340
49.740
50.130
50.530
50.920
51.320
51.720
52.110
52.500
52.880
53.260
53.630
54.010
54.400
54.780
55.180
55.570
55.960
56.350
56.750
57.130
57.520
57.920
58.310
58.700
59.080
59.480
59.890
60.280
60.670
61.070
61.460
61.850
62.250
62.640
63.020
63.410
63.810
64.200
64.600
64.980
65.370
65.750
66.140
66.530
66.900
67.290
67.670
68.060
68.460
68.830
69.220
69.620
70.010
70.400
70.790
71.190
71.580
71.970
72.360
72.760
73.160
73.560
73.970
74.370
74.760
75.160
75.570
75.970
76.370
76.750
77.160
77.550
77.940
78.330
78.740
79.140
79.530
79.930
80.330
80.740
81.130
81.520
81.930
82.330
82.730
83.140
83.540
83.940
84.330
84.730
85.140
85.530
85.920
86.330
86.720
87.120
87.520
87.920
88.320
88.720
89.110
89.510
89.920
90.320
90.700
91.100
91.490
91.890
92.270
92.660
93.060
93.450
93.830
94.220
94.620
95.010
95.410
95.800
96.210
96.590
96.990
97.390
97.790
98.190
98.600
99.000
99.400
99.790
100.170
100.560
100.970
101.370
101.770
102.170
102.570
103.070
103.570
104.070
104.580
105.080
105.580
106.050
106.550
107.030
107.540
108.010
