0.130
0.420
0.700
1.000
1.290
1.570
1.870
2.180
2.480
2.780
3.080
3.380
3.670
3.970
4.270
4.580
4.880
5.170
5.470
5.770
6.060
6.360
6.650
6.930
7.220
7.530
7.830
8.120
8.420
8.720
9.000
9.300
9.590
9.880
10.180
10.480
10.770
11.070
11.370
11.670
11.960
12.250
12.540
12.840
13.120
13.420
13.710
13.990
14.280
14.580
14.870
15.170
15.480
15.770
16.070
16.350
16.650
16.940
17.240
17.540
17.830
18.140
18.430
18.730
19.030
19.320
19.600
19.900
20.190
20.490
20.790
21.090
21.380
21.690
21.980
22.280
22.580
22.880
23.170
23.470
23.760
24.050
24.360
24.650
24.950
25.240
25.530
25.830
26.120
26.410
26.710
27.010
27.300
27.600
27.910
28.200
28.500
28.800
29.090
29.380
29.680
29.960
30.250
30.550
30.840
31.140
31.440
31.730
32.030
32.320
32.610
32.900
33.200
33.490
33.780
34.060
34.370
34.670
34.970
35.260
35.560
35.850
36.140
36.440
36.730
37.020
37.310
37.610
37.910
38.210
38.510
38.810
39.100
39.400
39.700
40.000
40.300
40.590
40.880
41.180
41.470
41.760
42.060
42.360
42.650
42.950
43.250
43.550
43.840
44.130
44.420
44.710
45.010
45.300
45.590
45.880
46.180
46.480
46.770
47.080
47.370
47.670
47.970
48.270
48.560
48.860
49.150
49.440
49.740
50.030
50.340
50.640
50.940
51.230
51.530
51.840
52.130
52.430
52.730
53.020
53.310
53.600
53.890
54.180
54.480
54.770
55.050
55.350
55.650
55.950
56.250
56.550
56.840
57.150
57.450
57.750
58.050
58.340
58.640
58.940
59.240
59.530
59.830
60.120
60.410
60.700
61.000
61.300
61.600
61.900
62.190
62.490
62.800
63.100
63.400
63.690
63.990
64.290
64.600
64.900
65.200
65.500
65.790
66.100
66.390
66.700
67.000
67.300
67.590
67.890
68.190
68.490
68.790
69.090
69.390
69.680
69.970
70.270
70.570
70.870
71.160
71.470
71.760
72.060
72.350
72.650
72.940
73.220
73.520
73.810
74.110
74.410
74.710
75.000
75.310
75.610
75.910
76.200
76.500
76.800
77.100
77.400
77.700
77.990
78.290
78.590
78.880
79.190
79.490
79.780
80.090
80.400
80.700
81.000
81.310
81.610
81.910
82.210
82.510
82.800
83.110
83.400
83.700
84.010
84.290
84.580
84.880
85.170
85.470
85.770
86.060
86.370
86.670
86.970
87.260
87.570
87.870
88.170
88.460
88.760
89.060
89.360
89.670
89.960
90.270
90.560
90.860
91.160
91.460
91.760
92.060
92.360
92.660
92.960
93.270
93.560
93.870
94.170
94.460
94.760
95.060
95.360
95.670
95.970
96.280
96.580
96.900
97.200
97.500
97.800
98.100
98.400
98.710
99.000
99.310
99.610
99.910
100.220
100.520
100.840
101.150
101.450
101.750
102.050
102.350
102.660
102.960
103.250
103.550
103.870
104.180
104.480
104.790
105.090
105.390
105.700
105.990
106.300
106.600
106.900
107.200
107.500
107.800
108.100
108.400
108.700
108.990
109.290
109.590
109.890
110.200
110.500
110.800
111.100
111.400
111.700
112.000
112.310
112.620
112.920
113.230
113.540
113.840
114.140
114.440
114.750
115.050
115.350
115.650
115.960
116.260
116.580
116.880
117.190
117.510
117.810
118.100
118.410
118.700
119.000
119.310
119.610
119.900
120.210
120.500
120.800
121.110
121.400
121.700
122.010
122.300
122.610
122.910
123.210
123.500
123.800
124.100
124.400
124.700
125.000
125.300
125.600
125.900
126.200
126.510
126.810
127.100
127.410
