0.470
0.960
1.410
1.830
2.280
2.730
3.180
3.620
4.080
4.530
5.000
5.450
5.900
6.350
6.800
7.250
7.700
8.170
8.620
9.060
9.520
9.980
10.430
10.890
11.360
11.830
12.280
12.730
13.200
13.650
14.120
14.560
15.020
15.500
15.960
16.410
16.870
17.320
17.790
18.250
18.700
19.170
19.620
20.080
20.540
21.000
21.460
21.920
22.380
22.860
23.310
23.770
24.230
24.690
25.160
25.620
26.090
26.560
27.020
27.500
27.970
28.410
28.870
29.310
29.770
30.240
30.700
31.160
31.630
32.080
32.540
33.010
33.480
33.950
34.390
34.850
35.320
35.770
36.240
36.690
37.150
37.610
38.080
38.530
38.990
39.450
39.930
40.390
40.850
41.320
41.770
42.220
42.680
43.140
43.600
44.060
44.530
44.990
45.450
45.910
46.370
46.830
47.300
47.740
48.200
48.680
49.140
49.600
50.060
50.520
50.970
51.430
51.890
52.350
52.820
53.280
53.750
54.220
54.700
55.160
55.640
56.100
56.580
57.040
57.510
57.980
58.450
58.910
59.370
59.840
60.310
60.770
61.230
61.700
62.170
62.630
63.090
63.550
64.030
64.470
64.940
65.390
65.860
66.310
66.770
67.220
67.680
68.140
68.600
69.070
69.540
70.000
70.470
70.930
71.390
71.850
72.320
72.770
73.250
73.710
74.170
74.640
75.100
75.560
76.030
76.490
76.960
77.410
77.890
78.350
78.800
79.260
79.730
80.180
80.650
81.110
81.580
82.040
82.520
82.980
83.430
83.900
84.370
84.830
85.290
85.770
86.230
86.690
87.160
87.620
88.080
88.530
88.990
89.450
89.930
90.380
90.850
91.310
91.790
92.250
92.720
93.180
93.650
94.110
94.580
95.040
95.510
95.970
96.430
96.900
97.370
97.830
98.300
98.770
99.240
99.700
100.160
100.610
101.100
101.540
102.000
102.450
102.920
103.360
103.800
104.260
104.730
105.190
105.650
106.120
106.580
107.050
107.530
108.000
108.470
108.930
109.400
109.860
110.340
110.790
111.250
111.720
112.180
112.630
113.100
113.570
114.040
114.500
114.970
115.440
115.890
116.340
116.810
117.260
117.740
118.190
118.670
119.130
119.600
120.060
120.530
120.990
121.460
121.920
122.390
122.850
123.320
123.790
124.250
124.700
125.150
125.600
126.070
126.530
127.000
127.460
127.930
128.390
128.860
129.310
129.770
130.240
130.700
131.140
131.610
132.070
132.530
132.980
133.450
133.920
134.370
134.820
135.290
135.740
136.210
136.660
137.120
137.580
138.040
138.500
138.970
139.420
139.880
140.330
140.790
141.260
141.720
142.190
142.640
143.090
143.520
143.970
144.420
144.870
145.320
145.790
146.240
