0.200
0.510
0.830
1.190
1.550
1.900
2.240
2.620
2.970
3.330
3.690
4.040
4.400
4.770
5.130
5.500
5.850
6.200
6.570
6.940
7.280
7.630
7.990
8.360
8.700
9.040
9.400
9.740
10.110
10.450
10.820
11.180
11.520
11.860
12.220
12.590
12.950
13.310
13.690
14.050
14.420
14.780
15.170
15.540
15.900
16.270
16.630
17.000
17.370
17.730
18.100
18.470
18.840
19.210
19.570
19.940
20.300
20.670
21.050
21.410
21.780
22.150
22.540
22.890
23.260
23.610
23.990
24.360
24.720
25.100
25.480
25.840
26.220
26.580
26.940
27.310
27.680
28.040
28.390
28.770
29.130
29.500
29.850
30.220
30.610
30.960
31.320
31.670
32.050
32.400
32.770
33.130
33.490
33.850
34.230
34.580
34.930
35.310
35.670
36.010
36.370
36.730
37.060
37.430
37.790
38.140
38.510
38.860
39.210
39.570
39.930
40.300
40.660
41.000
41.360
41.700
42.060
42.410
42.780
43.140
43.500
43.850
44.210
44.560
44.920
45.270
45.620
45.990
46.330
46.680
47.040
47.410
47.770
48.130
48.510
48.860
49.240
49.600
49.980
50.340
50.720
51.080
51.460
51.830
52.200
52.560
52.930
53.310
53.680
54.040
54.410
54.770
55.130
55.490
55.860
56.230
56.590
56.960
57.340
57.700
58.080
58.440
58.810
59.180
59.540
59.910
60.260
60.640
61.000
61.360
61.740
62.180
62.820
63.530
64.250
64.980
65.720
66.420
67.160
67.880
68.610
69.360
70.070
70.790
71.510
72.210
72.950
73.650
74.380
75.070
75.830
76.530
77.250
77.970
78.680
79.390
80.110
80.830
81.520
82.230
82.960
83.680
84.380
85.090
85.790
86.500
87.190
87.920
88.640
89.380
90.110
90.830
91.560
92.290
93.010
93.740
94.460
95.200
95.920
96.640
97.380
98.120
98.860
99.590
100.340
101.070
101.800
102.540
103.270
103.990
104.720
105.450
106.220
106.930
107.650
108.390
109.120
109.830
110.540
111.270
111.990
112.700
113.440
114.140
114.870
115.600
116.350
117.040
117.760
118.470
119.060
119.500
119.850
120.220
120.560
120.900
121.270
121.610
121.960
122.300
122.650
123.010
123.370
123.730
124.090
124.450
124.820
125.180
125.540
125.900
126.270
126.620
126.990
127.350
127.730
128.090
128.460
128.830
129.190
129.550
129.910
130.270
130.640
131.000
131.370
131.730
132.090
132.440
132.820
133.180
133.530
133.880
134.240
134.600
134.980
135.360
135.710
136.090
136.440
136.810
137.160
137.510
137.880
138.250
138.610
138.970
139.330
139.680
140.030
140.400
140.760
141.130
141.490
141.840
142.200
142.570
142.930
143.280
143.630
144.000
144.360
144.710
145.060
145.400
145.750
146.140
146.500
146.860
147.210
147.580
147.950
148.310
148.660
149.030
149.390
149.740
150.100
150.460
150.820
151.190
151.550
151.920
152.290
152.660
153.030
153.400
153.760
154.130
154.490
154.860
155.230
155.610
155.970
156.350
156.710
157.100
157.460
157.830
158.190
158.580
158.930
159.320
159.670
160.040
160.410
160.780
161.160
161.530
161.890
162.260
162.630
163.000
163.350
163.720
164.080
164.460
164.810
165.190
165.540
165.910
166.260
166.640
167.010
167.380
167.840
168.460
169.190
169.930
170.650
171.390
172.100
172.840
173.550
174.310
175.050
175.770
176.480
177.220
177.930
178.670
179.380
180.140
180.880
181.610
182.320
183.010
183.710
184.420
185.140
185.830
186.540
187.260
187.970
188.680
189.410
190.120
190.840
191.570
192.250
192.970
193.700
194.430
195.150
195.870
196.610
197.320
198.050
198.760
199.480
200.200
200.930
201.640
202.350
203.040
203.780
204.460
205.180
205.880
206.600
207.300
208.010
208.690
209.380
210.080
210.790
211.510
212.230
212.930
213.650
214.340
215.010
215.720
216.450
217.170
217.870
218.570
219.290
219.990
220.670
221.390
222.130
222.850
223.550
224.270
224.990
225.680
226.380
227.100
227.820
228.520
229.240
229.960
230.670
231.380
232.070
232.790
233.500
234.220
234.930
235.610
236.300
236.970
237.660
238.370
239.080
239.790
240.490
241.190
241.900
242.590
243.290
244.000
244.700
245.390
246.080
246.770
247.480
248.180
248.850
249.550
250.240
250.930
251.610
252.330
253.030
253.710
254.400
255.130
255.840
256.540
257.230
257.910
258.600
259.290
259.990
