0.450
1.100
1.760
2.390
3.050
3.710
4.350
5.010
5.660
6.320
6.980
7.610
8.260
8.920
9.580
10.220
10.860
11.520
12.160
12.800
13.440
14.090
14.730
15.360
16.000
16.640
17.290
17.940
18.590
19.260
19.920
20.560
21.190
21.850
22.500
23.130
23.770
24.430
25.070
25.730
26.370
27.030
27.680
28.330
28.970
29.630
30.270
30.930
31.580
32.250
32.890
33.540
34.190
34.850
35.500
36.140
36.780
37.450
38.110
38.730
39.380
40.020
40.660
41.300
41.950
42.590
43.230
43.880
44.520
45.170
45.800
46.450
47.090
47.760
48.380
49.030
49.670
50.310
50.940
51.570
52.210
52.880
53.520
54.150
54.780
55.440
56.070
56.700
57.340
57.980
58.630
59.250
59.890
60.550
61.180
61.820
62.440
63.100
63.750
64.400
65.030
65.690
66.310
66.970
67.590
68.250
68.880
69.540
70.150
70.800
71.440
72.080
72.710
73.360
73.980
74.620
75.260
75.920
76.570
77.220
77.860
78.510
79.150
79.790
80.410
81.050
81.690
82.320
82.950
83.620
84.270
84.920
85.570
86.220
86.880
87.520
88.150
88.810
89.440
90.100
90.750
91.390
92.020
92.660
93.320
93.950
94.570
95.250
95.920
96.580
97.320
98.030
98.700
99.440
100.120
100.850
101.570
102.290
103.040
103.770
104.510
105.240
105.960
106.690
107.410
108.190
108.900
109.640
110.410
111.150
111.850
112.590
113.360
114.080
114.850
115.510
116.180
116.840
117.460
118.130
118.820
119.500
120.160
120.820
121.520
122.160
122.780
123.370
123.950
124.560
125.170
125.840
126.470
127.130
127.840
128.520
129.190
129.880
130.530
131.230
131.880
132.560
133.210
133.900
134.540
135.150
135.820
136.460
