0.170
0.670
1.170
1.690
2.160
2.660
3.160
3.650
4.160
4.660
5.180
5.680
6.220
6.710
7.220
7.720
8.240
8.750
9.260
9.760
10.290
10.800
11.310
11.820
12.320
12.830
13.330
13.840
14.370
14.890
15.400
15.910
16.410
16.950
17.440
17.960
18.490
19.020
19.530
20.040
20.560
21.080
21.580
22.110
22.630
23.140
23.660
24.180
24.690
25.240
25.770
26.260
26.800
27.320
27.840
28.340
28.860
29.390
29.910
30.450
30.970
31.490
32.000
32.540
33.060
33.560
34.080
34.610
35.140
35.660
36.180
36.690
37.210
37.730
38.250
38.780
39.300
39.830
40.350
40.890
41.390
41.920
42.420
42.970
43.480
44.010
44.540
45.070
45.590
46.120
46.640
47.170
47.700
48.240
48.750
49.280
49.810
50.340
50.870
51.400
51.930
52.480
53.000
53.520
54.050
54.590
55.120
55.650
56.160
56.690
57.220
57.740
58.260
58.790
59.310
59.830
60.380
60.880
61.410
61.930
62.450
62.980
63.490
64.010
64.540
65.060
65.600
66.120
66.640
67.170
67.710
68.240
68.790
69.310
69.840
70.380
70.900
71.420
71.950
72.490
73.030
73.560
74.080
74.620
75.140
75.660
76.190
76.730
77.260
77.790
78.310
78.840
79.360
79.870
80.390
80.910
81.450
81.990
82.490
83.040
83.560
84.090
84.620
85.140
85.670
86.200
86.730
87.250
87.770
88.300
88.830
89.390
89.920
90.430
90.960
91.490
92.010
92.550
93.090
93.610
94.160
94.680
95.220
95.760
96.270
96.810
97.330
97.890
98.420
98.940
99.480
100.010
100.540
101.060
101.580
102.130
102.670
103.190
103.720
104.250
104.780
105.330
105.840
106.390
106.910
107.440
107.970
108.490
109.030
109.560
110.090
110.610
111.160
111.700
112.230
112.750
113.290
113.810
114.330
114.880
115.410
115.930
116.460
117.000
117.510
118.030
118.550
119.080
119.620
120.150
120.680
121.220
121.730
122.270
122.790
123.320
123.850
124.420
124.940
125.460
126.000
126.530
127.070
127.610
128.140
128.680
129.200
129.720
130.260
130.790
131.330
131.880
132.400
132.940
133.470
134.010
134.530
135.080
135.620
136.160
136.680
137.220
137.740
138.270
138.800
139.320
139.870
140.410
140.910
141.460
141.990
142.520
143.040
143.560
144.120
144.690
145.210
145.760
146.280
146.840
147.490
148.120
148.760
149.360
150.010
150.650
