0.230
0.690
1.160
1.620
2.090
2.560
3.030
3.490
3.950
4.420
4.860
5.330
5.800
6.280
6.750
7.210
7.670
8.110
8.570
9.040
9.510
9.980
10.450
10.920
11.380
11.860
12.330
12.800
13.280
13.760
14.230
14.700
15.170
15.640
16.120
16.590
17.060
17.540
18.000
18.480
18.950
19.420
19.890
20.370
20.850
21.320
21.770
22.230
22.660
23.120
23.560
24.020
24.490
24.960
25.420
25.880
26.360
26.840
27.310
27.780
28.260
28.730
29.190
29.660
30.140
30.600
31.070
31.540
32.020
32.490
32.960
33.430
33.900
34.380
34.850
35.320
35.800
36.280
36.740
37.210
37.650
38.090
38.540
39.020
39.500
39.980
40.460
40.930
41.400
41.880
42.360
42.830
43.310
43.780
44.250
44.730
45.210
45.680
46.160
46.630
47.110
47.600
48.070
48.550
49.030
49.500
49.970
50.450
50.940
51.420
51.900
52.350
52.780
53.210
53.670
54.150
54.640
55.120
55.590
56.060
56.540
57.020
57.490
57.980
58.470
58.940
59.430
59.910
60.380
60.870
61.340
61.820
62.320
62.800
63.280
63.760
64.250
64.730
65.220
65.700
66.200
66.670
67.160
67.640
68.120
68.610
69.080
69.570
70.060
70.550
71.040
71.520
72.030
72.510
72.990
73.480
73.980
74.480
74.980
75.460
75.940
76.430
76.910
77.410
77.910
78.410
78.910
79.400
79.890
80.370
80.860
81.360
81.860
82.350
82.840
83.320
83.810
84.330
84.810
85.320
85.810
86.310
86.800
87.320
87.820
88.300
88.810
89.300
89.810
90.290
90.790
91.280
91.770
92.260
92.750
93.220
93.710
94.190
94.660
95.150
95.620
96.100
96.590
97.070
97.560
98.030
98.520
98.990
99.480
99.960
100.440
100.920
101.410
101.890
102.370
102.840
103.300
103.740
104.200
104.690
105.170
105.640
106.120
106.590
107.080
107.570
108.050
108.530
109.020
109.500
109.980
110.440
110.880
111.360
111.800
112.270
112.760
113.240
113.720
114.190
114.680
115.150
115.640
116.120
116.610
117.090
117.580
118.060
118.530
119.020
119.490
119.980
120.470
120.950
121.440
121.920
122.420
122.910
123.380
123.880
124.370
124.860
125.350
125.830
126.300
126.780
127.260
127.760
128.250
128.730
129.210
129.700
130.180
130.650
131.140
131.620
132.110
132.590
133.070
133.550
134.020
134.490
134.970
135.460
135.940
136.420
136.900
137.380
137.870
138.360
138.850
139.350
139.850
140.350
140.850
141.360
141.850
142.340
142.830
143.340
143.840
144.320
144.810
145.290
145.760
146.400
147.020
147.670
148.370
149.020
149.720
150.470
151.180
151.910
152.600
