0.200
0.560
0.920
1.280
1.640
2.000
2.360
2.720
3.080
3.450
3.800
4.160
4.520
4.870
5.230
5.590
5.950
6.340
6.710
7.080
7.440
7.810
8.190
8.550
8.920
9.300
9.650
10.030
10.390
10.760
11.140
11.520
11.880
12.280
12.640
13.020
13.390
13.760
14.140
14.500
14.860
15.230
15.590
15.960
16.340
16.700
17.050
17.410
17.760
18.140
18.500
18.880
19.250
19.620
19.990
20.360
20.730
21.090
21.450
21.820
22.190
22.570
22.940
23.300
23.670
24.070
24.430
24.800
25.170
25.540
25.910
26.270
26.640
27.040
27.420
27.780
28.130
28.480
28.840
29.200
29.570
29.950
30.320
30.700
31.050
31.420
31.790
32.160
32.540
32.920
33.290
33.660
34.030
34.400
34.760
35.130
35.500
35.860
36.230
36.600
36.970
37.320
37.680
38.050
38.420
38.800
39.170
39.550
39.910
40.290
40.680
41.040
41.420
41.790
42.150
42.530
42.900
43.250
43.600
43.960
44.330
44.710
45.080
45.460
45.820
46.200
46.570
46.940
47.320
47.680
48.060
48.430
48.810
49.170
49.550
49.920
50.290
50.630
50.990
51.360
51.730
52.100
52.490
52.860
53.230
53.600
53.970
54.320
54.690
55.070
55.460
55.840
56.210
56.600
56.980
57.340
57.720
58.080
58.470
58.840
59.210
59.580
59.950
60.300
60.680
61.060
61.440
61.810
62.170
62.550
62.930
63.280
63.650
64.020
64.410
64.780
65.150
65.520
65.910
66.260
66.640
67.010
67.390
67.760
68.130
68.490
68.870
69.240
69.600
69.980
70.350
70.720
71.080
71.440
71.830
72.180
72.550
72.940
73.310
73.680
74.050
74.410
74.780
75.150
75.530
75.910
76.280
76.670
77.040
77.420
77.790
78.160
78.520
78.880
79.240
79.620
79.990
80.360
80.730
81.090
81.460
81.830
82.210
82.580
82.970
83.330
83.700
84.070
84.440
84.810
85.180
85.560
85.930
86.290
86.650
87.030
87.390
87.770
88.160
88.530
88.900
89.290
89.660
90.020
90.380
90.780
91.160
91.540
91.900
92.270
92.630
92.990
93.340
93.740
94.120
94.490
94.860
95.230
95.600
95.970
96.340
96.740
97.110
97.490
97.860
98.240
98.610
99.000
99.360
99.740
100.110
100.480
100.840
101.210
101.580
101.940
102.310
102.700
103.050
103.450
103.820
104.200
104.580
104.960
105.330
105.700
106.070
106.440
106.810
107.170
107.530
107.920
108.280
108.660
109.060
109.430
109.800
110.160
110.540
110.920
111.290
111.660
112.020
112.380
112.750
113.140
113.500
113.850
114.200
114.580
114.930
115.280
115.650
116.010
116.360
116.740
117.100
117.450
