0.450
1.340
2.250
3.130
4.040
4.920
5.800
6.670
7.530
8.350
9.230
10.090
10.930
11.780
12.630
13.480
14.310
15.180
16.010
16.870
17.700
18.550
19.380
20.200
21.060
21.910
22.740
23.580
24.420
25.280
26.120
26.980
27.790
28.650
29.480
30.320
31.150
31.990
32.840
33.670
34.480
35.330
36.150
36.970
37.770
38.600
39.410
40.240
41.070
41.920
42.720
43.580
44.420
45.280
46.100
46.920
47.740
48.560
49.380
50.200
51.030
51.840
52.680
53.510
54.340
55.160
55.990
56.810
57.630
58.460
59.290
60.120
60.960
61.800
62.650
63.480
64.310
65.140
66.010
66.840
67.640
68.480
69.290
70.130
70.960
71.790
72.620
73.460
74.280
75.110
75.930
76.770
77.570
78.420
79.210
80.050
80.870
81.670
82.500
83.250
84.010
84.830
85.650
86.490
87.300
88.140
88.970
89.810
90.640
91.480
92.310
93.140
93.940
94.770
95.600
96.430
97.250
98.130
98.960
99.810
100.630
101.470
102.300
103.130
103.930
104.820
105.660
106.480
107.300
108.170
108.980
109.830
110.670
111.500
112.300
113.160
113.960
114.810
115.650
116.430
117.250
118.070
118.880
119.700
120.500
121.360
122.180
122.990
123.780
124.610
125.450
126.290
127.100
127.940
128.760
129.590
130.420
131.240
132.060
132.890
133.710
134.570
135.400
136.230
137.040
137.860
138.700
139.530
140.350
141.190
141.960
142.840
143.660
144.540
145.360
146.170
146.980
147.820
148.640
149.480
150.300
151.130
151.960
152.770
153.560
154.370
155.190
155.970
156.780
157.610
158.410
159.220
160.030
160.880
161.710
162.550
163.370
164.180
165.010
165.870
166.690
167.500
168.350
169.190
170.000
170.840
171.640
172.470
173.280
174.100
174.910
175.730
176.490
177.280
178.100
178.860
179.650
