0.240
0.920
1.660
2.420
3.160
3.880
4.600
5.410
6.180
6.940
7.760
8.470
9.150
9.860
10.580
11.280
12.010
12.710
13.420
14.120
14.840
15.540
16.260
16.980
17.680
18.380
19.090
19.790
20.490
21.200
21.890
22.590
23.290
23.990
24.700
25.390
26.090
26.800
27.500
28.190
28.890
29.590
30.300
30.990
31.690
32.390
33.110
33.800
34.490
35.180
35.890
36.580
37.280
37.990
38.700
39.380
40.090
40.780
41.480
42.180
42.880
43.590
44.300
44.990
45.680
46.380
47.070
47.780
48.480
49.170
49.870
50.570
51.270
51.960
52.660
53.360
54.070
54.760
55.460
56.160
56.870
57.560
58.250
58.940
59.670
60.350
61.050
61.760
62.470
63.160
63.880
64.590
65.300
66.000
66.710
67.410
68.120
68.830
69.540
70.250
70.970
71.680
72.380
73.100
73.810
74.530
75.240
75.940
76.670
77.380
78.090
78.810
79.510
80.230
80.930
81.640
82.340
83.060
83.770
84.480
85.210
85.920
86.630
87.340
88.050
88.760
89.470
90.190
90.900
91.610
92.300
93.000
93.730
94.430
95.140
95.850
96.550
97.270
97.970
98.680
99.390
100.080
100.800
101.510
102.220
102.930
103.640
104.350
105.070
105.780
106.490
107.180
107.890
108.600
109.300
109.980
110.690
111.390
112.090
112.770
113.490
114.190
114.880
115.570
116.280
116.980
117.690
118.400
119.110
119.810
120.480
121.180
121.890
122.610
123.320
124.030
124.720
125.420
126.130
126.830
127.530
128.230
128.930
129.630
130.310
131.010
131.710
132.410
133.140
133.840
134.550
135.260
135.960
136.680
137.390
138.100
138.810
139.520
140.220
140.920
141.620
142.320
143.030
143.740
144.440
145.140
145.850
146.560
147.260
147.960
148.670
149.360
150.080
150.770
151.480
152.190
152.900
153.570
154.290
154.990
155.690
156.400
157.100
157.820
158.520
159.230
159.920
160.640
161.340
162.040
162.760
163.470
164.180
164.890
165.600
166.320
167.010
167.670
168.350
169.030
169.710
170.380
171.090
171.790
172.480
173.170
173.860
174.570
175.260
175.970
176.690
177.410
178.130
178.850
179.580
180.310
181.020
181.740
182.460
183.170
183.890
184.600
185.320
186.040
186.750
187.470
188.210
188.920
189.640
190.360
191.070
191.780
192.500
193.220
193.920
194.640
195.360
196.080
196.780
197.490
198.200
198.920
199.610
200.320
201.040
201.760
202.470
203.190
203.910
204.610
205.310
206.010
206.740
207.460
208.170
208.880
209.600
210.330
211.050
211.770
212.500
213.220
213.930
214.640
215.370
216.110
216.830
217.550
218.300
219.030
219.720
220.400
221.100
221.800
222.490
223.170
223.910
224.610
225.350
226.050
226.780
227.480
228.170
228.910
229.520
230.180
