0.200
0.700
1.200
1.680
2.170
2.670
3.160
3.640
4.130
4.610
5.120
5.600
6.070
6.550
7.020
7.500
7.970
8.410
8.860
9.320
9.790
10.280
10.750
11.240
11.730
12.240
12.730
13.210
13.690
14.190
14.690
15.170
15.650
16.150
16.610
17.090
17.550
18.040
18.500
18.980
19.470
19.960
20.450
20.930
21.410
21.880
22.370
22.840
23.310
23.790
24.280
24.770
25.250
25.730
26.190
26.670
27.150
27.630
28.120
28.610
29.100
29.580
30.060
30.550
31.020
31.490
31.950
32.410
32.870
33.330
33.800
34.280
34.770
35.270
35.750
36.250
36.740
37.230
37.720
38.220
38.710
39.210
39.690
40.180
40.670
41.180
41.670
42.160
42.650
43.150
43.650
44.120
44.610
45.100
45.590
46.090
46.560
47.050
47.540
48.010
48.490
48.970
49.460
49.930
50.410
50.900
51.370
51.850
52.320
52.810
53.300
53.790
54.290
54.790
55.280
55.760
56.240
56.730
57.230
57.710
58.200
58.700
59.190
59.660
60.150
60.640
61.120
61.610
62.090
62.570
63.070
63.530
64.020
64.510
64.990
65.460
65.940
66.420
66.900
67.380
67.850
68.330
68.820
69.290
69.760
70.250
70.710
71.210
71.690
72.150
72.630
73.100
73.580
74.060
74.540
75.010
75.490
75.970
76.460
76.920
77.410
77.890
78.380
78.870
79.350
79.850
80.320
80.820
81.300
81.790
82.290
82.760
83.240
83.720
84.210
84.700
85.170
85.660
86.150
86.620
87.100
87.590
88.080
88.550
89.020
89.530
90.020
90.490
90.990
91.460
91.950
92.430
92.930
93.430
93.920
94.420
94.930
95.420
95.900
96.390
96.890
97.370
97.850
98.340
98.850
99.340
99.830
100.320
100.820
101.310
101.800
102.320
103.070
103.870
104.680
105.520
106.380
107.250
108.150
109.010
109.890
110.760
111.650
112.500
113.320
114.140
115.030
115.880
116.750
117.630
118.440
119.310
120.160
121.030
121.880
122.880
123.850
124.800
125.760
126.720
127.640
128.630
129.590
130.500
131.460
132.440
133.370
134.330
135.250
136.220
137.200
138.110
139.050
