0.320
0.830
1.320
1.820
2.340
2.810
3.320
3.820
4.320
4.820
5.320
5.820
6.320
6.830
7.320
7.820
8.340
8.820
9.320
9.820
10.330
10.820
11.330
11.830
12.320
12.820
13.320
13.820
14.340
14.820
15.320
15.840
16.320
16.820
17.330
17.820
18.320
18.830
19.330
19.820
20.340
20.820
21.320
21.820
22.330
22.820
23.330
23.820
24.320
24.840
25.330
25.820
26.340
26.820
27.320
27.820
28.320
28.820
29.330
29.810
30.320
30.830
31.330
31.820
32.330
32.830
33.320
33.840
34.310
34.820
35.340
35.820
36.320
36.820
37.320
37.820
38.340
38.820
39.330
39.820
