0.040
0.440
0.830
1.200
1.590
1.980
2.370
2.750
3.150
3.540
3.930
4.310
4.690
5.100
5.480
5.870
6.260
6.660
7.050
7.420
7.800
8.190
8.590
8.970
9.360
9.760
10.150
10.530
10.910
11.290
11.690
12.080
12.480
12.880
13.270
13.640
14.030
14.390
14.720
15.070
15.400
15.780
16.180
16.550
16.950
17.330
17.730
18.120
18.510
18.900
19.300
19.660
20.050
20.440
20.840
21.220
21.620
22.000
22.400
22.780
23.170
23.550
23.940
24.340
24.730
25.120
25.510
25.880
26.280
26.660
27.060
27.440
27.830
28.210
28.620
28.990
29.390
29.770
30.160
30.550
30.950
31.330
31.730
32.100
32.490
32.880
33.270
33.650
34.050
34.430
34.830
35.210
35.590
35.980
36.380
36.770
37.160
37.550
37.950
38.320
38.700
39.090
39.490
39.870
40.260
40.640
41.050
41.420
41.820
42.200
42.590
42.980
43.380
43.760
44.160
44.530
44.920
45.300
45.700
46.090
46.480
46.860
47.260
47.640
48.040
48.410
48.800
49.200
49.590
49.980
50.380
50.740
51.130
51.530
51.920
52.300
52.700
53.090
53.480
53.850
54.240
54.630
