0.280
0.680
1.080
1.450
1.840
2.230
2.620
3.000
3.390
3.780
4.170
4.560
4.940
5.330
5.720
6.110
6.490
6.880
7.260
7.650
8.040
8.430
8.810
9.210
9.590
9.980
10.360
10.760
11.140
11.530
11.910
12.310
12.690
13.080
13.460
13.850
14.240
14.630
15.020
15.400
15.790
16.180
16.570
16.950
17.340
17.730
18.120
18.500
18.890
19.270
19.660
20.050
20.440
20.820
21.220
21.600
21.990
22.370
22.760
23.150
23.540
23.920
24.320
24.700
25.090
25.470
25.870
26.250
26.640
27.030
27.420
27.800
28.200
28.580
28.970
29.350
29.740
30.130
30.520
30.900
31.290
31.670
32.070
32.450
32.840
33.220
33.620
34.000
34.390
34.770
35.170
35.550
35.940
36.320
36.710
