0.020
0.400
0.770
1.150
1.530
1.910
2.300
2.680
3.050
3.430
3.820
4.190
4.570
4.960
5.340
5.720
6.100
6.480
6.870
7.240
7.620
8.010
8.390
8.770
9.140
9.530
9.910
10.290
10.670
11.050
11.430
11.810
12.180
12.570
12.960
13.330
13.710
14.100
14.480
14.860
15.240
15.620
16.000
16.370
16.760
17.140
17.520
17.910
18.280
18.660
19.060
19.420
19.800
20.190
20.570
20.960
21.330
21.710
22.100
22.470
22.860
23.220
23.600
24.000
24.370
24.760
25.150
25.520
25.900
26.290
26.670
27.050
27.430
27.800
28.190
28.570
28.940
29.330
29.710
30.100
30.470
30.850
31.240
31.610
31.990
32.380
32.760
33.140
33.510
33.900
34.280
34.660
35.040
35.420
35.800
36.180
36.560
36.940
37.330
37.710
38.090
38.470
38.850
39.230
39.610
39.990
40.380
40.750
41.130
41.510
41.900
42.280
42.650
43.040
43.430
43.800
44.180
44.570
44.950
45.330
45.700
46.080
46.470
46.840
47.230
47.590
47.970
48.370
48.740
49.130
49.520
49.890
50.270
50.650
51.040
51.430
51.790
52.180
52.570
52.940
53.320
53.700
54.080
54.460
54.840
55.220
55.610
55.980
56.360
56.750
57.130
57.520
57.890
58.270
58.660
59.040
59.410
59.790
60.180
60.550
60.930
61.310
61.700
62.080
62.450
62.840
63.230
63.610
63.980
64.360
64.750
65.120
65.500
65.880
66.250
66.650
