0.250
0.630
1.020
1.390
1.770
2.150
2.530
2.920
3.300
3.680
4.060
4.440
4.820
5.200
5.580
5.960
6.340
6.730
7.110
7.490
7.860
8.250
8.630
9.010
9.390
9.770
10.140
10.530
10.910
11.290
11.680
12.060
12.440
12.820
13.200
13.580
13.960
14.340
14.730
15.100
15.480
15.870
16.250
16.630
17.010
17.390
17.770
18.150
18.530
18.910
19.300
19.670
20.050
20.440
20.820
21.200
21.580
21.960
22.340
22.720
23.100
23.480
23.870
24.250
24.630
25.010
25.390
25.770
26.150
26.530
26.910
27.290
27.670
28.060
28.440
28.820
29.190
29.580
29.960
30.340
30.720
31.100
31.480
31.860
32.240
32.620
33.010
33.390
33.770
34.150
34.530
34.910
35.290
35.670
36.050
36.430
36.810
37.200
37.580
37.960
38.340
38.720
39.100
39.480
39.860
40.240
40.630
41.010
41.390
41.770
42.150
42.530
42.910
43.290
43.670
44.050
44.430
44.820
45.200
45.580
45.960
46.340
46.720
47.100
47.480
47.860
48.240
48.630
49.000
49.390
49.770
50.150
50.530
50.910
51.290
51.670
52.050
52.430
52.800
53.200
53.570
53.950
54.340
54.720
55.100
55.480
55.860
56.240
56.620
57.000
57.380
57.760
58.140
58.520
58.910
59.290
59.670
60.040
60.430
60.810
61.180
61.570
61.990
62.430
62.830
63.270
63.660
64.040
64.430
64.810
65.180
65.570
65.940
66.320
66.710
67.090
67.470
67.860
68.230
68.620
69.000
69.380
69.750
70.130
70.520
70.900
71.270
71.660
72.040
72.420
72.800
73.180
73.550
73.950
74.320
74.710
75.090
75.470
75.850
76.230
76.610
76.990
77.370
77.750
78.130
78.520
78.890
79.280
79.650
80.040
80.410
80.810
81.180
81.560
81.930
82.320
82.700
83.090
83.460
83.840
