0.350
0.750
1.150
1.550
1.930
2.330
2.730
3.120
3.510
3.910
4.310
4.710
5.090
5.490
5.890
6.280
6.670
7.070
7.470
7.870
8.250
8.650
9.050
9.440
9.830
10.220
10.620
11.020
11.420
11.810
12.200
12.600
12.990
13.390
13.790
14.190
14.570
14.970
15.370
15.760
16.150
16.550
16.950
17.350
17.730
18.130
18.520
18.920
19.310
19.710
20.100
20.510
20.890
21.290
21.680
22.080
22.470
22.860
23.260
23.590
23.950
24.310
24.650
25.030
25.430
25.830
26.220
26.610
27.010
27.410
27.810
28.190
28.590
28.990
29.380
29.770
30.170
30.570
30.960
31.350
31.750
32.150
32.540
32.950
33.330
33.730
34.110
34.510
34.910
35.310
35.700
36.100
36.490
36.890
37.280
37.680
38.070
38.470
38.860
39.250
39.650
40.050
40.450
40.830
41.230
41.630
42.020
42.420
42.810
43.210
43.600
43.990
44.390
44.790
45.180
45.570
45.970
46.370
46.760
47.150
47.550
47.940
48.340
48.730
49.130
49.540
49.930
50.330
50.700
51.110
51.490
51.880
52.290
52.680
53.070
53.470
53.870
54.270
54.650
55.050
55.440
55.850
56.230
56.630
57.020
57.420
57.810
58.210
58.600
59.000
59.390
59.780
60.190
60.580
60.970
61.370
61.760
62.160
62.560
62.950
63.340
63.740
64.130
64.540
64.920
65.320
65.700
66.100
66.500
66.900
67.280
67.680
68.080
68.480
68.880
69.270
69.660
70.060
70.450
70.840
71.240
71.640
72.020
72.420
72.820
73.220
73.600
74.000
74.400
74.800
75.190
75.590
75.980
76.370
76.770
77.160
77.560
77.960
78.340
78.740
79.140
79.540
79.920
80.320
80.720
81.120
81.500
81.910
82.300
82.700
83.070
83.470
83.880
84.270
84.660
85.050
85.460
85.860
86.240
86.640
87.040
87.430
87.830
88.230
88.610
89.020
89.400
89.790
90.190
90.590
90.980
91.370
91.780
92.180
92.560
92.960
93.360
93.760
94.140
94.540
94.930
