0.040
0.400
0.760
1.120
1.490
1.850
2.210
2.580
2.940
3.310
3.660
4.030
4.390
4.760
5.120
5.480
5.850
6.220
6.570
6.940
7.300
7.670
8.030
8.390
8.750
9.120
9.480
9.840
10.210
10.570
10.930
11.290
11.660
12.030
12.380
12.750
13.120
13.480
13.840
14.200
14.570
14.930
15.290
15.660
16.020
16.380
16.740
17.100
17.470
17.840
18.200
18.570
18.930
19.290
19.650
20.010
20.380
20.750
21.100
21.470
21.830
22.210
22.560
22.930
23.290
23.650
24.010
24.380
24.740
25.110
25.470
25.830
26.200
26.560
26.920
27.290
27.650
28.010
28.380
28.740
29.100
29.470
29.830
30.190
30.560
30.920
31.280
31.640
32.010
32.380
32.730
33.100
33.470
33.830
34.190
34.550
34.920
35.290
35.640
36.010
36.370
36.740
37.100
37.460
37.830
38.190
38.550
38.920
39.280
39.640
40.010
40.370
40.730
41.100
41.460
41.820
42.190
42.550
42.910
43.270
43.640
44.010
44.360
44.730
45.090
45.450
45.820
46.170
46.550
46.930
47.280
47.670
48.040
48.400
48.770
