0.170
0.590
1.020
1.430
1.850
2.270
2.690
3.100
3.520
3.940
4.360
4.780
5.200
5.610
6.030
6.450
6.870
7.290
7.710
8.130
8.550
8.970
9.380
9.800
10.220
10.640
11.050
11.470
11.910
12.330
12.740
13.150
13.570
13.990
14.410
14.820
15.240
15.660
16.080
16.500
16.910
17.330
17.750
18.170
18.590
19.010
19.430
19.840
20.260
20.690
21.100
21.520
21.930
22.360
22.780
23.190
23.610
24.030
24.450
24.870
25.280
25.710
26.120
26.540
26.960
27.380
27.790
28.220
28.630
29.050
29.470
29.890
30.310
30.730
31.140
31.560
31.980
32.400
32.820
33.230
33.650
34.080
34.490
34.910
35.320
35.750
36.170
36.580
37.000
37.420
37.840
38.250
38.670
39.090
39.510
39.920
40.340
40.770
41.190
41.600
42.020
42.440
42.860
43.270
43.690
44.120
44.530
44.940
45.360
45.790
46.200
46.620
47.040
47.460
47.880
48.290
48.710
49.130
49.550
49.970
50.380
50.800
51.220
51.640
52.060
52.480
52.890
53.310
53.730
54.150
54.570
54.980
55.400
55.820
56.240
56.650
57.080
57.490
57.910
58.330
58.750
59.170
59.580
60.000
