0.090
0.500
0.880
1.300
1.690
2.090
2.480
2.890
3.290
3.690
4.080
4.490
4.890
5.280
5.680
6.090
6.500
6.890
7.280
7.690
8.090
8.490
8.880
9.290
9.700
10.090
10.480
10.890
11.290
11.690
12.080
12.490
12.900
13.370
13.810
14.290
14.690
15.090
15.490
15.880
16.290
16.690
17.090
17.490
17.900
18.290
18.690
19.090
19.490
19.880
20.290
20.690
21.080
21.500
21.890
22.300
22.680
23.090
23.490
23.860
24.210
24.560
24.930
25.290
25.700
26.090
26.490
26.900
27.290
27.690
28.090
28.500
28.890
29.290
29.690
30.100
30.490
30.890
31.290
31.700
32.100
32.500
32.890
33.300
33.690
34.100
34.490
34.900
35.300
35.700
36.090
36.500
36.900
