0.190
0.590
0.990
1.370
1.760
2.150
2.540
2.930
3.320
3.710
4.100
4.490
4.880
5.270
5.660
6.050
6.440
6.830
7.230
7.610
8.000
8.390
8.780
9.170
9.560
9.950
10.350
10.730
11.120
11.510
11.900
12.290
12.680
13.070
13.470
13.850
14.240
14.630
15.020
15.410
15.800
16.190
16.590
16.970
17.360
17.750
18.150
18.530
18.920
19.310
19.710
20.090
20.480
20.870
21.260
21.650
22.040
22.430
22.830
23.210
23.610
23.980
24.380
24.770
25.160
25.560
25.940
26.330
26.720
27.110
27.500
27.890
28.280
28.670
29.060
29.450
29.840
30.240
30.620
31.010
31.400
31.800
32.180
32.580
32.970
33.350
33.740
34.130
34.520
34.910
35.300
35.700
36.090
36.480
36.860
37.260
37.640
38.050
38.420
38.820
39.210
39.600
39.980
40.370
40.760
41.160
41.540
41.940
42.330
42.730
43.110
43.500
43.880
44.270
44.660
45.060
45.450
45.840
46.230
46.620
47.000
47.400
47.790
48.180
48.570
48.960
49.350
49.740
