0.330
0.710
1.080
1.460
1.830
2.210
2.590
2.970
3.340
3.710
4.090
4.460
4.850
5.220
5.610
5.980
6.350
6.730
7.110
7.480
7.860
8.240
8.620
8.990
9.360
9.740
10.120
10.490
10.870
11.250
11.630
12.010
12.380
12.750
13.130
13.510
13.880
14.260
14.640
15.010
15.390
15.760
16.140
16.520
16.890
17.270
17.660
18.030
18.400
18.780
19.150
19.530
19.910
20.280
20.660
21.040
21.410
21.790
22.180
22.540
22.940
23.320
23.680
24.060
24.430
24.800
25.180
25.550
25.930
26.300
26.690
27.060
27.440
27.810
28.180
28.570
28.940
29.320
29.700
30.080
30.450
30.830
31.200
31.580
31.950
32.340
32.710
33.090
33.460
33.840
34.210
34.600
34.960
35.340
35.720
36.100
36.470
36.850
37.230
37.610
37.980
38.350
38.730
39.110
39.490
39.860
40.230
40.620
40.990
41.370
41.750
42.130
42.500
42.880
43.250
43.630
44.000
44.390
44.760
45.140
45.510
45.890
46.270
46.640
47.010
47.400
47.770
48.150
48.530
48.900
49.280
49.650
50.020
50.410
50.780
51.160
51.530
51.910
52.290
52.670
53.040
53.420
53.800
54.180
54.550
54.920
55.300
55.680
56.050
56.440
56.810
57.180
57.560
57.930
58.320
58.690
59.060
59.440
59.820
60.210
60.570
60.950
61.330
61.700
62.070
62.460
62.830
63.210
63.580
63.960
64.340
64.720
65.080
65.470
65.850
66.230
66.600
66.980
67.350
67.730
68.100
68.480
68.860
