0.280
0.680
1.070
1.470
1.850
2.240
2.620
3.020
3.400
3.800
4.190
4.590
4.970
5.360
5.740
6.140
6.520
6.920
7.310
7.710
8.090
8.480
8.880
9.260
9.640
10.040
10.430
10.830
11.210
11.600
12.000
12.390
12.770
13.170
13.560
13.960
14.340
14.720
15.120
15.500
15.890
16.290
16.680
17.070
17.460
17.850
18.230
18.630
19.010
19.410
19.800
20.200
20.580
20.970
21.360
21.750
22.130
22.530
22.920
23.310
23.700
24.080
24.480
24.870
25.260
25.660
26.040
26.440
26.820
27.210
27.600
27.990
28.380
28.770
29.160
29.560
29.940
30.320
30.720
31.110
31.510
31.900
32.280
32.680
33.060
33.440
33.840
34.230
34.620
35.010
35.400
35.800
36.180
36.560
36.960
37.350
37.730
38.130
38.530
38.920
39.310
39.690
40.080
40.470
40.850
41.260
41.650
42.040
42.420
42.800
43.190
43.590
43.980
44.380
44.770
45.160
45.550
45.930
46.320
46.720
47.100
47.500
47.890
48.280
48.670
49.050
49.460
49.850
