0.040
0.430
0.830
1.230
1.640
2.030
2.430
2.830
3.240
3.640
4.040
4.430
4.840
5.240
5.640
6.040
6.440
6.840
7.240
7.640
8.040
8.440
8.840
9.240
9.640
10.050
10.440
10.840
11.240
11.650
12.050
12.440
12.840
13.250
13.650
14.050
14.450
14.850
15.250
15.650
16.050
16.450
16.850
17.250
17.650
18.050
18.450
18.840
19.250
19.650
20.050
20.450
20.850
21.260
21.660
22.060
22.460
22.860
23.260
23.660
24.060
24.460
24.860
25.260
25.660
26.060
26.470
26.860
27.260
27.670
28.060
28.460
28.860
29.270
29.670
30.070
30.460
30.860
31.270
31.650
32.060
32.460
32.870
33.270
33.670
34.070
34.470
34.870
35.270
35.670
36.070
36.470
36.870
37.280
37.670
38.070
38.480
38.880
39.290
39.680
40.080
40.480
40.880
41.270
41.680
42.080
42.480
42.880
43.280
43.680
