0.130
0.570
1.000
1.420
1.850
2.290
2.710
3.140
3.570
4.000
4.430
4.850
5.280
5.720
6.140
6.570
6.990
7.430
7.860
8.280
8.710
9.150
9.570
10.000
10.420
10.860
11.290
11.720
12.140
12.570
13.000
13.430
13.860
14.290
14.720
15.150
15.570
16.000
16.440
16.860
17.290
17.720
18.150
18.580
19.000
19.430
19.870
20.290
20.720
21.150
21.580
22.010
22.440
22.860
23.290
23.720
24.150
24.580
25.010
25.440
25.870
26.290
26.720
27.150
27.580
28.010
28.440
28.870
29.300
29.730
30.150
30.580
31.010
31.440
31.870
32.300
32.730
33.160
33.590
34.010
34.440
34.880
35.300
35.720
36.160
36.590
37.010
37.440
37.870
38.310
38.730
39.160
39.590
40.020
40.440
40.870
41.300
41.740
42.170
42.590
43.020
43.450
43.880
