0.100
0.490
0.860
1.230
1.620
2.000
2.360
2.740
3.110
3.490
3.870
4.240
4.620
5.000
5.370
5.740
6.120
6.500
6.870
7.250
7.630
8.020
8.380
8.750
9.130
9.510
9.880
10.250
10.630
10.990
11.380
11.760
12.130
12.530
12.880
13.260
13.640
14.030
14.390
14.760
15.140
15.520
15.890
16.270
16.650
17.030
17.400
17.770
18.150
18.530
18.900
19.270
19.650
20.040
20.400
20.780
21.160
21.550
22.010
22.470
22.840
23.220
23.610
23.970
24.350
24.720
25.110
25.470
25.850
26.230
26.600
26.980
27.350
27.730
28.110
28.480
28.850
29.230
29.610
29.980
30.350
30.740
31.110
31.490
31.860
32.240
32.620
33.000
33.360
33.740
34.120
34.500
34.860
35.240
35.620
36.000
36.370
36.750
37.130
37.500
37.870
38.250
38.630
39.000
39.370
39.750
40.130
40.510
40.870
41.260
41.630
42.010
42.380
42.760
43.140
43.510
43.880
44.260
44.640
45.010
45.380
45.770
46.140
46.520
46.890
47.270
47.640
48.000
48.310
48.630
48.960
49.330
49.700
50.080
50.460
50.840
51.220
51.590
51.960
52.340
52.710
53.090
53.470
53.840
54.220
54.600
54.970
55.340
55.720
56.100
56.470
56.850
57.230
57.600
57.980
58.350
58.720
59.100
59.470
59.860
60.230
60.610
60.980
61.360
61.730
62.110
62.490
62.860
63.240
63.610
63.990
64.360
64.730
65.110
65.490
65.870
66.240
66.620
66.990
67.370
67.740
68.120
68.500
68.870
69.250
69.620
70.000
70.370
70.750
71.130
71.500
71.880
72.250
72.640
73.010
73.380
73.760
74.150
74.510
74.890
75.270
75.650
76.020
76.390
76.770
77.150
77.520
77.890
78.270
78.650
79.020
79.400
79.780
80.170
80.520
80.900
81.280
81.660
82.030
82.500
82.960
83.340
83.720
84.090
84.470
84.850
85.230
85.600
85.970
86.350
86.730
87.100
87.470
87.850
88.230
88.610
88.980
89.360
89.740
90.110
90.480
90.860
91.240
91.610
91.980
92.370
92.740
93.120
93.490
93.870
94.240
94.630
94.990
95.360
95.730
96.110
96.500
96.880
97.250
97.640
98.000
98.380
98.750
99.130
99.500
99.880
100.260
100.640
101.000
101.380
101.760
102.140
102.510
102.890
103.270
103.640
104.010
104.390
104.770
105.150
105.520
105.890
106.270
106.660
107.020
107.400
107.780
108.160
108.540
108.910
