0.150
0.520
0.890
1.270
1.640
2.030
2.400
2.770
3.160
3.530
3.910
4.290
4.660
5.040
5.420
5.800
6.180
6.550
6.930
7.300
7.670
8.060
8.440
8.810
9.200
9.570
9.950
10.330
10.690
11.080
11.460
11.830
12.220
12.590
12.970
13.350
13.710
14.100
14.480
14.860
15.240
15.610
15.990
16.370
16.730
17.110
17.490
17.870
18.250
18.620
19.000
19.390
19.750
20.130
20.510
20.890
21.280
21.640
22.020
22.400
22.770
23.150
23.520
23.890
24.270
24.630
24.930
25.230
25.530
25.820
26.120
26.430
26.730
27.020
27.320
27.620
27.930
28.230
28.530
28.820
29.140
29.450
29.740
30.040
30.340
30.650
30.950
31.250
31.550
31.840
32.150
32.440
32.750
33.040
33.340
33.640
33.950
34.250
34.550
34.840
35.140
35.440
35.750
