0.130
0.500
0.890
1.280
1.670
2.050
2.440
2.830
3.220
3.610
4.000
4.390
4.780
5.160
5.550
5.940
6.330
6.720
7.100
7.500
7.890
8.270
8.660
9.050
9.440
9.830
10.210
10.610
11.000
11.390
11.780
12.180
12.560
12.950
13.330
13.720
14.110
14.500
14.880
15.270
15.660
16.050
16.430
16.820
17.210
17.600
17.990
18.380
18.770
19.160
19.540
19.930
20.320
20.710
21.100
21.490
21.880
22.270
22.650
23.040
23.430
23.820
24.210
24.600
24.980
25.370
25.760
26.150
26.540
26.930
27.320
27.710
28.100
28.490
28.870
29.260
29.650
30.040
30.430
30.820
31.210
31.600
31.980
32.370
32.760
33.150
33.540
33.930
34.320
34.710
35.090
35.480
35.870
