0.340
0.740
1.110
1.490
1.860
2.250
2.620
2.990
3.380
3.750
4.120
4.500
4.890
5.260
5.630
6.010
6.390
6.760
7.130
7.510
7.890
8.270
8.640
9.010
9.390
9.770
10.140
10.520
10.900
11.280
11.650
12.020
12.400
12.780
13.160
13.530
13.910
14.290
14.660
15.030
15.410
15.790
16.160
16.540
16.920
17.300
17.670
18.050
18.430
18.800
19.180
19.560
19.930
20.310
20.680
21.050
21.430
21.810
22.180
22.570
22.950
23.320
23.690
24.070
24.450
24.820
25.200
25.580
25.950
26.330
26.700
27.080
27.450
27.830
28.200
28.580
28.960
29.330
29.710
30.090
30.470
30.840
31.220
31.600
31.970
32.350
32.720
33.110
33.480
33.850
34.230
34.600
34.970
35.350
35.730
36.110
36.500
36.870
37.240
37.630
38.000
38.370
38.740
39.130
39.500
39.880
40.240
40.620
40.990
41.370
41.750
42.130
42.520
42.890
43.260
43.650
44.020
44.390
44.760
45.160
45.530
45.900
46.270
46.640
47.030
47.400
47.780
48.150
48.540
48.910
49.280
49.670
50.040
50.420
50.790
51.170
51.550
51.920
52.290
52.680
53.050
53.420
53.800
54.180
54.570
54.930
55.300
55.690
56.060
56.440
56.810
