0.260
0.630
1.010
1.400
1.770
2.160
2.530
2.910
3.310
3.680
4.060
4.450
4.830
5.210
5.590
5.980
6.360
6.730
7.120
7.520
7.890
8.260
8.640
9.030
9.410
9.790
10.170
10.560
10.940
11.320
11.700
12.090
12.460
12.840
13.220
13.620
13.990
14.370
14.750
15.130
15.510
15.890
16.270
16.650
17.040
17.420
17.800
18.190
18.570
18.930
19.320
19.720
20.100
20.470
20.850
21.240
21.620
22.000
22.380
22.770
23.150
23.530
23.900
24.290
24.670
25.050
25.430
25.820
26.180
26.580
26.950
27.340
27.720
28.100
28.480
28.870
29.350
29.820
30.300
30.770
31.340
31.910
32.480
33.050
33.630
34.200
34.770
35.350
35.920
36.500
37.060
37.630
38.200
38.780
39.440
40.110
40.680
41.250
41.820
42.400
42.970
43.540
44.120
44.670
45.250
45.820
46.400
46.970
47.550
