0.190
0.590
0.990
1.390
1.790
2.190
2.590
3.000
3.400
3.790
4.190
4.590
4.990
5.390
5.790
6.200
6.600
7.000
7.400
7.800
8.200
8.600
9.000
9.400
9.800
10.200
10.600
11.000
11.400
11.800
12.200
12.600
13.010
13.400
13.800
14.210
14.610
15.000
15.410
15.810
16.210
16.600
17.010
17.410
17.810
18.200
18.600
19.010
19.410
19.810
20.210
20.610
21.010
21.410
21.810
22.220
22.620
23.010
23.410
23.820
24.230
24.610
25.010
25.420
25.810
26.220
26.620
27.020
27.420
27.820
28.220
28.620
29.020
29.420
29.820
30.220
30.620
31.020
31.420
31.820
32.220
32.620
33.030
33.430
33.820
34.230
34.630
35.030
35.430
35.830
36.230
36.630
37.030
37.420
37.830
38.230
38.630
39.030
39.430
39.830
40.230
40.630
41.030
41.440
41.830
42.230
42.630
43.040
43.430
43.830
44.240
44.640
45.040
45.440
45.840
46.240
46.640
47.040
47.440
47.840
48.240
48.640
49.040
49.440
49.840
