0.300
0.720
1.130
1.550
1.960
2.380
2.790
3.200
3.610
4.040
4.450
4.870
5.280
5.690
6.110
6.520
6.910
7.350
7.770
8.190
8.590
9.010
9.430
9.840
10.250
10.670
11.090
11.500
11.910
12.330
12.750
13.160
13.570
13.990
14.410
14.820
15.240
15.650
16.070
16.480
16.890
17.310
17.730
18.140
18.560
18.970
19.390
19.800
20.210
20.640
21.050
21.460
21.880
22.300
22.710
23.120
23.540
23.960
24.370
24.780
25.200
25.610
26.030
26.440
26.850
27.280
27.690
28.100
28.520
28.940
29.350
29.760
30.170
30.600
31.010
31.420
31.840
32.250
32.670
33.080
33.490
33.910
34.330
34.740
35.160
35.570
35.990
36.400
36.810
