0.190
0.560
0.940
1.320
1.700
2.080
2.470
2.850
3.220
3.600
3.990
4.370
4.730
5.130
5.500
5.870
6.260
6.640
7.030
7.410
7.780
8.160
8.550
8.910
9.300
9.680
10.070
10.430
10.820
11.210
11.580
11.960
12.340
12.730
13.110
13.490
13.870
14.250
14.630
15.010
15.390
15.770
16.160
16.520
16.910
17.290
17.670
18.050
18.430
18.810
19.200
19.560
19.950
20.330
20.720
21.090
21.470
21.850
22.240
22.610
23.000
23.360
23.750
24.140
24.520
24.890
25.280
25.650
26.030
26.410
26.790
27.170
27.550
27.930
28.320
28.690
29.080
29.450
29.830
30.230
30.600
30.980
31.350
31.730
32.120
32.500
32.880
33.250
33.640
34.020
34.400
34.770
35.160
35.540
35.920
36.310
36.680
37.060
37.450
37.810
38.200
38.580
38.960
39.350
39.720
40.100
40.480
40.860
41.240
41.620
41.990
42.370
42.760
43.140
43.520
43.890
44.280
44.660
45.050
45.410
45.800
46.180
46.550
46.930
