0.070
0.450
0.830
1.220
1.610
1.990
2.380
2.760
3.150
3.530
3.920
4.300
4.690
5.070
5.460
5.850
6.230
6.620
7.000
7.390
7.770
8.160
8.550
8.930
9.320
9.700
10.090
10.470
10.860
11.240
11.630
12.010
12.400
12.790
13.170
13.560
13.940
14.330
14.710
15.100
15.480
15.870
16.250
16.640
17.030
17.410
17.790
18.180
18.570
18.950
19.340
19.720
20.110
20.500
20.880
21.260
21.650
22.040
22.420
22.810
23.190
23.580
23.960
24.350
24.730
25.120
25.500
25.890
26.280
26.660
27.050
27.430
27.820
28.200
28.590
28.970
29.360
29.740
30.130
30.510
30.900
31.280
31.670
32.050
32.440
32.820
33.210
33.600
33.990
34.370
34.750
35.140
35.520
35.910
36.290
36.680
37.060
37.450
37.830
38.220
38.610
38.990
39.380
39.760
40.150
40.530
40.920
41.300
41.690
42.080
42.470
42.840
43.230
43.620
44.000
44.380
44.770
45.160
45.540
45.930
46.320
46.700
47.080
47.470
47.860
48.240
48.620
49.010
49.390
49.780
50.170
50.550
50.940
51.320
51.710
52.090
52.480
52.860
53.250
53.630
54.020
54.410
54.790
55.170
55.560
55.950
56.330
56.710
57.100
57.490
57.870
58.260
58.640
59.020
59.410
59.800
60.180
60.570
60.950
61.340
61.720
62.110
62.490
62.880
63.270
63.650
64.040
64.420
64.810
65.190
65.580
65.960
66.350
66.740
67.100
67.500
67.890
68.280
68.660
69.040
69.430
69.820
70.200
70.590
70.970
71.360
71.740
72.130
72.510
72.890
73.280
73.670
