0.270
0.740
1.210
1.680
2.150
2.620
3.090
3.560
4.020
4.500
4.970
5.430
5.910
6.370
6.840
7.310
7.780
8.250
8.720
9.190
9.660
10.130
10.600
11.070
11.540
12.010
12.480
12.950
13.420
13.890
14.360
14.830
15.300
15.770
16.230
16.700
17.180
17.640
18.110
18.580
19.050
19.520
19.990
20.460
20.930
21.400
21.870
22.340
22.800
23.270
23.740
24.210
24.680
25.150
25.620
26.090
26.550
27.030
27.500
27.960
28.430
28.900
29.370
29.850
30.320
30.790
31.260
31.720
32.190
32.670
33.140
33.600
34.070
34.550
35.020
35.490
35.960
36.430
36.900
