0.150
0.520
0.900
1.290
1.650
2.030
2.410
2.770
3.150
3.510
3.910
4.290
4.650
5.030
5.410
5.780
6.150
6.500
6.900
7.280
7.650
8.030
8.410
8.770
9.150
9.510
9.900
10.280
10.650
11.020
11.400
11.770
12.150
12.530
12.900
13.290
13.660
14.040
14.410
14.780
15.150
15.520
15.910
16.300
16.660
17.040
17.410
17.780
18.160
18.530
18.910
19.290
19.660
20.040
20.410
20.790
21.160
21.530
21.920
22.280
22.660
23.030
23.410
23.780
24.160
24.530
24.910
25.290
25.670
26.040
26.420
26.790
27.160
27.540
27.920
28.300
28.660
29.040
29.420
29.790
30.160
30.540
30.920
31.300
31.670
32.040
32.420
32.790
33.160
33.530
33.920
34.290
34.660
35.040
35.410
35.790
