0.150
0.530
0.920
1.300
1.670
2.040
2.410
2.790
3.170
3.540
3.930
4.310
4.670
5.040
5.430
5.800
6.180
6.550
6.940
7.320
7.690
8.050
8.440
8.810
9.190
9.560
9.950
10.330
10.700
11.070
11.450
11.820
12.210
12.570
12.970
13.340
13.710
14.080
14.460
14.830
15.210
15.580
15.970
16.350
16.710
17.090
17.470
17.840
18.230
18.590
18.970
19.360
19.740
20.100
20.480
20.850
21.230
21.620
21.990
22.390
22.750
23.110
23.490
23.860
24.230
24.620
24.990
25.370
25.740
26.120
26.500
26.870
27.250
27.620
28.000
28.380
28.750
29.130
29.510
29.880
30.270
30.640
31.010
31.390
31.760
32.140
32.520
32.890
33.270
33.640
34.020
34.390
34.770
35.150
35.530
35.900
36.280
36.660
37.030
37.400
37.780
38.160
38.540
38.910
39.290
39.660
40.040
40.420
40.790
41.170
41.550
41.920
42.310
42.680
43.050
43.420
43.800
44.180
44.560
44.930
45.310
45.680
46.060
46.430
46.810
