0.020
0.380
0.750
1.110
1.480
1.840
2.210
2.570
2.930
3.300
3.660
4.020
4.390
4.760
5.120
5.480
5.850
6.210
6.580
6.940
7.310
7.660
8.030
8.390
8.760
9.120
9.490
9.850
10.220
10.580
10.940
11.310
11.670
12.040
12.410
12.760
13.130
13.490
13.860
14.220
14.590
14.950
15.320
15.680
16.050
16.410
16.770
17.140
17.500
17.870
18.230
18.590
18.960
19.320
19.690
20.050
20.420
20.780
21.150
21.500
21.870
22.230
22.590
22.960
23.330
23.690
24.060
24.420
24.790
25.150
25.520
25.880
26.240
26.600
26.970
27.330
27.700
28.060
28.420
28.790
29.150
29.520
29.880
30.240
30.610
30.970
31.340
31.700
32.080
32.440
32.790
33.150
33.520
33.880
34.250
34.610
34.980
35.340
35.710
36.070
36.440
36.800
37.160
37.530
37.890
38.250
38.620
38.970
39.350
39.720
40.070
40.440
40.800
41.170
41.530
41.890
42.260
42.620
42.990
43.350
43.720
44.070
44.440
44.810
45.180
45.540
45.900
46.270
46.630
46.990
47.360
47.720
48.080
48.440
48.810
49.180
49.540
49.900
50.270
50.630
51.000
51.360
51.720
52.090
52.450
52.820
53.180
53.540
53.910
