0.110
0.500
0.900
1.290
1.670
2.050
2.450
2.820
3.210
3.600
3.990
4.380
4.760
5.140
5.540
5.920
6.310
6.690
7.080
7.460
7.860
8.240
8.630
9.000
9.400
9.780
10.180
10.570
10.950
11.330
11.730
12.110
12.590
13.070
13.460
13.840
14.230
14.610
15.000
15.390
15.780
16.170
16.550
16.950
17.330
17.710
18.100
18.500
18.870
19.260
19.650
20.030
20.420
20.800
21.190
21.580
21.960
22.350
22.740
23.120
23.520
23.900
24.280
24.670
25.060
25.450
25.840
26.220
26.610
26.990
27.380
27.770
28.150
28.540
28.930
29.310
29.710
30.090
30.470
30.860
31.250
31.630
32.030
32.410
32.800
33.190
33.570
33.960
34.350
34.740
35.120
35.510
35.900
36.280
36.670
