0.060
0.400
0.760
1.110
1.460
1.810
2.150
2.500
2.860
3.200
3.550
3.900
4.250
4.590
4.940
5.290
5.640
5.990
6.340
6.680
7.040
7.390
7.730
8.080
8.430
8.770
9.120
9.470
9.820
10.170
10.510
10.860
11.220
11.560
11.910
12.260
12.610
12.950
13.300
13.650
14.000
14.350
14.690
15.040
15.400
15.740
16.080
16.430
16.790
17.130
17.480
17.830
18.180
18.520
18.870
19.220
19.570
19.920
20.270
20.620
20.970
21.310
21.660
22.010
22.360
22.700
23.050
23.400
23.760
24.100
24.440
24.790
25.150
25.490
25.840
26.190
26.540
26.890
27.230
27.580
27.940
28.270
28.620
28.980
29.330
29.670
30.020
30.370
30.730
31.070
31.410
31.760
32.120
32.460
32.810
33.160
33.510
33.850
34.200
34.550
34.900
35.240
35.590
35.940
36.300
36.640
36.990
37.330
37.690
38.030
38.380
38.730
39.080
39.420
39.770
40.120
40.480
40.820
41.160
41.520
41.870
42.210
42.560
42.910
43.260
43.610
43.960
44.300
44.650
45.000
45.350
45.700
46.050
46.400
46.740
47.090
47.450
47.780
48.130
48.480
48.840
49.180
49.530
49.880
50.230
50.570
50.920
51.270
51.630
51.980
52.320
52.670
53.020
53.360
53.710
54.060
54.420
54.760
55.100
55.450
55.810
56.150
56.500
56.840
57.200
57.540
57.890
58.240
58.600
58.940
59.280
59.640
59.990
