0.060
0.420
0.770
1.120
1.480
1.830
2.190
2.540
2.890
3.250
3.600
3.960
4.310
4.670
5.020
5.370
5.730
6.080
6.440
6.790
7.150
7.500
7.850
8.200
8.560
8.920
9.270
9.620
9.980
10.330
10.690
11.040
11.400
11.750
12.100
12.460
12.820
13.170
13.520
13.870
14.230
14.590
14.940
15.290
15.650
16.000
16.350
16.710
17.060
17.410
17.770
18.120
18.480
18.830
19.190
19.540
19.900
20.250
20.600
20.960
21.310
21.670
22.020
22.370
22.730
23.080
23.440
23.800
24.160
24.510
24.850
25.210
25.570
25.930
26.270
26.630
26.990
27.340
27.690
28.050
28.400
28.760
29.100
29.460
29.820
30.180
30.520
30.880
31.230
31.590
31.930
32.290
32.650
33.010
33.350
33.710
34.070
34.420
34.760
