0.070
0.450
0.830
1.210
1.590
1.970
2.350
2.730
3.110
3.480
3.860
4.250
4.620
5.000
5.380
5.760
6.140
6.510
6.890
7.280
7.650
8.030
8.410
8.790
9.170
9.540
9.920
10.310
10.680
11.060
11.440
11.810
12.200
12.580
12.960
13.340
13.720
14.090
14.480
14.850
15.230
15.610
16.000
16.370
16.740
17.120
17.510
17.880
18.260
18.640
19.030
19.400
19.780
20.150
20.540
20.910
21.290
21.670
22.050
22.430
22.810
23.180
23.570
23.940
24.320
24.700
25.080
25.460
25.840
26.210
26.600
26.970
27.350
27.730
28.110
28.490
28.870
29.240
29.630
30.000
30.380
30.760
31.140
31.520
31.900
32.270
32.660
33.030
33.410
33.790
34.170
34.550
34.930
35.300
35.690
36.050
36.440
36.820
37.200
37.580
37.950
38.330
38.710
39.090
39.470
39.850
40.230
40.610
40.980
41.360
41.740
42.120
42.500
42.880
43.260
43.640
44.010
44.390
44.770
45.150
45.530
45.910
46.300
46.670
47.040
47.420
47.790
