0.140
0.540
0.940
1.350
1.740
2.150
2.550
2.950
3.350
3.750
4.150
4.550
4.950
5.350
5.760
6.160
6.550
6.960
7.360
7.760
8.150
8.550
8.960
9.360
9.760
10.160
10.560
10.960
11.360
11.760
12.170
12.570
12.960
13.370
13.770
14.170
14.560
14.970
15.370
15.770
16.170
16.570
16.970
17.370
17.770
18.170
18.570
18.970
19.370
19.780
20.180
20.580
20.970
21.380
21.780
22.180
22.580
22.980
23.380
23.780
24.180
24.580
24.990
25.390
25.780
26.190
26.590
26.990
27.380
27.790
28.190
28.590
28.990
29.390
29.790
30.190
30.590
30.990
31.400
31.800
32.190
32.600
33.000
33.400
33.790
34.200
34.600
35.000
35.400
35.800
36.200
36.600
36.990
