0.310
0.660
1.030
1.380
1.720
2.080
2.440
2.790
3.140
3.490
3.850
4.200
4.550
4.910
5.260
5.620
5.970
6.320
6.680
7.030
7.380
7.730
8.090
8.440
8.790
9.140
9.500
9.860
10.200
10.560
10.920
11.270
11.620
11.970
12.330
12.680
13.020
13.390
13.740
14.090
14.440
14.790
15.160
15.500
15.850
16.210
16.560
16.920
17.270
17.620
17.980
18.330
18.680
19.030
19.390
19.740
20.090
20.450
20.800
21.160
21.510
21.860
22.220
22.550
22.920
23.270
23.630
23.980
24.330
24.690
25.040
25.390
25.740
26.100
26.460
26.810
27.160
27.510
27.870
28.220
28.570
28.920
29.280
29.630
29.980
30.340
30.700
31.050
31.390
31.750
32.110
32.460
32.810
33.160
33.520
33.870
34.220
34.570
34.930
35.280
35.630
35.990
36.340
36.690
37.040
37.400
37.760
38.110
38.460
38.810
39.170
39.520
39.870
40.220
40.590
40.930
41.280
41.640
42.000
42.350
42.700
43.050
43.410
43.760
44.110
44.470
44.820
45.160
45.530
45.870
