0.000
0.350
0.720
1.100
1.470
1.850
2.210
2.590
2.960
3.340
3.710
4.080
4.450
4.830
5.200
5.570
5.950
6.320
6.690
7.070
7.440
7.820
8.190
8.560
8.940
9.310
9.680
10.050
10.430
10.810
11.170
11.550
11.920
12.300
12.660
13.040
13.410
13.780
14.150
14.520
14.890
15.270
15.640
16.010
16.380
16.760
17.130
17.500
17.880
18.250
18.620
18.990
19.360
19.740
20.120
20.500
21.040
21.610
22.170
22.720
23.290
23.940
24.570
25.150
25.740
26.370
26.940
27.570
28.130
28.700
29.350
29.970
30.560
31.120
31.670
32.230
32.790
