0.270
0.670
1.070
1.460
1.860
2.270
2.670
3.080
3.470
3.880
4.280
4.670
5.080
5.490
5.890
6.290
6.680
7.090
7.490
7.890
8.290
8.700
9.100
9.490
9.900
10.300
10.710
11.110
11.510
11.910
12.320
12.720
13.120
13.520
13.920
14.330
14.730
15.130
15.530
15.930
16.330
16.730
17.140
17.540
17.940
18.340
18.740
19.140
19.530
19.950
20.350
20.750
21.140
21.550
21.960
22.360
22.740
23.160
23.560
23.960
24.370
24.770
25.170
25.570
25.970
26.370
26.780
27.180
27.580
27.980
28.380
28.790
29.180
29.580
29.990
30.390
30.790
31.190
31.600
32.000
32.400
32.800
33.200
33.600
34.000
34.400
34.810
35.210
35.610
36.000
