0.060
0.450
0.860
1.250
1.650
2.050
2.450
2.860
3.250
3.660
4.050
4.460
4.860
5.260
5.660
6.060
6.450
6.860
7.260
7.660
8.060
8.460
8.860
9.260
9.640
10.060
10.450
10.860
11.250
11.650
12.050
12.450
12.850
13.260
13.650
14.060
14.460
14.860
15.260
15.660
16.050
16.440
16.860
17.250
17.650
18.050
18.460
18.850
19.250
19.650
20.050
20.460
20.860
21.250
21.650
22.050
22.450
22.850
23.250
23.650
24.040
24.450
24.850
25.250
25.660
26.050
26.450
26.850
27.260
27.650
28.060
28.450
28.850
29.250
29.650
30.050
30.450
30.850
31.250
31.660
32.050
32.450
32.850
33.250
33.660
34.050
34.460
34.850
35.250
35.650
36.060
36.450
36.850
