0.210
0.620
1.020
1.420
1.810
2.220
2.620
3.010
3.420
3.820
4.210
4.610
5.010
5.420
5.810
6.210
6.620
7.020
7.420
7.810
8.210
8.620
9.020
9.410
9.820
10.220
10.620
11.020
11.420
11.820
12.220
12.610
13.020
13.420
13.830
14.220
14.620
15.020
15.430
15.820
16.220
16.620
17.020
17.420
17.820
18.220
18.620
19.020
19.420
19.830
20.230
20.620
21.020
21.430
21.830
22.220
22.620
23.030
23.420
23.820
24.220
24.630
25.030
25.420
25.820
26.230
26.630
27.020
27.420
27.830
28.230
28.620
29.030
29.430
29.830
30.220
30.620
31.030
31.430
31.820
32.230
32.630
33.030
33.420
33.830
34.230
34.640
35.030
35.430
35.830
