0.320
0.760
1.220
1.690
2.150
2.600
3.050
3.520
3.970
4.430
4.890
5.360
5.810
6.260
6.730
7.190
7.650
8.100
8.550
9.020
9.480
9.930
10.380
10.850
11.310
11.760
12.220
12.690
13.140
13.590
14.050
14.520
14.980
15.420
15.880
16.350
16.800
17.260
17.710
18.190
18.640
19.090
19.550
20.020
20.470
20.920
21.380
21.850
22.300
22.750
23.210
23.680
24.130
24.590
25.050
25.520
25.970
26.420
26.880
27.350
27.800
28.250
28.710
29.180
29.630
30.090
30.540
31.010
31.470
31.920
32.380
32.850
33.310
33.750
34.210
34.680
35.130
35.580
36.040
36.510
36.960
37.420
37.870
38.340
38.790
39.250
39.710
40.180
40.640
41.080
41.540
42.010
42.460
42.920
43.370
43.840
44.290
44.750
45.210
45.690
46.150
46.610
47.060
47.530
47.980
48.440
48.900
49.350
49.810
50.280
50.730
51.200
51.670
52.110
52.570
53.040
53.490
53.940
54.400
54.870
55.330
55.780
56.230
56.700
57.150
57.610
58.070
58.540
58.980
59.440
59.900
60.370
60.820
61.280
61.730
62.200
62.660
63.110
63.570
64.030
64.490
64.940
65.400
65.870
66.320
66.770
67.230
67.710
68.150
68.600
69.070
69.540
69.990
70.440
70.900
71.370
71.820
72.270
72.730
73.200
73.650
74.110
74.560
75.040
75.480
75.940
76.400
76.870
77.320
77.780
78.230
78.700
79.150
79.600
80.060
80.530
80.980
