0.020
0.390
0.760
1.140
1.520
1.890
2.260
2.660
3.040
3.420
3.790
4.170
4.550
4.940
5.300
5.690
6.070
6.450
6.820
7.200
7.580
7.940
8.330
8.710
9.090
9.460
9.850
10.230
10.610
10.990
11.360
11.740
12.130
12.500
12.880
13.260
13.630
14.010
14.390
14.770
15.150
15.530
15.910
16.280
16.660
17.040
17.420
17.800
18.180
18.560
18.930
19.310
19.680
20.070
20.450
20.820
21.210
21.590
21.960
22.340
22.720
23.090
23.480
23.850
24.240
24.610
24.990
25.370
25.750
26.120
26.500
26.880
27.270
27.640
28.020
28.400
28.770
29.160
29.530
29.910
30.290
30.670
31.050
31.420
31.800
32.180
32.550
32.920
33.310
33.690
34.080
34.450
34.820
35.200
35.580
35.970
36.350
36.730
37.100
37.480
37.850
38.230
38.610
39.000
39.380
39.760
40.130
40.510
40.880
41.250
41.640
42.020
42.410
42.780
43.160
43.540
43.910
44.290
44.670
45.060
45.430
45.820
46.190
46.560
46.940
47.320
47.700
48.080
48.460
48.820
49.210
49.590
49.960
50.350
50.720
51.110
51.490
51.860
52.240
52.620
52.990
53.380
53.750
54.140
54.520
54.880
55.280
55.650
56.020
56.410
56.780
57.180
57.540
57.930
58.300
58.680
59.050
59.420
59.810
60.190
60.560
60.940
