0.010
0.400
0.790
1.170
1.560
1.930
2.320
2.700
3.090
3.470
3.860
4.250
4.630
5.010
5.400
5.780
6.170
6.550
6.940
7.320
7.710
8.090
8.480
8.850
9.250
9.620
10.020
10.390
10.790
11.160
11.550
11.940
12.320
12.710
13.090
13.470
13.860
14.250
14.630
15.010
15.400
15.780
16.170
16.560
16.940
17.310
17.710
18.090
18.470
18.870
19.250
19.630
20.020
20.400
20.790
21.170
21.560
21.940
22.320
22.700
23.090
23.460
23.860
24.240
24.620
25.010
25.400
25.780
26.170
26.550
26.940
27.320
27.710
28.090
28.480
28.860
29.250
29.630
30.010
30.400
30.790
31.170
31.560
31.940
32.330
32.700
33.090
33.480
33.860
34.240
34.630
35.020
35.400
35.780
36.170
36.560
36.940
37.320
37.710
38.090
38.480
38.860
39.250
39.630
40.020
40.400
40.780
41.170
41.560
41.940
42.320
42.710
43.100
43.470
43.860
44.250
44.630
45.010
45.400
45.780
46.170
46.550
46.940
47.320
47.710
48.090
48.470
48.850
49.240
49.630
50.020
50.400
50.790
51.170
51.550
51.940
52.320
52.700
53.090
53.470
53.870
54.240
54.630
55.020
55.400
55.780
56.170
56.550
56.940
57.320
57.710
58.090
58.480
58.860
59.250
59.630
60.020
60.400
60.780
61.180
61.560
61.930
62.330
62.710
63.100
63.470
63.870
64.240
64.630
65.010
65.400
65.780
66.180
66.550
66.940
67.330
67.710
68.090
68.470
68.870
69.250
69.620
70.010
70.400
70.790
