0.240
0.630
1.020
1.400
1.800
2.180
2.580
2.970
3.360
3.750
4.140
4.530
4.920
5.310
5.700
6.090
6.480
6.870
7.260
7.650
8.040
8.430
8.830
9.210
9.600
9.990
10.390
10.770
11.160
11.550
11.950
12.330
12.730
13.230
13.710
14.090
14.490
14.870
15.270
15.650
16.050
16.440
16.830
17.220
17.610
18.000
18.390
18.790
19.180
19.560
19.950
20.350
20.730
21.130
21.510
21.900
22.300
22.690
23.070
23.470
23.860
24.240
24.630
25.030
25.420
25.810
26.200
26.590
26.980
27.370
27.760
28.140
28.540
28.930
29.320
29.710
30.100
30.490
30.880
31.270
31.660
32.050
32.440
32.840
33.220
33.610
34.000
34.390
34.790
35.180
35.560
35.960
36.340
36.740
