0.200
0.660
1.110
1.570
2.020
2.480
2.930
3.390
3.840
4.300
4.750
5.210
5.660
6.120
6.570
7.030
7.480
7.940
8.390
8.850
9.300
9.770
10.210
10.670
11.120
11.590
12.030
12.500
12.970
13.400
13.870
14.310
14.760
15.220
15.670
16.130
16.590
17.040
17.490
17.950
18.410
18.860
19.320
19.770
20.230
20.680
21.130
21.590
22.050
22.500
22.960
23.410
23.870
24.320
24.780
25.230
25.690
26.140
26.590
27.050
27.500
27.960
28.410
28.870
29.320
29.780
30.230
30.690
31.150
31.600
32.060
32.510
32.970
33.420
33.880
34.330
34.790
35.240
35.700
36.150
36.610
37.060
37.520
37.970
38.430
38.880
39.340
39.790
40.250
40.700
41.160
41.610
42.070
42.520
42.980
43.430
43.890
44.350
44.800
45.260
45.710
46.170
46.620
47.080
47.530
47.990
48.440
48.900
49.350
49.810
50.260
50.720
51.170
51.630
52.080
52.540
52.990
53.450
53.900
54.360
54.810
55.270
55.720
56.180
56.630
57.090
57.540
58.000
58.450
58.910
59.360
59.820
60.270
60.730
61.180
61.640
62.090
62.550
63.000
63.460
63.910
64.370
64.820
65.280
65.740
66.190
66.640
67.100
67.550
68.020
68.460
68.920
69.380
69.830
70.280
70.740
71.190
71.650
