0.000
0.380
0.760
1.150
1.520
1.910
2.300
2.680
3.060
3.450
3.830
4.220
4.600
4.980
5.360
5.740
6.120
6.510
6.890
7.270
7.640
8.040
8.420
8.800
9.180
9.560
9.950
10.340
10.710
11.100
11.480
11.860
12.240
12.630
13.010
13.390
13.760
14.160
14.540
14.920
15.300
15.690
16.070
16.460
16.830
17.220
17.600
17.980
18.360
18.750
19.130
19.510
19.880
20.280
20.660
21.040
21.420
21.810
22.200
22.580
22.950
23.340
23.720
24.110
24.480
24.870
25.250
25.630
26.020
26.400
26.780
27.160
27.540
27.930
28.310
28.700
29.080
29.460
29.840
30.230
30.600
30.990
31.370
31.750
32.130
32.520
32.900
33.280
33.660
34.050
34.430
34.820
35.190
35.580
35.960
36.350
36.720
37.110
37.490
37.870
38.250
38.640
39.020
39.400
39.780
40.170
40.550
40.940
41.320
41.700
42.080
42.470
42.840
43.230
43.610
44.000
44.380
44.760
45.140
45.520
45.900
