0.270
0.680
1.080
1.500
1.910
2.310
2.720
3.130
3.550
3.950
4.360
4.770
5.180
5.590
6.000
6.410
6.820
7.230
7.640
8.040
8.460
8.870
9.280
9.690
10.100
10.500
10.910
11.330
11.740
12.140
12.550
12.960
13.380
13.780
14.190
14.600
15.000
15.410
15.830
16.240
16.650
17.060
17.470
17.880
18.290
18.690
19.100
19.510
19.920
20.330
20.750
21.150
21.560
21.970
22.380
22.790
23.200
23.610
24.020
24.430
24.840
25.240
25.660
26.060
26.470
26.890
27.300
27.710
28.120
28.520
28.930
29.350
29.760
30.160
30.570
30.990
31.400
31.820
