0.340
0.730
1.100
1.470
1.820
2.200
2.560
2.910
3.270
3.650
4.010
4.370
4.720
5.110
5.460
5.820
6.170
6.560
6.910
7.270
7.620
8.010
8.360
8.720
9.070
9.460
9.820
10.180
10.530
10.910
11.270
11.630
11.990
12.360
12.730
13.090
13.450
13.820
14.180
14.540
14.910
15.270
15.630
15.990
16.360
16.720
17.090
17.440
17.810
18.170
18.540
18.890
19.260
19.620
19.990
20.340
20.710
21.070
21.440
21.790
22.160
22.520
22.890
23.240
23.610
23.970
24.340
24.710
25.070
25.420
25.800
26.160
26.520
26.870
27.240
27.610
27.970
28.320
28.690
29.050
29.420
29.770
30.140
30.500
30.870
31.220
31.590
31.950
32.310
32.670
33.040
33.400
33.760
34.120
34.490
34.840
35.210
35.570
35.930
36.290
36.660
37.020
37.380
37.740
38.110
38.470
38.830
39.190
39.560
39.920
40.280
40.640
41.010
41.370
41.730
42.100
42.460
42.820
43.180
43.540
43.910
44.260
44.630
44.990
45.360
45.710
46.080
46.440
46.810
47.160
47.530
47.890
48.260
48.610
48.980
49.340
49.700
50.060
50.430
50.790
51.160
51.520
51.880
52.240
52.610
52.960
53.330
53.690
54.060
54.420
54.780
55.140
55.510
55.870
56.230
56.590
56.960
