0.070
0.460
0.820
1.200
1.580
1.950
2.320
2.710
3.080
3.460
3.830
4.200
4.580
4.960
5.340
5.710
6.080
6.460
6.830
7.210
7.580
7.960
8.340
8.720
9.090
9.460
9.830
10.220
10.580
10.960
11.330
11.700
12.090
12.470
12.840
13.200
13.590
13.970
14.340
14.710
15.080
15.470
15.840
16.220
16.590
16.970
17.350
17.720
18.090
18.470
18.840
19.210
19.590
19.970
20.350
20.730
21.110
21.480
21.850
22.220
22.600
22.980
23.350
23.720
24.100
24.470
24.840
25.220
25.600
25.980
26.350
26.730
27.100
27.480
27.850
28.230
28.600
28.980
29.360
29.730
30.100
30.480
30.850
31.230
31.610
31.980
32.360
32.740
33.150
33.520
33.930
34.320
34.710
