0.080
0.470
0.830
1.200
1.570
1.950
2.340
2.710
3.080
3.480
3.840
4.200
4.590
4.960
5.350
5.720
6.100
6.500
6.860
7.220
7.600
7.970
8.370
8.740
9.110
9.510
9.870
10.230
10.610
10.980
11.370
11.750
12.130
12.520
12.880
13.250
13.620
14.000
14.390
14.760
15.130
15.530
15.890
16.250
16.630
17.010
17.400
17.770
18.140
18.540
18.900
19.260
19.640
20.020
20.410
20.780
21.150
21.550
21.920
22.280
22.660
23.030
23.420
23.800
24.180
24.560
24.920
25.290
25.670
26.050
26.420
26.800
27.180
27.570
27.940
28.300
28.680
29.060
29.450
29.820
30.190
30.590
30.950
31.320
31.700
32.070
32.450
32.830
33.210
33.600
33.960
34.440
34.900
35.280
35.650
36.020
36.410
36.780
37.180
37.540
37.920
38.290
38.670
39.040
39.420
39.800
40.190
40.550
40.930
41.300
41.680
42.050
42.440
42.810
43.200
43.570
43.940
44.320
44.700
45.070
45.450
45.830
46.220
46.590
46.960
47.330
47.720
48.090
48.460
48.840
49.220
49.590
49.970
50.340
50.730
51.100
51.480
51.850
52.240
52.610
52.990
53.360
53.740
54.110
54.490
54.860
55.250
55.620
55.990
56.370
56.760
57.130
57.500
57.880
58.270
58.630
59.010
59.390
59.760
60.140
60.520
60.890
61.270
61.640
62.020
62.400
62.780
63.150
63.530
63.900
64.300
64.660
65.040
65.410
65.790
66.170
66.540
66.910
67.300
67.670
68.040
68.420
68.810
69.180
69.550
69.930
70.320
70.680
