0.300
0.720
1.120
1.540
1.940
2.360
2.750
3.160
3.580
4.000
4.400
4.810
5.210
5.630
6.040
6.450
6.860
7.280
7.680
8.090
8.500
8.920
9.320
9.730
10.150
10.560
10.960
11.370
11.770
12.190
12.600
13.010
13.420
13.840
14.250
14.660
15.060
15.480
15.880
16.290
16.710
17.120
17.520
17.930
18.340
18.760
19.170
19.570
19.980
20.400
20.810
21.210
21.620
22.040
22.440
22.850
23.270
23.680
24.090
24.500
24.900
25.320
25.730
26.130
26.540
26.960
27.370
27.780
28.180
28.600
29.000
29.420
29.830
30.240
30.650
31.060
31.460
31.880
32.290
32.690
33.110
33.520
33.930
34.340
34.750
35.170
35.570
35.980
36.400
36.810
37.210
37.610
38.020
38.440
38.850
39.250
39.670
