0.180
0.620
1.060
1.500
1.960
2.410
2.850
3.300
3.750
4.200
4.640
5.080
5.540
5.990
6.420
6.880
7.330
7.790
8.220
8.670
9.120
9.580
10.010
10.470
10.920
11.360
11.800
12.250
12.710
13.150
13.590
14.040
14.500
14.940
15.380
15.830
16.280
16.720
17.170
17.620
18.080
18.510
18.970
19.410
19.880
20.300
20.750
21.200
21.660
22.090
22.550
22.990
23.450
23.890
24.340
24.790
25.240
25.680
26.130
26.580
27.030
27.470
27.910
28.360
28.820
29.260
29.710
30.160
30.610
31.050
31.500
31.950
32.400
32.840
33.290
33.740
34.190
34.630
35.080
35.530
35.990
36.430
36.870
37.320
37.780
38.210
38.680
39.110
39.570
40.020
40.480
40.930
41.350
41.800
42.240
42.700
43.150
43.590
44.040
44.490
44.940
45.380
45.830
46.280
46.730
47.170
47.620
48.070
48.530
48.960
49.410
49.860
50.320
50.750
51.200
51.650
52.110
52.540
53.000
53.450
53.910
54.350
54.790
55.240
55.700
56.130
56.570
57.030
57.480
57.920
58.370
58.820
59.280
59.710
60.160
60.610
61.060
61.500
61.950
62.400
62.860
63.290
63.740
64.190
64.650
65.090
65.530
65.980
66.440
66.870
67.320
67.780
68.230
68.670
69.110
69.560
70.020
70.570
71.130
71.580
72.020
72.470
72.920
73.370
73.810
74.260
74.720
75.150
75.600
76.060
76.510
76.950
77.400
77.850
78.300
78.750
79.190
79.640
80.080
80.530
80.980
81.420
81.880
82.330
82.770
83.220
83.790
84.340
84.790
85.230
85.680
86.130
86.580
87.020
87.470
87.920
88.370
88.820
89.270
89.710
90.160
90.610
91.060
91.510
91.950
92.400
92.850
93.300
93.740
94.190
94.640
95.080
95.530
95.980
96.430
96.880
97.330
97.770
98.220
98.670
99.120
99.570
100.020
100.470
100.910
101.360
101.810
102.250
102.700
103.150
103.600
104.040
104.490
104.940
105.390
105.840
106.280
106.730
107.180
107.630
108.080
108.520
108.970
109.420
109.870
110.310
110.760
111.210
111.660
112.110
112.550
113.000
113.450
113.900
