0.110
0.480
0.850
1.220
1.590
1.970
2.330
2.700
3.060
3.430
3.800
4.170
4.530
4.910
5.280
5.640
6.000
6.370
6.740
7.110
7.470
7.850
8.220
8.590
8.950
9.320
9.690
10.060
10.420
10.800
11.160
11.530
11.890
12.260
12.630
13.000
13.360
13.750
14.110
14.480
14.840
15.210
15.580
15.950
16.310
16.690
17.050
17.420
17.780
18.150
18.520
18.890
19.250
19.630
19.990
20.360
20.730
21.100
21.470
21.840
22.200
22.580
22.950
23.290
23.670
24.050
24.410
24.780
25.140
25.530
25.890
26.250
26.620
26.990
27.360
27.720
28.080
28.460
28.830
29.200
29.570
29.930
30.300
30.670
31.030
31.410
31.770
32.140
32.510
32.880
33.250
33.610
33.980
34.360
34.720
35.090
35.450
35.820
36.190
36.560
36.920
37.300
37.660
38.030
38.390
38.770
39.130
39.500
39.860
40.250
40.610
40.980
41.340
41.710
42.080
42.440
42.810
43.190
43.550
43.920
44.280
44.650
45.030
45.390
45.750
