0.040
0.420
0.810
1.200
1.600
1.980
2.360
2.750
3.150
3.530
3.910
4.310
4.700
5.090
5.460
5.860
6.250
6.640
7.010
7.400
7.790
8.190
8.560
8.950
9.340
9.730
10.110
10.500
10.900
11.290
11.670
12.050
12.440
12.830
13.220
13.610
14.000
14.390
14.770
15.160
15.550
15.940
16.320
16.710
17.100
17.490
17.870
18.260
18.640
19.040
19.420
19.810
20.200
20.600
20.980
21.360
21.750
22.140
22.520
22.910
23.310
23.700
24.080
24.470
24.860
25.240
25.630
26.020
26.410
26.800
27.180
27.570
27.960
28.340
28.730
29.120
29.510
29.900
30.280
30.670
31.070
31.460
31.830
32.220
32.610
33.010
33.380
33.770
34.160
34.550
34.930
35.320
35.710
36.110
36.480
36.870
37.260
37.650
38.040
38.420
38.820
39.210
39.590
39.980
40.360
40.760
41.140
41.520
41.910
42.310
42.690
43.080
43.470
43.860
44.240
44.630
45.020
45.410
45.790
46.180
46.570
46.960
47.340
47.730
48.120
48.520
48.890
49.280
49.670
50.060
50.440
50.830
51.220
51.610
51.990
52.380
52.770
53.160
53.540
53.930
54.320
54.720
55.100
55.480
55.870
