0.000
0.430
0.840
1.270
1.710
2.150
2.590
3.020
3.460
3.910
4.320
4.750
5.190
5.630
6.060
6.490
6.940
7.380
7.800
8.230
8.670
9.110
9.540
9.980
10.420
10.860
11.280
11.710
12.150
12.590
13.020
13.460
13.890
14.340
14.760
15.190
15.630
16.070
16.500
16.940
17.380
17.820
18.240
18.670
19.110
19.540
19.980
20.410
20.850
21.290
21.720
22.150
22.590
23.020
23.460
23.890
24.330
24.770
25.190
25.630
26.060
26.500
26.930
27.370
27.800
28.260
28.680
29.110
29.550
29.980
30.420
30.850
31.290
31.730
32.150
32.580
33.020
33.460
33.890
34.330
34.760
35.210
35.630
36.070
36.500
36.930
37.370
37.810
38.240
38.690
39.110
39.540
39.980
40.410
40.850
41.280
41.720
42.170
42.590
43.020
43.460
43.890
44.330
44.760
45.200
45.640
46.070
46.500
46.940
47.370
47.810
48.230
48.680
49.120
49.550
49.980
50.410
50.850
51.290
51.720
52.160
52.600
53.020
53.460
53.890
54.330
54.770
