0.060
0.450
0.830
1.220
1.610
2.000
2.380
2.770
3.160
3.540
3.930
4.320
4.710
5.090
5.480
5.870
6.260
6.640
7.030
7.420
7.810
8.190
8.580
8.960
9.350
9.740
10.120
10.510
10.900
11.290
11.670
12.060
12.450
12.840
13.220
13.610
14.010
14.390
14.770
15.160
15.550
15.930
16.320
16.710
17.110
17.480
17.870
18.260
18.650
19.030
19.420
19.810
20.200
20.580
20.970
21.360
21.750
22.130
22.520
22.910
23.300
23.690
24.070
24.460
24.860
25.230
25.620
26.010
26.400
26.780
27.170
27.560
27.950
28.330
28.710
29.100
29.500
29.880
30.270
30.650
31.040
31.430
31.810
32.200
32.590
32.980
33.360
33.750
34.140
34.530
34.910
35.300
35.690
36.080
36.460
36.850
37.240
37.620
38.010
38.400
38.790
39.170
39.560
39.950
40.340
40.720
41.110
41.500
41.890
42.280
42.660
43.050
43.440
43.820
44.200
44.600
44.990
45.370
45.750
46.140
46.540
46.920
47.300
47.690
48.090
48.470
48.860
