0.120
0.480
0.830
1.190
1.550
1.910
2.270
2.630
3.000
3.350
3.710
4.060
4.420
4.780
5.140
5.510
5.860
6.220
6.580
6.940
7.290
7.650
8.020
8.380
8.740
9.090
9.450
9.810
10.170
10.520
10.890
11.250
11.600
11.970
12.320
12.680
13.040
13.400
13.760
14.120
14.480
14.840
15.200
15.550
15.910
16.270
16.630
16.990
17.350
17.710
18.060
18.420
18.780
19.140
19.510
19.860
20.220
20.580
20.940
21.300
21.660
22.010
22.370
22.730
23.100
23.450
23.810
24.170
24.530
24.880
25.250
25.610
25.970
26.330
26.680
27.050
27.390
27.760
28.110
28.480
28.840
29.200
29.550
29.910
30.270
30.630
30.990
31.360
31.710
32.070
32.420
32.780
33.140
33.500
33.860
34.220
34.570
34.940
35.300
35.650
36.010
36.380
36.740
37.090
37.450
37.810
38.160
38.530
38.870
39.240
39.580
39.960
40.320
40.680
41.030
41.390
41.750
42.110
42.470
42.830
43.190
43.550
43.910
44.260
44.620
44.980
45.340
45.710
46.060
46.420
46.780
47.130
47.490
47.850
