0.090
0.510
0.900
1.310
1.720
2.130
2.520
2.930
3.340
3.750
4.140
4.560
4.960
5.370
5.760
6.170
6.590
7.000
7.390
7.800
8.210
8.620
9.010
9.410
9.830
10.240
10.640
11.040
11.450
11.860
12.260
12.670
13.080
13.480
13.890
14.290
14.700
15.100
15.510
15.910
16.320
16.730
17.130
17.540
17.940
18.350
18.750
19.160
19.560
19.970
20.370
20.780
21.180
21.590
21.990
22.400
22.810
23.210
23.610
24.020
24.430
24.830
25.240
25.640
26.050
26.450
26.860
27.260
27.670
28.070
28.480
28.890
29.290
29.690
30.100
30.510
30.910
31.320
31.720
32.130
32.530
32.940
33.340
33.750
34.150
34.560
34.960
35.370
35.780
36.180
36.590
36.990
37.400
37.800
