0.340
0.700
1.070
1.440
1.800
2.160
2.520
2.890
3.250
3.610
3.980
4.350
4.710
5.070
5.430
5.800
6.170
6.520
6.890
7.260
7.620
7.980
8.340
8.710
9.070
9.430
9.800
10.170
10.530
10.890
11.250
11.620
11.980
12.350
12.710
13.080
13.440
13.810
14.170
14.530
14.890
15.250
15.570
15.890
16.200
16.520
16.890
17.250
17.620
17.980
18.340
18.700
19.070
19.430
19.800
20.160
20.530
20.890
21.250
21.620
21.980
22.340
22.710
23.060
23.440
23.790
24.160
24.530
24.900
25.250
25.620
25.970
26.350
26.700
27.070
27.440
27.800
28.160
28.530
28.890
29.250
29.610
29.980
30.350
30.710
31.070
31.440
31.800
32.160
32.520
32.900
33.260
33.620
33.980
34.350
34.710
35.070
35.430
35.810
36.160
36.530
36.890
37.260
37.620
37.970
38.280
38.600
38.920
39.270
39.630
39.990
40.350
40.720
41.080
41.450
41.800
42.180
42.540
42.900
43.250
43.630
43.990
44.360
44.720
45.090
45.450
45.810
