0.270
0.650
1.050
1.440
1.820
2.210
2.600
2.990
3.380
3.760
4.150
4.530
4.930
5.310
5.700
6.100
6.480
6.860
7.260
7.650
8.030
8.420
8.810
9.200
9.590
9.970
10.360
10.740
11.130
11.520
11.910
12.310
12.690
13.070
13.470
13.860
14.240
14.620
15.020
15.410
15.800
16.180
16.570
16.960
17.350
17.730
18.130
18.520
18.900
19.280
19.680
20.070
20.450
20.840
21.230
21.630
22.010
22.400
22.780
23.170
23.560
23.940
24.340
24.730
25.110
25.500
25.890
26.290
26.660
27.050
27.440
27.830
28.210
28.600
28.990
29.380
29.770
30.160
30.550
30.930
31.330
31.710
32.100
32.490
32.870
33.260
33.650
34.040
34.430
34.820
35.200
35.590
36.000
