0.080
0.430
0.790
1.150
1.520
1.880
2.250
2.610
2.980
3.340
3.700
4.060
4.430
4.790
5.160
5.520
5.890
6.250
6.620
6.970
7.350
7.710
8.070
8.420
8.810
9.160
9.530
9.890
10.260
10.620
10.980
11.340
11.710
12.070
12.440
12.800
13.170
13.530
13.900
14.250
14.620
14.980
15.350
15.710
16.080
16.440
16.810
17.170
17.530
17.890
18.260
18.620
18.990
19.350
19.720
20.080
20.450
20.810
21.170
21.530
21.900
22.260
22.630
22.990
23.350
23.710
24.080
24.440
24.810
25.170
25.540
25.900
26.270
26.630
27.000
27.360
27.720
28.090
28.450
28.810
29.180
29.540
29.910
30.270
30.640
31.000
31.360
31.720
32.090
32.460
32.820
33.180
33.550
33.910
34.270
34.630
35.020
35.370
35.730
36.090
36.460
36.820
37.190
37.550
37.920
38.280
38.640
39.000
39.370
39.730
40.100
40.460
40.830
41.190
41.550
41.910
42.280
42.650
43.000
43.370
43.740
44.100
44.470
44.820
45.190
45.550
45.920
46.270
46.650
47.010
47.370
47.730
48.110
48.460
48.830
49.190
49.570
49.920
50.290
50.640
51.020
51.370
51.740
52.090
52.480
52.840
53.200
53.550
53.930
54.280
54.650
55.000
55.390
55.740
56.110
56.460
56.840
57.190
57.560
57.930
58.300
58.660
59.020
59.380
59.750
60.110
60.470
60.830
61.210
61.570
61.940
62.290
62.660
63.020
63.380
63.750
64.130
64.490
64.850
65.200
65.570
65.930
66.290
66.650
67.040
67.390
67.760
68.110
68.480
68.840
69.210
69.560
69.950
70.320
70.670
71.020
71.400
71.750
72.120
72.480
72.860
73.210
73.580
73.930
74.310
74.670
75.040
75.390
75.770
76.130
76.490
76.850
77.220
77.580
77.940
78.310
78.680
79.040
79.400
79.750
80.130
80.490
80.850
81.220
81.590
82.030
82.490
82.860
83.220
83.580
83.950
84.310
84.670
85.040
85.410
85.770
86.140
86.490
86.860
87.230
87.590
87.950
88.320
88.680
89.050
89.410
89.780
90.140
90.500
90.860
91.230
91.590
91.960
