0.090
0.470
0.850
1.220
1.600
1.990
2.370
2.750
3.120
3.510
3.890
4.270
4.640
5.020
5.400
5.790
6.160
6.540
6.930
7.300
7.680
8.060
8.440
8.820
9.200
9.580
9.960
10.340
10.730
11.110
11.490
11.870
12.240
12.610
13.000
13.380
13.760
14.130
14.520
14.900
15.280
15.660
16.040
16.410
16.780
17.170
17.550
17.930
18.300
18.680
19.070
19.450
19.820
20.210
20.590
20.970
21.340
21.730
22.110
22.490
22.900
23.340
23.800
24.200
24.570
24.950
25.330
25.710
26.090
26.460
26.850
27.230
27.610
27.990
28.370
28.750
29.130
29.500
29.880
30.270
30.640
31.030
31.400
31.780
32.160
32.530
32.920
33.300
33.680
34.050
34.440
34.820
35.200
35.570
35.960
36.340
36.720
37.090
37.480
37.850
38.230
38.610
38.990
39.370
39.750
40.130
40.510
40.890
41.270
41.640
42.030
42.410
42.790
43.160
43.550
43.930
44.310
44.680
45.070
45.450
45.820
46.200
46.590
46.970
47.340
47.720
