0.470
1.220
2.030
2.810
3.580
4.340
5.140
5.900
6.670
7.450
8.220
9.020
9.770
10.560
11.330
12.120
12.900
13.670
14.440
15.220
15.990
16.770
17.540
18.320
19.090
19.870
20.640
21.430
22.180
22.980
23.740
24.530
25.300
26.080
26.850
27.640
28.400
29.180
29.950
30.730
31.500
32.280
33.050
33.850
34.610
35.390
36.160
36.930
37.710
38.500
39.260
40.050
40.820
41.610
42.380
43.160
43.910
44.710
45.470
46.250
47.030
47.810
48.580
49.360
50.120
50.910
51.680
52.460
53.230
54.010
54.780
55.560
56.330
57.110
57.880
58.660
59.430
60.210
61.000
