0.290
0.670
1.070
1.450
1.830
2.220
2.610
3.000
3.390
3.770
4.150
4.550
4.940
5.320
5.720
6.090
6.480
6.860
7.250
7.630
8.020
8.410
8.800
9.190
9.580
9.960
10.350
10.750
11.120
11.520
11.910
12.350
12.790
13.240
13.620
14.020
14.420
14.790
15.190
15.580
15.960
16.350
16.720
17.130
17.520
17.890
18.300
18.680
19.070
19.460
19.840
20.220
20.610
20.980
21.380
21.770
22.160
22.540
22.940
23.310
23.710
24.090
24.490
24.870
25.250
25.630
26.020
26.410
26.810
27.180
27.570
27.950
28.350
28.730
29.130
29.510
29.890
30.280
30.680
31.060
31.460
31.820
32.220
32.590
33.000
33.390
33.760
34.160
34.530
34.920
35.300
35.690
36.100
36.480
36.880
37.250
37.640
38.010
38.410
38.800
39.170
39.560
39.960
40.340
40.730
41.120
41.490
41.880
42.270
42.680
43.070
43.440
43.840
44.210
44.600
44.990
45.360
45.760
46.150
46.540
46.920
47.310
47.690
48.080
48.490
48.950
49.390
49.830
50.220
50.610
50.970
51.360
51.750
52.150
52.520
52.920
53.300
53.700
54.090
54.470
54.860
55.240
55.630
56.020
56.420
56.800
57.180
57.560
57.960
58.340
58.720
59.110
59.510
59.900
60.290
60.670
61.050
61.440
61.820
62.210
62.600
62.990
63.370
63.760
64.150
64.540
64.900
65.300
65.700
66.090
66.480
66.850
67.250
67.630
68.010
68.400
68.790
69.180
69.560
69.940
70.340
70.730
71.110
71.500
71.900
72.280
72.650
73.040
73.440
73.820
74.220
74.600
74.990
75.380
75.750
76.130
76.530
76.920
77.290
77.680
78.090
78.470
78.860
79.240
79.630
80.010
80.400
80.790
81.180
81.570
81.940
82.320
82.720
83.110
83.490
83.890
84.270
84.660
