0.250
0.660
1.060
1.460
1.860
2.260
2.670
3.070
3.470
3.870
4.270
4.670
5.070
5.470
5.880
6.280
6.680
7.080
7.480
7.880
8.280
8.680
9.090
9.490
9.890
10.290
10.690
11.100
11.490
11.900
12.300
12.710
13.100
13.510
13.910
14.310
14.700
15.110
15.520
15.910
16.320
16.720
17.120
17.520
17.910
18.320
18.730
19.120
19.530
19.930
20.330
20.730
21.130
21.530
21.940
22.340
22.740
23.140
23.540
23.940
24.340
24.740
25.150
25.550
25.950
26.350
26.760
27.150
27.550
27.950
28.360
28.760
29.160
29.560
29.970
30.370
30.760
31.160
31.570
31.970
32.370
32.780
33.170
33.560
33.970
34.370
34.780
35.180
35.580
36.000
36.380
36.780
37.190
37.590
38.000
38.390
38.790
39.200
39.600
40.000
40.400
40.800
41.210
41.600
42.010
42.410
42.810
43.220
43.610
44.010
44.420
44.810
45.220
45.620
46.010
46.430
46.820
47.220
47.630
