0.350
0.780
1.210
1.630
2.050
2.480
2.910
3.320
3.740
4.170
4.590
5.020
5.440
5.870
6.290
6.710
7.130
7.570
7.990
8.410
8.830
9.260
9.680
10.100
10.520
10.960
11.370
11.800
12.220
12.650
13.080
13.490
13.920
14.340
14.770
15.190
15.610
16.040
16.460
16.880
17.300
17.730
18.150
18.580
19.000
19.430
19.850
20.270
20.700
21.130
21.550
21.970
22.390
22.820
23.240
23.660
24.080
24.510
24.930
25.360
25.780
26.210
26.630
27.050
27.480
27.910
28.330
28.750
29.170
29.600
30.030
30.440
30.860
31.290
31.710
32.140
32.560
32.990
33.420
33.830
34.260
34.690
35.110
35.530
35.950
36.380
36.810
37.220
37.650
38.070
38.490
38.920
