0.400
0.870
1.340
1.800
2.280
2.740
3.210
3.680
4.160
4.630
5.090
5.560
6.030
6.500
6.970
7.440
7.920
8.390
8.850
9.320
9.790
10.260
10.730
11.200
11.680
12.150
12.610
13.080
13.560
14.020
14.490
14.960
15.440
15.910
16.380
16.850
17.320
17.790
18.250
18.730
19.200
19.670
20.140
20.610
21.080
21.550
22.020
22.490
22.960
23.430
23.900
24.370
24.840
25.310
25.780
26.250
26.730
27.190
27.660
28.130
28.600
29.070
29.540
30.010
30.480
30.950
31.410
31.890
32.360
32.830
33.300
33.770
34.240
34.720
35.180
35.650
36.120
36.590
37.060
37.530
38.000
38.470
38.940
39.410
39.880
40.350
40.820
41.290
41.760
42.230
42.700
43.170
43.640
44.110
44.580
45.050
45.530
45.990
46.460
46.930
47.400
47.870
48.330
48.810
49.280
49.750
50.210
50.690
51.170
51.630
52.100
52.570
53.050
53.520
53.980
54.450
54.920
55.390
55.860
56.330
56.800
57.280
57.740
58.210
58.710
59.190
59.670
