0.040
0.480
0.900
1.310
1.730
2.170
2.580
3.000
3.410
3.840
4.260
4.690
5.090
5.520
5.940
6.370
6.770
7.200
7.620
8.040
8.450
8.880
9.300
9.730
10.130
10.560
10.980
11.410
11.810
12.240
12.660
13.090
13.490
13.920
14.340
14.770
15.170
15.600
16.020
16.450
16.850
17.290
17.700
18.130
18.530
18.960
19.380
19.810
20.220
20.640
21.060
21.490
21.900
22.330
22.740
23.170
23.580
24.000
24.420
24.850
25.250
25.680
26.100
26.530
26.940
27.360
27.780
28.210
28.620
29.040
29.460
29.890
30.300
30.720
31.140
31.570
31.980
32.400
32.830
33.250
33.660
34.080
34.510
34.930
35.340
35.760
36.190
36.610
37.020
37.440
37.870
38.290
38.700
39.120
39.550
39.980
40.380
40.800
41.230
41.660
42.060
42.480
42.910
43.340
43.740
44.170
44.590
45.020
45.420
45.850
46.270
46.700
47.110
47.530
47.950
48.380
48.790
49.210
49.630
50.060
50.470
50.890
51.320
51.740
52.150
52.580
53.000
53.420
53.830
