0.130
0.520
0.920
1.290
1.690
2.090
2.460
2.860
3.220
3.630
4.020
4.410
4.780
5.170
5.560
5.950
6.330
6.710
7.110
7.480
7.880
8.270
8.640
9.030
9.410
9.800
10.190
10.580
10.960
11.370
11.740
12.120
12.510
12.890
13.280
13.660
14.050
14.440
14.820
15.210
15.580
15.970
16.370
16.760
17.140
17.520
17.910
18.300
18.670
19.070
19.460
19.840
20.230
20.620
21.000
21.380
21.770
22.160
22.550
22.940
23.320
23.710
24.090
24.480
24.870
25.250
25.640
26.020
26.410
26.800
27.180
27.570
27.940
28.340
28.730
29.130
29.510
29.900
30.280
30.660
31.030
31.440
31.820
32.220
32.590
32.980
33.370
33.770
34.140
34.520
34.920
35.310
35.690
36.090
36.470
36.850
37.230
37.620
38.010
38.400
38.790
39.180
39.550
39.940
40.320
40.700
41.100
41.500
41.880
42.270
42.650
43.040
43.400
43.800
44.190
44.580
44.960
45.340
45.730
46.120
46.500
46.880
47.280
47.670
48.050
48.440
48.820
49.210
49.590
49.980
50.370
50.740
51.130
51.520
51.910
52.300
52.670
53.070
53.460
53.850
54.230
54.620
55.000
55.390
55.780
56.160
56.540
56.930
57.320
57.710
58.090
58.490
58.850
