0.120
0.510
0.910
1.300
1.700
2.100
2.490
2.890
3.290
3.680
4.090
4.490
4.880
5.280
5.670
6.070
6.470
6.870
7.270
7.670
8.070
8.480
8.870
9.270
9.670
10.060
10.480
10.870
11.270
11.680
12.080
12.480
12.880
13.280
13.680
14.080
14.480
14.870
15.270
15.670
16.070
16.470
16.880
17.280
17.680
18.070
18.480
18.880
19.280
19.680
20.070
20.480
20.880
21.270
21.660
22.070
22.470
22.870
23.280
23.680
24.090
24.490
24.900
25.290
25.700
26.090
26.500
26.900
27.300
27.710
28.100
28.490
28.900
29.290
29.700
