0.070
0.470
0.870
1.260
1.640
2.020
2.380
2.760
3.140
3.530
3.940
4.350
4.740
5.150
5.550
5.950
6.340
6.740
7.140
7.530
7.940
8.340
8.740
9.130
9.530
9.940
10.330
10.730
11.120
11.520
11.930
12.320
12.720
13.130
13.520
13.920
14.310
14.720
15.110
15.500
15.900
16.300
16.700
17.100
17.490
17.900
18.290
18.700
19.110
19.510
19.910
20.310
20.700
21.090
21.490
21.890
22.290
22.690
23.080
23.470
23.850
24.240
24.630
25.020
25.430
25.830
26.220
26.610
27.010
27.400
27.790
28.180
28.590
28.970
29.350
29.760
