0.260
0.670
1.080
1.490
1.890
2.300
2.710
3.110
3.520
3.920
4.330
4.730
5.140
5.530
5.930
6.330
6.720
7.120
7.510
7.880
8.290
8.690
9.090
9.500
9.900
10.310
10.730
11.140
11.550
11.960
12.370
12.770
13.180
13.590
13.990
14.400
14.800
15.210
15.610
16.000
16.400
16.810
17.220
17.620
18.030
18.430
18.830
19.240
19.640
20.040
20.450
20.850
21.250
21.650
22.050
22.450
22.850
23.250
23.650
24.030
24.450
24.840
25.230
25.630
26.030
26.410
26.810
27.190
27.590
27.970
28.380
28.780
29.180
29.590
30.020
