0.020
0.410
0.820
1.220
1.620
2.030
2.440
2.840
3.230
3.650
4.050
4.450
4.850
5.260
5.670
6.070
6.480
6.890
7.300
7.700
8.100
8.510
8.920
9.320
9.710
10.110
10.510
10.930
11.330
11.740
12.140
12.550
12.940
13.350
13.750
14.150
14.560
14.970
15.370
15.770
16.170
16.570
16.990
17.390
17.800
18.210
18.600
19.010
19.410
19.820
20.210
20.620
21.030
21.440
21.850
22.260
22.660
23.070
23.480
23.890
24.290
24.710
25.110
25.510
25.910
26.320
26.720
27.130
27.530
27.940
28.350
28.750
29.160
29.570
29.980
