0.050
0.460
0.860
1.270
1.660
2.050
2.450
2.860
3.270
3.660
4.050
4.460
4.860
5.250
5.650
6.070
6.460
6.860
7.260
7.660
8.050
8.450
8.850
9.260
9.650
10.060
10.460
10.860
11.260
11.670
12.070
12.470
12.870
13.260
13.650
14.060
14.450
14.860
15.250
15.660
16.060
16.460
16.870
17.270
17.670
18.060
18.460
18.870
19.270
19.660
20.060
20.450
20.850
21.250
21.650
22.050
22.450
22.860
23.260
23.660
24.060
24.450
24.850
25.250
25.660
26.070
26.470
26.880
27.280
27.670
28.070
28.470
28.860
29.270
29.660
