0.160
0.540
0.930
1.320
1.710
2.090
2.470
2.860
3.240
3.620
4.000
4.390
4.760
5.130
5.520
5.900
6.300
6.680
7.060
7.440
7.810
8.190
8.570
8.950
9.330
9.710
10.100
10.490
10.870
11.250
11.620
12.000
12.380
12.760
13.150
13.510
13.910
14.290
14.670
15.030
15.420
15.790
16.180
16.560
16.940
17.320
17.700
18.090
18.460
18.830
19.220
19.600
19.990
20.370
20.760
21.150
21.520
21.900
22.290
22.670
23.060
23.440
23.820
24.200
24.570
24.960
25.320
25.700
26.080
26.460
26.850
27.230
27.610
27.990
28.360
28.740
29.120
29.510
29.890
