0.150
0.540
0.920
1.320
1.700
2.090
2.480
2.890
3.280
3.670
4.050
4.450
4.830
5.220
5.620
5.990
6.400
6.780
7.150
7.530
7.920
8.320
8.700
9.090
9.480
9.880
10.270
10.670
11.060
11.460
11.850
12.240
12.640
13.050
13.430
13.830
14.220
14.620
15.000
15.400
15.800
16.200
16.580
16.980
17.380
17.770
18.160
18.560
18.960
19.340
19.740
20.120
20.540
20.920
21.320
21.710
22.110
22.500
22.900
23.290
23.690
24.090
24.490
24.880
25.280
25.680
26.070
26.480
26.870
27.260
27.650
28.040
28.450
28.840
29.240
29.640
30.030
