0.040
0.420
0.810
1.180
1.560
1.930
2.300
2.670
3.050
3.420
3.800
4.180
4.540
4.920
5.300
5.690
6.050
6.430
6.820
7.200
7.570
7.950
8.340
8.700
9.070
9.440
9.810
10.200
10.570
10.950
11.330
11.710
12.080
12.450
12.830
13.200
13.570
13.950
14.330
14.700
15.080
15.450
15.820
16.200
16.570
16.940
17.310
17.690
18.070
18.440
18.820
19.200
19.580
19.940
20.320
20.690
21.070
21.440
21.830
22.200
22.580
22.950
23.320
23.690
24.070
24.440
24.820
25.190
25.560
25.930
26.310
26.680
27.060
27.430
27.820
28.190
28.570
28.930
29.320
29.690
30.050
