0.050
0.470
0.870
1.280
1.680
2.090
2.490
2.900
3.300
3.710
4.110
4.520
4.920
5.330
5.730
6.140
6.530
6.950
7.350
7.760
8.160
8.570
8.980
9.380
9.780
10.190
10.590
11.000
11.400
11.810
12.210
12.620
13.020
13.430
13.830
14.240
14.640
15.050
15.460
15.860
16.260
16.680
17.080
17.480
17.890
18.290
18.690
19.100
19.500
19.910
20.310
20.720
21.130
21.530
21.940
22.350
22.750
23.160
23.560
23.960
24.370
24.770
25.180
25.590
25.990
26.400
26.800
27.200
27.610
28.010
28.420
28.830
29.230
29.640
30.050
