0.290
0.650
1.020
1.410
1.770
2.140
2.520
2.890
3.260
3.620
3.990
4.350
4.720
5.090
5.460
5.840
6.210
6.570
6.940
7.310
7.680
8.060
8.420
8.810
9.170
9.540
9.900
10.290
10.660
11.030
11.380
11.750
12.120
12.510
12.860
13.250
13.600
13.980
14.330
14.700
15.070
15.430
15.770
16.150
16.510
16.890
17.260
17.620
17.990
18.370
18.720
19.100
19.470
19.840
20.200
20.580
20.950
21.330
21.700
22.090
22.460
22.840
23.210
23.580
23.950
24.340
24.700
25.080
25.450
25.820
26.190
26.550
26.920
27.290
27.670
28.020
28.370
28.750
29.090
29.450
29.830
