0.170
0.540
0.910
1.290
1.650
2.010
2.400
2.760
3.130
3.500
3.870
4.240
4.610
4.990
5.360
5.720
6.080
6.460
6.830
7.200
7.560
7.940
8.310
8.690
9.050
9.410
9.780
10.160
10.530
10.910
11.270
11.650
12.010
12.380
12.750
13.120
13.490
13.860
14.230
14.590
14.950
15.330
15.700
16.060
16.420
16.790
17.160
17.520
17.880
18.240
18.600
18.970
19.330
19.680
20.050
20.400
20.760
21.120
21.490
21.850
22.220
22.580
22.950
23.300
23.680
24.030
24.390
24.750
25.120
25.470
25.840
26.200
26.560
26.910
27.280
27.650
28.020
28.380
28.750
29.120
29.480
29.820
