0.310
0.680
1.050
1.410
1.780
2.140
2.510
2.880
3.250
3.620
3.980
4.340
4.690
5.050
5.410
5.760
6.120
6.480
6.850
7.210
7.570
7.930
8.260
8.630
8.990
9.350
9.710
10.070
10.430
10.770
11.130
11.490
11.850
12.220
12.580
12.940
13.300
13.650
14.000
14.350
14.700
15.060
15.410
15.770
16.130
16.490
16.850
17.210
17.580
17.930
18.290
18.650
19.020
19.380
19.740
20.090
20.460
20.800
21.150
21.510
21.860
22.220
22.580
22.930
23.310
23.660
24.020
24.380
24.750
25.100
25.440
25.800
26.140
26.500
26.840
27.200
27.560
27.910
28.280
28.640
29.000
29.350
29.710
