0.280
0.670
1.040
1.450
1.840
2.210
2.600
2.990
3.380
3.760
4.140
4.520
4.910
5.290
5.660
6.050
6.440
6.820
7.200
7.580
7.960
8.330
8.710
9.110
9.490
9.880
10.260
10.640
11.020
11.400
11.780
12.160
12.550
12.940
13.320
13.690
14.070
14.440
14.830
15.210
15.600
15.980
16.360
16.750
17.140
17.520
17.900
18.290
18.680
19.070
19.440
19.840
20.210
20.590
20.960
21.360
21.740
22.120
22.500
22.880
23.250
23.620
24.000
24.380
24.770
25.140
25.520
25.890
26.270
26.640
27.010
27.410
27.790
28.160
28.530
28.920
29.270
29.650
30.020
