0.340
0.730
1.120
1.510
1.900
2.300
2.690
3.080
3.480
3.860
4.260
4.650
5.040
5.420
5.820
6.200
6.600
6.980
7.370
7.760
8.140
8.540
8.930
9.320
9.710
10.090
10.490
10.890
11.270
11.650
12.040
12.440
12.820
13.210
13.610
14.000
14.380
14.750
15.150
15.530
15.910
16.280
16.680
17.070
17.450
17.830
18.230
18.620
18.990
19.380
19.770
20.160
20.550
20.930
21.320
21.720
22.100
22.490
22.870
23.240
23.620
24.010
24.380
24.760
25.150
25.520
25.920
26.290
26.680
27.050
27.430
27.820
28.200
28.570
28.960
29.340
29.720
