0.090
0.460
0.840
1.220
1.600
1.990
2.380
2.780
3.170
3.560
3.940
4.330
4.740
5.150
5.550
5.950
6.340
6.750
7.140
7.530
7.930
8.330
8.730
9.120
9.520
9.900
10.300
10.680
11.070
11.470
11.860
12.260
12.650
13.040
13.420
13.810
14.200
14.600
14.980
15.370
15.770
16.150
16.540
16.920
17.310
17.700
18.110
18.500
18.900
19.310
19.710
20.120
20.500
20.880
21.260
21.650
22.030
22.400
22.800
23.180
23.570
23.960
24.360
24.760
25.150
25.540
25.930
26.320
26.710
27.080
27.470
27.840
28.220
28.620
28.990
29.380
29.760
