0.020
0.400
0.780
1.180
1.550
1.940
2.330
2.720
3.110
3.500
3.880
4.270
4.650
5.040
5.430
5.820
6.210
6.580
6.950
7.300
7.670
8.040
8.440
8.820
9.240
9.680
10.100
10.510
10.910
11.310
11.710
12.100
12.490
12.880
13.270
13.680
14.070
14.440
14.850
15.220
15.610
16.020
16.390
16.790
17.180
17.580
17.960
18.350
18.740
19.120
19.520
19.910
20.300
20.700
21.090
21.480
21.880
22.270
22.660
23.070
23.460
23.860
24.270
24.680
25.080
25.480
25.860
26.270
26.680
27.090
27.500
27.930
28.340
28.750
29.150
29.560
29.980
