0.100
0.520
0.940
1.340
1.750
2.150
2.560
2.960
3.380
3.770
4.180
4.600
5.010
5.420
5.850
6.270
6.690
7.080
7.510
7.920
8.310
8.740
9.170
9.580
9.990
10.400
10.810
11.230
11.650
12.060
12.480
12.900
13.310
13.730
14.150
14.570
14.990
15.410
15.830
16.250
16.670
17.080
17.500
17.920
18.340
18.760
19.180
19.590
20.010
20.410
20.830
21.250
21.670
22.110
22.550
22.970
23.400
23.810
24.230
24.640
25.080
25.490
25.910
26.320
26.740
27.170
27.580
28.000
28.430
28.840
29.270
29.690
30.120
30.530
30.960
31.400
31.830
32.270
32.680
33.120
33.550
33.960
34.390
34.810
35.230
35.640
36.060
36.480
36.910
37.340
37.760
38.180
38.610
39.030
39.440
39.860
40.290
40.710
41.120
41.540
41.960
42.390
42.810
43.240
43.660
44.090
44.500
44.930
45.340
45.770
46.190
46.620
47.040
47.460
47.900
48.330
48.770
49.180
49.610
50.030
50.470
50.890
51.320
51.740
52.170
52.590
53.000
53.440
53.860
54.250
54.660
55.090
55.520
55.940
56.380
56.810
57.230
57.660
58.090
58.520
58.960
59.380
59.820
60.250
60.680
61.100
61.530
61.960
62.400
62.820
63.250
63.670
64.110
64.530
64.960
65.390
65.840
66.260
66.700
67.120
67.560
67.990
68.430
68.880
69.330
69.770
70.210
70.640
71.080
71.510
71.950
72.380
72.810
73.230
73.660
74.090
74.520
74.950
75.380
75.820
76.250
76.680
77.100
77.530
77.970
78.400
78.830
79.250
79.670
80.090
80.530
80.940
81.380
81.800
82.230
82.660
83.100
83.520
83.940
84.380
84.810
85.250
85.700
86.120
86.560
86.990
87.410
87.840
88.270
88.700
89.140
89.550
89.990
90.410
90.840
91.270
91.700
92.130
92.570
93.000
93.440
93.850
94.290
94.720
95.150
95.610
96.040
96.480
96.900
97.330
97.730
98.150
98.560
98.960
99.380
99.780
100.210
100.650
101.070
101.480
101.880
102.280
102.660
103.080
103.510
103.930
104.350
104.760
105.170
105.570
105.980
106.400
106.820
107.260
107.690
108.130
108.550
108.990
109.410
109.840
110.280
110.690
111.140
111.590
112.030
112.450
