0.350
1.210
2.010
2.810
3.600
4.420
5.220
6.020
6.840
7.660
8.460
9.260
10.090
10.910
11.710
12.470
13.280
14.080
14.860
15.660
16.450
17.250
18.030
18.820
19.610
20.400
21.190
21.950
22.720
23.520
24.340
25.120
25.910
26.740
27.530
28.330
29.110
29.910
30.700
31.500
32.290
33.070
33.870
34.690
35.490
36.290
37.100
37.890
38.710
39.490
40.300
41.130
41.950
42.730
43.540
44.340
45.120
45.920
46.720
47.500
48.290
49.070
49.870
50.670
51.440
52.230
53.010
53.800
54.590
55.360
56.150
56.940
57.730
58.510
59.310
60.090
60.880
61.660
62.440
63.230
64.030
64.820
65.600
66.390
67.200
67.990
68.780
69.580
70.340
71.100
71.880
72.650
73.460
74.240
75.020
75.800
76.600
77.380
78.160
78.950
79.740
80.520
81.270
82.070
82.850
83.630
84.410
85.190
85.990
86.780
87.560
88.350
89.150
89.940
90.730
91.520
92.310
93.100
93.860
94.630
95.440
96.250
97.050
97.850
98.650
99.430
100.240
101.030
101.840
102.630
103.430
104.230
105.040
105.840
106.630
107.390
108.170
108.950
109.750
110.540
111.340
112.120
112.920
113.680
114.460
115.250
116.040
116.810
117.610
118.380
119.170
119.940
120.730
121.490
122.270
123.030
123.810
124.590
125.370
126.140
126.920
127.700
128.480
129.280
130.050
130.820
131.600
132.370
133.140
133.900
134.680
135.440
136.200
136.960
137.740
138.510
139.290
140.070
140.850
141.640
142.400
143.170
143.950
144.720
145.500
146.270
147.060
147.870
148.650
149.420
150.190
150.970
151.740
152.500
153.300
154.070
154.860
155.650
156.430
157.210
158.000
158.790
159.580
160.370
161.150
161.950
162.750
163.540
164.310
165.080
165.840
166.620
167.400
168.160
168.950
169.730
170.520
171.300
172.070
172.850
173.640
174.390
175.180
175.950
176.720
177.500
178.290
179.060
179.840
180.590
181.390
182.130
182.910
183.670
184.480
185.250
186.020
186.770
187.560
188.340
189.090
189.890
190.660
191.440
192.220
192.990
193.770
194.580
195.340
196.130
196.900
197.680
198.440
199.210
199.990
200.760
201.540
202.310
203.070
203.830
204.600
205.350
206.140
206.910
207.680
208.450
209.220
209.990
210.750
211.500
212.290
213.040
213.790
214.570
215.330
216.100
216.850
217.600
218.380
219.140
219.910
220.670
221.430
222.210
223.000
223.710
224.460
225.220
225.970
226.720
227.500
228.230
