0.380
1.290
2.180
3.090
4.010
4.910
5.980
6.880
7.680
8.410
9.180
9.900
10.630
11.350
12.060
12.760
13.460
14.160
14.870
15.560
16.270
16.960
17.670
18.360
19.060
19.780
20.500
21.220
21.950
22.670
23.390
24.110
24.810
25.530
26.240
26.940
27.680
28.390
29.100
29.820
30.530
31.230
31.960
32.670
33.390
34.130
34.830
35.540
36.250
36.970
37.680
38.400
39.100
39.770
40.470
41.180
41.900
42.590
43.300
44.000
44.710
45.390
46.090
46.770
47.490
48.200
48.920
49.620
50.340
51.040
51.770
52.470
53.180
53.900
54.590
55.300
55.990
56.710
57.410
58.100
58.810
59.530
60.240
60.960
61.670
62.370
63.080
63.790
64.510
65.250
65.950
66.640
67.340
68.040
68.740
69.430
70.140
70.840
71.560
72.270
72.960
73.650
74.340
75.080
75.770
76.460
77.190
77.900
78.590
79.330
80.030
80.730
81.460
82.130
82.840
83.530
84.230
84.920
85.620
86.320
87.030
87.730
88.430
89.110
89.830
90.540
91.250
91.970
92.700
93.430
94.140
94.870
95.600
96.310
97.030
97.750
98.480
99.180
99.910
100.620
101.320
102.010
102.730
103.470
104.180
104.870
105.550
106.250
106.950
107.650
108.360
109.080
109.780
110.470
111.170
111.850
112.560
113.250
113.960
114.670
115.410
116.110
116.830
117.530
118.230
118.930
119.650
120.340
121.020
121.730
122.430
123.130
123.850
124.550
125.290
125.980
126.690
127.380
128.090
128.780
129.490
130.180
130.900
131.590
132.300
133.000
133.710
134.410
135.120
135.830
136.540
137.260
137.970
138.680
139.400
140.110
140.840
141.530
142.250
142.930
143.640
144.360
145.060
145.780
146.470
147.180
147.900
148.610
149.310
150.010
150.730
151.430
152.120
152.830
153.530
154.240
154.950
155.630
156.330
157.040
157.740
158.490
159.200
159.900
160.600
161.320
162.020
162.750
163.430
164.160
164.870
165.520
166.150
166.800
167.410
