0.440
1.070
1.720
2.370
3.000
3.600
4.260
4.880
5.500
6.120
6.780
7.400
8.020
8.640
9.290
9.900
10.510
11.140
11.780
12.410
13.020
13.660
14.280
14.920
15.550
16.190
16.820
17.450
18.080
18.720
19.360
19.980
20.610
21.250
21.880
22.520
23.150
23.770
24.410
25.030
25.660
26.290
26.930
27.560
28.170
28.790
29.410
30.030
30.620
31.240
31.850
32.470
32.950
33.420
34.050
34.680
35.310
35.950
36.590
37.220
37.850
38.480
39.100
39.730
40.360
40.980
41.610
42.260
42.870
43.510
44.170
44.810
45.430
46.070
46.710
47.330
47.950
48.570
49.220
49.840
50.470
51.090
51.730
52.360
52.990
53.640
54.280
54.910
55.560
56.190
56.830
57.460
58.100
58.740
59.360
60.000
60.640
61.280
61.910
62.540
63.170
63.810
64.440
65.060
65.700
66.340
66.940
67.580
68.200
68.820
69.450
70.060
70.690
71.280
71.900
72.530
73.150
73.790
74.430
75.060
75.690
76.330
76.970
77.600
78.230
78.860
79.500
80.120
80.760
81.400
82.030
82.670
83.300
83.930
84.570
85.200
85.830
86.480
87.100
87.740
88.340
88.970
89.630
90.270
90.910
91.540
92.190
92.930
93.650
94.410
95.060
95.680
96.310
96.920
97.530
98.170
98.810
99.420
100.080
100.720
101.370
102.020
102.680
103.300
103.950
104.580
105.240
105.880
106.540
107.170
107.800
108.450
109.080
109.730
110.370
111.000
111.600
112.220
112.850
113.480
114.100
114.750
115.380
116.020
116.620
117.270
117.910
118.530
119.170
119.800
120.400
121.040
121.670
122.300
122.950
123.580
124.210
124.840
125.490
126.110
126.760
127.400
128.060
128.690
129.300
129.920
130.570
131.200
131.820
132.460
133.060
133.680
134.270
134.890
135.460
136.080
136.730
137.360
138.000
138.630
139.230
139.880
140.500
