0.070
0.420
0.760
1.110
1.460
1.790
2.120
2.440
2.780
3.110
3.440
3.780
4.110
4.450
4.770
5.100
5.440
5.760
6.100
6.440
6.780
7.110
7.440
7.780
8.110
8.450
8.780
9.100
9.450
9.780
10.110
10.440
10.760
11.100
11.430
11.760
12.100
12.430
12.760
13.110
13.420
13.750
14.080
14.410
14.750
15.080
15.410
15.750
16.060
16.400
16.730
17.060
17.390
17.720
18.060
18.400
18.730
19.060
19.390
19.730
20.070
20.400
20.730
21.060
21.400
21.740
22.080
22.410
22.770
23.110
23.440
23.780
24.110
24.460
24.790
25.130
25.460
25.810
26.130
26.470
26.810
27.140
27.480
27.810
28.150
28.490
28.810
29.150
29.490
29.820
30.160
30.480
30.820
31.150
31.480
31.820
32.150
32.490
32.820
33.160
33.500
33.830
34.170
34.510
34.860
35.180
35.520
35.860
36.200
36.540
36.870
37.210
37.550
37.880
38.220
38.560
38.890
39.220
39.570
39.900
40.240
40.590
40.910
41.250
41.580
41.910
42.250
42.590
42.920
43.250
43.600
43.920
44.270
44.610
44.940
45.300
45.620
45.960
46.300
46.650
46.980
47.320
47.640
47.980
48.310
48.660
48.990
49.340
49.680
50.030
50.370
50.700
51.050
51.390
51.720
52.070
52.410
52.750
53.080
53.420
53.750
54.090
54.440
54.770
55.100
55.450
55.790
56.130
56.460
56.810
57.150
57.490
57.830
58.180
58.500
58.840
59.170
59.510
59.850
60.190
60.520
60.860
61.200
61.560
61.890
62.240
62.570
62.910
63.260
63.600
63.950
64.290
64.620
64.960
65.290
65.630
65.970
66.310
66.640
66.990
67.320
67.660
68.000
68.340
68.680
69.020
69.360
69.710
70.030
70.370
70.700
71.040
71.380
71.720
72.060
72.410
72.750
73.090
73.430
73.770
74.100
74.440
74.780
75.120
75.480
75.820
76.150
76.490
76.850
77.190
77.540
77.880
78.230
78.570
78.910
79.260
79.590
79.940
80.270
80.610
80.950
81.290
81.630
81.970
82.310
82.670
83.010
83.350
83.690
84.030
84.380
84.730
85.070
85.410
85.760
86.100
86.430
86.780
87.120
87.470
87.810
88.170
88.500
88.850
89.180
89.530
89.860
90.220
90.540
90.880
91.220
91.570
91.900
92.250
92.580
92.930
93.270
93.610
93.960
94.310
94.660
94.990
95.320
95.660
96.010
96.350
96.700
97.050
97.380
97.730
98.060
98.410
98.750
99.090
99.450
99.800
100.150
100.480
100.830
101.170
101.510
101.860
102.200
102.540
102.880
103.220
103.560
103.900
104.260
104.600
104.940
105.290
105.630
105.980
106.330
106.660
107.010
107.360
107.700
108.040
108.400
108.750
109.100
109.460
109.810
110.150
110.480
110.820
111.160
111.510
111.860
112.190
112.530
112.870
113.210
113.560
113.900
114.240
114.590
114.930
115.270
115.610
115.950
116.290
116.630
116.980
117.330
117.670
118.010
118.340
118.670
119.010
119.340
119.660
120.000
120.320
120.670
121.010
121.350
121.690
122.010
122.330
122.650
122.970
123.280
123.600
123.920
124.240
124.570
124.880
125.200
125.530
125.840
126.160
126.490
126.810
127.130
127.440
127.770
