0.330
0.800
1.300
1.760
2.250
2.720
3.200
3.690
4.130
4.580
5.050
5.480
5.960
6.450
6.940
7.400
7.880
8.330
8.800
9.240
9.690
10.140
10.620
11.080
11.550
12.020
12.490
12.970
13.440
13.910
14.380
14.850
15.320
15.790
16.260
16.730
17.210
17.680
18.150
18.620
19.080
19.540
20.010
20.490
20.960
21.470
22.000
22.510
22.990
23.520
24.040
24.530
25.050
25.570
26.080
26.560
27.080
27.610
28.120
28.630
29.140
29.620
30.150
30.650
31.170
31.660
32.180
32.700
33.210
33.760
34.260
34.800
35.290
35.840
36.350
36.880
37.400
37.920
38.470
38.980
39.490
39.980
40.500
41.040
41.550
42.090
42.630
43.130
43.660
44.160
44.690
45.240
45.770
46.300
46.810
47.340
47.900
48.410
48.960
49.470
49.980
50.490
51.040
51.530
52.040
52.580
53.080
53.580
54.090
54.600
55.120
55.650
56.180
56.670
57.220
57.710
58.200
58.710
59.210
59.710
60.200
60.710
61.250
61.750
62.260
62.770
63.280
63.790
64.290
64.780
65.250
65.730
66.200
66.700
67.190
67.680
68.160
68.650
69.150
69.630
70.080
70.560
71.020
71.470
71.940
72.390
72.870
73.360
73.850
74.320
74.800
75.290
75.770
76.230
76.710
77.260
77.780
78.320
78.820
79.350
79.910
80.410
80.950
81.470
81.980
82.520
83.030
83.540
84.090
84.590
85.100
85.630
86.140
86.670
87.170
87.700
88.210
88.760
89.260
89.770
90.300
90.860
91.370
91.920
92.420
92.940
93.470
93.990
94.500
94.990
95.540
96.050
96.560
97.070
97.590
98.110
98.620
99.140
99.670
100.200
100.730
101.260
101.790
102.300
102.830
103.350
103.880
104.390
104.920
105.430
105.940
106.460
106.960
107.490
108.010
108.550
109.050
109.560
110.090
110.620
111.150
111.670
112.170
112.700
113.230
113.740
114.250
114.750
115.260
115.750
116.250
116.770
117.280
117.800
118.320
118.840
119.350
119.840
120.360
120.840
121.320
121.770
122.270
122.740
123.240
123.730
124.220
124.700
125.190
125.670
126.160
126.660
127.150
127.640
128.110
128.600
129.060
129.600
130.100
130.650
131.160
131.650
132.140
132.670
133.180
133.680
134.200
134.690
135.210
135.730
136.230
136.750
137.270
137.770
138.280
138.800
139.320
139.830
140.340
140.840
141.340
141.850
142.360
142.880
143.400
143.910
144.410
144.930
145.430
145.950
146.460
146.950
147.470
148.000
148.500
149.010
149.510
149.990
150.500
150.970
151.450
151.950
152.480
152.970
153.490
154.010
154.510
155.030
155.560
156.080
156.590
157.140
157.650
158.170
158.690
159.220
159.740
160.250
160.760
161.270
161.800
162.330
162.850
163.350
163.850
164.370
164.880
165.400
165.920
166.460
166.970
167.480
167.990
168.510
169.030
169.530
170.040
170.540
171.030
171.550
172.050
172.570
173.080
173.600
174.150
174.660
175.190
175.750
176.260
176.800
177.340
177.870
178.390
178.940
179.500
180.020
180.570
181.090
181.640
182.170
182.710
183.210
183.760
184.300
184.810
185.330
185.830
186.360
186.910
187.450
187.950
188.510
189.040
189.530
190.040
190.570
191.070
191.590
192.130
192.620
193.130
193.640
194.150
194.670
195.200
195.720
196.220
196.730
197.200
197.710
198.180
198.680
199.190
199.670
200.170
200.670
201.160
201.650
202.190
202.710
203.270
203.770
204.290
204.770
205.260
205.770
206.250
206.740
207.220
207.710
208.170
208.650
209.140
209.610
210.100
210.570
211.050
211.530
212.020
212.490
212.980
213.450
213.930
214.430
214.900
215.380
215.870
216.340
216.820
217.310
217.790
218.270
218.760
219.240
219.740
220.230
220.710
221.220
221.700
222.220
222.820
223.560
224.260
224.990
225.690
226.500
227.370
228.220
229.100
229.980
230.860
231.720
232.500
233.330
234.130
