0.030
0.490
0.950
1.400
1.850
2.290
2.750
3.180
3.630
4.090
4.540
5.000
5.440
5.900
6.350
6.800
7.240
7.690
8.150
8.610
9.050
9.500
9.940
10.400
10.840
11.300
11.760
12.220
12.660
13.130
13.570
14.030
14.490
14.950
15.400
15.870
16.310
16.790
17.230
17.690
18.140
18.600
19.040
19.510
19.950
20.420
20.860
21.330
21.760
22.230
22.670
23.130
23.560
24.030
24.470
24.920
25.360
25.820
26.270
26.730
27.180
27.620
28.080
28.530
28.970
29.440
29.890
30.360
30.800
31.270
31.720
32.160
32.620
33.080
33.520
33.980
34.410
34.880
35.300
35.760
36.190
36.650
37.100
37.550
38.000
38.460
38.900
39.360
39.800
40.260
40.700
41.150
41.610
42.070
42.520
42.980
43.420
43.880
44.320
44.780
45.230
45.680
46.130
46.590
47.030
47.480
47.950
48.390
48.840
49.300
49.740
50.200
50.640
51.080
51.540
51.990
52.440
52.880
53.330
53.780
54.240
54.700
55.150
55.610
56.060
56.500
56.960
57.410
57.860
58.330
58.770
59.230
59.670
60.120
60.580
61.030
61.480
61.940
62.410
62.860
63.310
63.770
64.210
64.660
65.100
65.570
66.020
66.470
66.920
67.370
67.830
68.290
68.740
69.200
69.650
70.110
70.550
70.990
71.450
71.910
72.360
72.820
73.270
73.730
74.180
74.640
75.090
75.540
75.990
76.460
76.910
77.360
77.820
78.280
78.720
79.180
79.630
80.080
80.540
81.010
81.460
81.930
82.380
82.840
83.280
83.730
84.190
84.640
85.090
85.530
85.980
86.430
86.870
87.340
87.770
88.240
88.670
89.120
89.590
90.030
90.480
90.940
91.390
91.830
92.280
92.740
93.170
93.620
94.070
94.510
94.960
95.400
95.840
96.290
96.740
97.180
97.630
98.070
98.530
98.970
99.420
99.870
100.340
100.780
101.240
101.690
102.140
102.590
103.040
103.490
103.940
104.380
104.840
105.290
105.760
106.220
106.650
107.110
107.550
108.010
108.450
108.910
109.380
109.830
110.280
110.720
111.180
111.620
112.060
112.510
112.970
113.410
113.860
114.330
114.820
115.280
115.760
116.220
116.680
117.160
117.660
118.140
118.610
119.100
119.570
120.040
120.540
121.010
121.500
