0.420
0.860
1.290
1.740
2.170
2.610
3.040
3.490
3.920
4.370
4.790
5.230
5.670
6.090
6.520
6.940
7.370
7.800
8.230
8.660
9.090
9.540
9.960
10.410
10.840
11.280
11.720
12.140
12.570
13.010
13.430
13.850
14.280
14.720
15.160
15.600
16.040
16.490
16.930
17.370
17.820
18.270
18.720
19.150
19.590
20.030
20.470
20.910
21.350
21.810
22.260
22.700
23.150
23.580
24.020
24.450
24.880
25.320
25.750
26.180
26.620
27.050
27.480
27.910
28.330
28.770
29.200
29.640
30.080
30.510
30.940
31.380
31.810
32.250
32.680
33.120
33.550
34.000
34.430
34.870
35.310
35.760
36.200
36.630
37.070
37.490
37.920
38.370
38.810
39.250
39.680
40.120
40.550
41.000
41.430
41.870
42.300
42.740
43.170
43.600
44.040
44.480
44.920
45.350
45.800
46.250
46.680
47.120
47.560
48.010
48.450
48.880
49.320
49.770
50.210
50.640
51.080
51.500
51.930
52.360
52.790
53.230
53.660
54.110
54.530
54.980
55.420
55.840
56.260
56.710
57.150
57.590
58.020
58.470
58.900
59.350
59.780
60.200
60.620
61.060
61.500
61.930
62.380
62.820
63.250
63.670
64.110
64.540
64.960
65.390
65.830
66.270
66.700
67.130
67.560
68.000
68.430
68.860
69.300
69.750
70.190
70.630
71.070
71.500
71.940
72.380
72.810
73.250
73.670
74.110
74.540
74.970
75.390
75.820
76.250
76.680
77.120
77.560
77.980
78.410
78.840
79.280
79.700
80.140
80.570
81.010
81.440
81.870
82.310
82.730
83.160
83.580
84.000
84.420
84.870
85.280
85.710
86.150
86.580
87.010
87.450
87.880
88.310
88.740
89.170
89.590
90.010
90.450
90.870
91.310
91.740
92.170
92.610
93.040
93.470
93.910
94.350
94.770
95.210
95.630
96.060
96.490
96.920
97.350
97.770
98.210
98.630
99.060
99.490
99.920
100.350
100.790
101.220
101.660
102.100
102.520
102.950
103.380
103.820
104.250
104.680
105.120
105.550
105.990
106.420
106.870
107.310
107.770
108.230
108.680
109.120
109.550
109.980
110.430
110.860
111.300
111.740
112.190
112.620
113.060
113.490
113.920
114.360
114.800
115.240
115.680
116.120
116.560
117.000
117.430
117.860
118.310
118.740
119.180
119.610
120.060
120.500
120.930
121.380
121.830
122.300
122.750
123.220
123.670
124.110
124.570
125.020
125.470
125.920
126.350
126.800
127.250
