0.610
1.250
1.860
2.470
3.110
3.700
4.330
4.960
5.610
6.220
6.880
7.510
8.080
8.690
9.230
9.820
10.350
10.940
11.450
11.990
12.520
13.040
13.560
14.110
14.640
15.160
15.700
16.230
16.760
17.300
17.820
18.350
18.890
19.430
19.980
20.530
21.090
21.620
22.150
22.690
23.250
23.790
24.330
24.860
25.390
25.930
26.460
27.000
27.550
28.080
28.620
29.170
29.710
30.250
30.790
31.330
31.870
32.420
32.940
33.480
34.030
34.570
35.110
35.650
36.180
36.720
37.260
37.810
38.340
38.870
39.400
39.930
40.470
41.010
41.550
42.080
42.620
43.140
43.690
44.230
44.770
45.310
45.850
46.380
46.940
47.470
48.030
48.550
49.110
49.670
50.220
50.750
51.280
51.840
52.390
52.930
53.480
54.020
54.550
55.100
55.630
56.180
56.730
57.270
57.810
58.360
58.910
59.460
60.000
60.560
61.090
61.630
62.170
62.720
63.260
63.800
64.340
64.880
65.430
65.970
66.510
67.050
67.600
68.140
68.690
69.240
69.800
70.350
70.900
71.440
71.970
72.530
73.070
73.610
74.150
74.700
75.250
75.790
76.340
76.870
77.420
77.970
78.510
79.050
79.590
80.140
80.700
81.250
81.790
82.330
82.870
83.410
83.970
84.520
85.050
85.580
86.120
86.680
87.220
87.790
88.330
88.850
89.390
89.900
90.440
90.990
91.530
92.090
92.630
93.180
93.740
94.290
94.840
95.380
95.930
96.480
97.050
97.590
98.150
98.700
99.250
99.790
100.340
100.890
101.430
101.970
102.510
103.030
103.580
104.110
104.650
105.190
105.750
106.310
106.870
107.420
107.970
108.530
109.090
109.630
110.170
110.730
111.270
111.820
112.360
112.900
113.450
113.990
114.540
115.100
115.650
116.200
116.760
117.300
117.850
118.400
118.950
119.490
120.040
120.590
121.120
121.680
122.230
122.780
123.320
123.880
124.430
124.970
125.510
126.060
126.620
127.190
127.750
128.300
128.840
129.390
129.940
130.510
131.060
131.600
132.150
132.700
133.240
133.810
134.380
134.930
135.480
136.020
136.560
137.110
137.660
138.220
138.810
139.370
139.920
140.490
141.050
141.600
142.170
142.710
143.270
143.820
144.370
144.920
145.480
146.020
146.560
147.120
147.680
148.230
148.780
149.330
149.870
150.410
150.920
151.470
152.000
152.560
153.120
153.670
154.230
154.770
155.330
155.890
156.450
157.000
157.560
158.110
158.670
159.230
159.790
160.340
160.900
161.460
162.010
162.560
163.110
163.670
164.230
164.790
165.340
165.900
166.460
167.020
167.570
168.120
168.690
169.240
169.780
170.330
170.890
171.450
172.000
172.560
173.120
173.690
174.250
174.820
175.390
175.940
176.500
177.060
177.630
178.190
178.740
179.290
179.850
180.410
180.980
181.560
182.110
182.670
183.210
183.740
184.310
184.870
185.410
185.960
186.490
187.050
187.610
188.170
188.720
189.270
189.830
190.360
190.910
191.460
192.030
192.580
193.130
193.690
194.240
194.800
195.340
195.900
196.450
197.000
197.540
198.100
198.650
199.190
199.730
200.270
200.810
201.360
201.910
202.460
203.020
203.570
204.130
204.680
205.220
205.770
206.320
206.860
207.410
207.970
208.510
209.060
209.590
210.150
210.680
211.240
211.800
212.340
212.880
213.430
213.990
214.550
215.100
215.650
216.200
