0.330
0.750
1.170
1.610
2.050
2.460
2.900
3.330
3.750
4.190
4.620
5.040
5.450
5.870
6.300
6.720
7.160
7.580
8.010
8.440
8.850
9.270
9.700
10.120
10.540
10.970
11.400
11.830
12.250
12.670
13.110
13.540
13.960
14.390
14.820
15.250
15.680
16.100
16.530
16.950
17.380
17.800
18.230
18.660
19.080
19.510
19.940
20.370
20.800
21.230
21.670
22.100
22.520
22.940
23.380
23.810
24.230
24.670
25.100
25.530
25.960
26.380
26.820
27.240
27.660
28.090
28.530
28.960
29.380
29.810
30.240
30.670
31.110
31.540
31.970
32.400
32.830
33.250
33.680
34.100
34.530
34.960
35.400
35.830
36.260
36.690
37.120
37.560
37.980
38.410
38.860
39.290
39.730
40.160
40.600
41.020
41.450
41.890
42.330
42.770
43.200
43.620
44.070
44.480
44.930
45.350
45.790
46.220
46.650
47.080
47.530
47.950
48.410
48.830
49.270
49.690
50.120
50.550
50.990
51.420
51.860
52.280
52.710
53.140
53.580
54.010
54.440
54.850
55.290
55.710
56.160
56.580
57.010
57.440
57.880
58.310
58.750
59.190
59.620
60.050
60.480
60.920
61.360
61.790
62.220
62.650
63.100
63.520
63.960
64.400
64.830
65.270
65.700
66.130
66.560
66.990
67.420
67.850
68.290
68.730
69.160
69.590
70.030
70.470
70.900
71.340
71.780
72.220
72.660
73.100
73.540
73.980
74.410
74.850
75.290
75.720
76.150
76.590
77.020
77.470
77.890
78.320
78.760
79.200
79.630
80.060
80.500
80.940
81.360
81.810
82.240
82.690
83.120
83.540
83.990
84.430
84.870
85.310
85.720
86.150
86.590
87.010
87.440
87.880
88.310
88.760
89.200
89.630
90.060
90.480
90.930
91.370
91.800
92.230
92.670
93.110
93.530
93.960
94.400
94.840
95.280
95.710
96.160
96.590
97.020
97.460
97.900
98.340
98.770
99.200
99.630
100.060
100.490
100.930
101.360
101.790
102.240
102.670
103.110
103.540
103.980
104.400
104.830
105.270
105.690
106.130
106.550
106.990
107.410
107.840
108.290
108.720
109.160
109.590
110.030
110.470
110.900
111.330
111.760
112.190
112.620
113.050
113.480
113.910
114.350
114.790
115.220
115.660
116.090
116.510
116.950
117.390
117.820
118.260
118.700
119.140
119.560
119.990
120.450
120.870
121.310
121.750
122.180
122.610
123.050
123.480
123.920
124.350
124.780
125.220
125.660
126.100
126.540
126.960
127.390
127.820
128.260
128.690
129.130
129.560
130.010
130.440
130.870
131.320
131.770
132.200
132.650
133.090
133.520
133.960
134.400
134.850
135.280
135.720
136.160
136.600
137.040
137.480
137.930
138.360
138.800
139.240
139.680
140.120
140.550
140.990
141.420
141.850
142.290
142.730
143.160
143.570
144.020
144.450
144.870
145.290
145.740
146.170
146.600
147.020
147.440
147.880
148.320
148.740
149.170
149.590
150.020
150.470
150.910
151.350
151.800
152.220
