0.090
0.650
1.190
1.730
2.260
2.770
3.330
3.840
4.360
4.900
5.450
5.960
6.480
7.010
7.530
8.060
8.580
9.120
9.670
10.200
10.710
11.240
11.790
12.310
12.840
13.370
13.900
14.410
14.930
15.470
15.980
16.510
17.040
17.580
18.130
18.640
19.170
19.700
20.250
20.760
21.270
21.800
22.350
22.870
23.390
23.940
24.470
25.010
25.530
26.080
26.600
27.130
27.670
28.210
28.750
29.300
29.800
30.340
30.910
31.420
31.950
32.470
33.000
33.530
34.050
34.560
35.090
35.630
36.130
36.650
37.180
37.700
38.220
38.740
39.250
39.780
40.280
40.800
41.310
41.840
42.360
42.890
43.440
43.960
44.470
45.000
45.540
46.070
46.590
47.120
47.640
48.160
48.680
49.200
49.720
50.240
50.770
51.300
51.810
52.350
52.870
53.410
53.930
54.460
54.980
55.500
56.040
56.570
57.100
57.620
58.150
58.690
59.200
59.730
60.270
60.810
61.350
61.870
62.410
62.950
63.470
64.010
64.540
65.070
65.590
66.100
66.620
67.150
67.660
68.200
68.720
69.250
69.780
70.310
70.840
71.370
71.880
72.410
72.940
73.490
74.010
74.520
75.050
75.570
76.100
76.620
77.170
77.710
78.230
78.740
79.290
79.820
80.340
80.860
81.380
81.910
82.430
82.950
83.470
84.010
84.510
85.040
85.580
86.100
86.610
87.140
87.680
88.190
88.690
89.210
89.740
90.270
90.800
91.310
91.820
92.330
92.850
93.370
93.910
94.440
94.970
95.500
96.040
96.580
97.110
97.650
98.180
98.720
99.230
99.760
100.270
100.800
101.330
101.850
102.370
102.870
103.390
103.910
104.460
104.980
105.500
106.010
106.550
107.070
107.590
108.110
108.620
109.150
109.650
110.180
110.710
111.230
111.740
112.240
112.770
113.290
113.790
114.330
114.860
115.370
115.870
116.370
116.860
117.360
117.890
118.390
118.880
119.410
119.910
120.430
120.950
121.490
121.980
122.500
123.020
123.520
124.040
124.540
125.070
125.550
126.070
126.590
127.130
127.630
128.140
128.660
129.190
129.670
130.190
130.700
131.230
131.730
132.240
132.750
133.250
133.750
134.260
134.770
135.310
135.840
136.350
136.860
137.380
137.890
138.400
138.920
139.430
139.950
140.470
140.970
141.480
141.980
142.490
143.010
143.530
144.040
144.560
145.070
145.590
146.110
146.620
147.140
147.660
148.170
148.680
149.200
149.700
150.210
150.710
151.230
151.780
152.290
152.800
153.310
153.850
154.370
154.890
155.410
155.940
156.470
156.990
157.510
158.040
158.560
159.080
159.600
160.150
160.660
161.180
161.700
162.230
162.740
163.250
163.790
164.310
164.830
165.340
165.850
166.360
166.860
167.360
167.880
168.410
168.950
169.450
169.990
170.510
171.020
171.530
172.060
172.590
173.130
173.650
174.170
174.710
175.220
175.740
176.260
176.800
177.330
177.840
178.360
178.890
179.420
179.940
180.460
180.980
181.500
182.000
182.510
183.040
183.530
184.030
184.540
185.070
185.600
186.100
186.620
187.140
187.650
188.180
188.670
189.200
189.710
190.200
190.740
191.240
191.750
192.270
192.790
193.320
193.820
194.330
194.860
195.400
195.930
196.450
196.970
197.490
198.020
198.530
199.030
199.560
200.080
200.600
201.110
201.640
202.160
202.670
203.190
203.730
204.230
204.750
205.270
205.810
206.330
206.840
207.360
207.890
208.410
208.920
209.450
209.980
210.510
211.030
211.560
212.100
212.620
213.150
213.680
214.190
214.700
215.210
215.740
216.220
216.750
217.260
217.780
218.320
218.810
219.340
219.850
220.360
220.890
221.400
221.910
222.440
222.960
223.480
223.980
224.480
224.980
225.490
226.000
226.540
227.050
227.570
228.090
228.620
229.120
229.630
230.150
230.680
231.190
231.690
232.190
232.700
233.220
233.730
234.250
234.780
235.300
235.800
236.320
236.840
237.370
237.890
238.410
238.950
239.470
239.980
240.490
240.990
241.500
242.010
242.510
243.040
243.540
244.060
244.550
245.080
245.590
246.090
246.610
247.140
247.640
248.160
248.660
249.170
249.690
250.180
250.690
251.210
251.740
252.250
252.760
253.290
253.790
254.300
254.820
255.340
255.880
256.390
256.900
257.440
257.950
258.470
258.990
259.500
260.010
260.540
261.030
261.570
262.090
262.600
263.100
263.630
264.140
264.640
265.150
265.660
266.160
266.670
267.180
267.710
268.250
268.760
269.270
269.790
270.320
270.830
271.340
271.860
272.360
272.870
273.370
273.880
274.380
274.900
275.420
275.940
276.450
276.950
277.460
277.980
278.490
279.010
279.520
280.060
280.550
281.080
281.580
282.080
282.580
283.110
283.600
284.120
284.610
285.070
