0.490
1.010
1.500
2.020
2.510
2.990
3.480
3.970
4.480
4.990
5.500
6.000
6.500
7.010
7.510
8.020
8.530
9.040
9.560
10.070
10.580
11.090
11.600
12.090
12.560
13.070
13.570
14.070
14.580
15.100
15.610
16.120
16.630
17.140
17.650
18.160
18.670
19.170
19.690
20.190
20.670
21.180
21.700
22.200
22.710
23.230
23.750
24.260
24.780
25.290
25.800
26.320
26.830
27.340
27.850
28.340
28.830
29.350
29.850
30.360
30.870
31.380
31.910
32.400
32.910
33.420
33.910
34.410
34.910
35.400
35.890
36.410
36.910
37.430
37.920
38.450
38.970
39.470
39.970
40.450
40.970
41.470
41.970
42.480
42.990
43.500
44.020
44.530
45.040
45.550
46.060
46.580
47.100
47.610
48.130
48.640
49.160
49.680
50.200
50.700
51.220
51.740
52.250
52.760
53.290
53.810
54.340
54.850
55.370
55.890
56.420
56.920
57.410
57.930
58.460
58.970
59.490
60.000
60.530
61.050
61.560
62.090
62.600
63.120
63.640
64.170
64.680
65.190
65.690
66.170
66.690
67.210
67.720
68.240
68.770
69.280
69.800
70.330
70.840
71.340
71.860
72.360
72.880
73.380
73.880
74.420
74.900
75.420
75.940
76.450
76.950
77.450
77.960
78.470
79.010
79.520
80.030
80.530
81.050
81.590
82.090
82.620
83.150
83.670
84.190
84.720
85.230
85.750
86.250
86.790
87.310
87.810
88.330
88.840
89.350
89.900
90.400
90.930
91.450
91.960
92.480
93.000
93.520
94.030
94.550
95.090
95.610
96.130
96.670
97.190
97.710
98.230
98.760
99.280
99.790
100.320
100.840
101.360
101.890
102.390
102.880
103.410
103.940
104.450
104.980
105.500
106.020
106.530
107.080
107.610
108.140
108.660
109.190
109.720
110.250
110.750
111.270
111.800
112.330
112.860
113.370
113.900
114.420
114.950
115.490
116.010
116.540
117.060
117.600
118.130
118.660
119.180
119.710
120.260
120.790
121.320
121.850
122.380
122.910
123.410
123.940
124.470
124.980
125.500
126.030
126.540
127.040
127.550
128.060
128.610
129.110
129.640
130.150
130.650
131.160
131.670
132.170
132.700
133.220
133.720
134.240
134.790
135.280
135.820
136.340
136.870
137.400
137.910
138.440
138.970
139.500
140.050
140.570
141.090
141.620
142.150
142.660
143.190
143.720
144.240
144.760
145.280
145.820
146.330
146.870
147.400
147.910
148.410
148.910
149.460
149.990
150.500
151.030
151.570
152.100
152.620
153.150
153.670
154.200
154.730
155.270
155.790
156.320
156.850
157.380
157.910
158.440
158.970
159.500
160.030
160.560
161.070
161.580
162.100
162.640
163.160
163.680
164.220
164.750
165.250
165.760
166.290
166.830
167.350
167.880
168.420
168.940
169.480
170.020
170.550
171.090
171.610
172.150
172.680
173.220
173.740
174.280
174.820
175.350
175.880
176.410
176.940
177.470
177.980
178.510
179.050
179.570
180.100
180.630
181.130
181.640
182.150
182.670
183.210
183.730
184.270
184.810
185.310
185.810
186.320
186.840
187.370
187.900
188.420
188.940
189.460
189.990
190.510
191.020
191.560
192.080
192.620
193.130
193.660
194.180
194.680
195.200
195.710
196.240
196.770
197.290
197.810
198.340
198.880
199.420
199.950
200.450
200.990
201.530
202.100
