0.340
0.680
1.020
1.370
1.720
2.050
2.380
2.710
3.030
3.370
3.680
4.010
4.330
4.660
4.980
5.310
5.630
5.950
6.290
6.610
6.930
7.250
7.570
7.900
8.210
8.540
8.860
9.180
9.500
9.830
10.170
10.490
10.820
11.150
11.480
11.800
12.130
12.460
12.780
13.110
13.420
13.760
14.080
14.410
14.730
15.050
15.380
15.720
16.030
16.370
16.690
17.020
17.350
17.670
17.990
18.320
18.640
18.970
19.290
19.630
19.960
20.280
20.600
20.950
21.270
21.590
21.920
22.250
22.590
22.930
23.250
23.580
23.900
24.240
24.560
24.880
25.210
25.530
25.860
26.180
26.510
26.840
27.160
27.490
27.800
28.130
28.450
28.770
29.100
29.430
29.740
30.080
30.410
30.740
31.060
31.390
31.730
32.050
32.390
32.720
33.040
33.370
33.690
34.020
34.350
34.680
35.020
35.340
35.670
36.000
36.320
36.660
36.980
37.300
37.640
37.970
38.290
38.620
38.940
39.270
39.600
39.930
40.260
40.600
40.940
41.280
41.600
41.950
42.280
42.590
42.930
43.270
43.610
43.960
44.290
44.620
44.950
45.260
45.610
45.920
46.250
46.580
46.920
47.250
47.570
47.900
48.230
48.580
48.890
49.220
49.550
49.880
50.190
50.520
50.830
51.160
51.490
51.820
52.150
52.490
52.810
53.140
53.470
53.800
54.130
54.460
54.790
55.120
55.450
55.780
56.110
56.450
56.770
57.110
57.440
57.760
58.090
58.430
58.760
59.100
59.430
59.770
60.100
60.440
60.760
61.090
61.410
61.750
62.080
62.420
62.730
63.070
63.390
63.730
64.060
64.390
64.720
65.050
65.370
65.700
66.030
66.360
66.690
67.020
67.360
67.670
68.000
68.320
68.640
68.970
69.290
69.630
69.970
70.300
70.630
70.940
71.290
71.610
71.930
72.260
72.610
72.930
73.270
73.590
73.910
74.240
74.570
74.890
75.220
75.550
75.870
76.200
76.530
76.860
77.200
77.520
77.850
78.180
78.520
78.840
79.170
79.490
79.820
80.140
80.480
80.800
81.120
81.450
81.790
82.110
82.460
82.780
83.110
83.440
83.770
84.110
84.430
84.750
85.080
85.430
85.760
86.090
86.420
86.740
87.070
87.390
87.710
88.040
88.350
88.690
89.010
89.340
89.660
89.980
90.300
90.620
90.950
91.270
91.590
91.910
92.230
92.540
92.860
93.180
93.500
93.840
94.160
94.490
94.830
95.150
95.480
95.800
96.140
96.470
96.790
97.120
97.450
97.780
98.090
98.410
98.740
99.070
99.410
99.730
100.050
100.390
100.710
101.050
101.360
101.690
102.010
102.340
102.660
102.980
103.320
103.650
103.970
104.300
104.630
104.960
105.290
105.620
105.950
106.280
106.630
106.960
107.280
107.620
107.950
108.270
108.590
108.930
109.250
109.580
109.910
110.230
110.550
110.890
111.210
111.550
111.870
112.210
112.530
112.850
113.180
113.510
113.840
114.170
114.500
114.840
115.170
115.500
115.830
116.160
116.490
116.830
117.160
117.500
117.820
118.160
118.500
118.830
119.170
119.500
119.830
120.160
120.500
120.810
121.150
121.480
121.820
122.160
122.490
122.840
123.170
123.490
123.840
124.150
124.480
124.820
125.160
125.490
125.810
126.160
126.480
126.820
127.130
127.470
127.800
128.140
128.480
128.810
129.150
129.480
129.800
130.130
130.460
130.790
131.120
131.450
131.780
132.120
132.450
132.780
133.130
133.450
133.780
134.110
134.430
134.760
135.090
135.420
135.760
136.080
136.420
136.750
137.080
137.420
137.750
138.090
138.420
138.760
139.100
139.430
139.760
140.090
140.430
140.760
141.100
141.430
141.760
142.100
142.430
142.760
143.090
143.430
143.750
144.080
144.400
144.730
145.060
145.400
145.720
146.060
146.390
146.710
147.040
147.380
147.700
148.020
148.330
148.670
149.010
149.340
149.670
149.990
150.320
150.650
150.970
151.300
151.630
151.960
152.290
152.620
152.950
153.280
153.610
153.940
154.290
154.610
154.950
155.280
155.610
155.930
156.260
156.590
156.930
157.260
157.600
157.920
158.250
158.580
158.910
159.250
159.580
159.910
160.250
160.600
160.930
161.290
161.630
161.960
162.260
162.570
162.860
163.160
163.470
163.770
164.060
164.370
164.660
164.950
165.230
165.520
165.810
166.100
166.390
166.690
166.980
167.260
167.550
167.850
168.140
168.420
168.720
169.010
169.290
169.580
169.870
170.160
170.450
170.750
171.050
171.350
171.660
171.950
172.250
172.550
172.850
173.150
173.460
173.750
174.060
174.350
174.650
174.960
175.250
