0.370
1.440
2.530
3.530
4.580
5.670
6.780
7.840
8.990
10.080
11.080
12.120
13.210
14.120
15.060
15.940
16.900
17.800
18.720
19.730
20.760
21.850
22.950
23.870
24.820
25.730
26.720
27.670
28.380
29.050
29.790
30.410
31.020
31.570
32.180
32.720
33.300
33.850
34.430
34.990
35.540
36.090
36.660
37.080
37.510
37.940
38.380
38.810
39.240
39.660
40.090
40.510
40.930
41.360
41.780
42.210
42.640
43.060
43.490
43.910
44.340
44.770
45.190
45.620
46.040
46.460
46.890
47.300
47.720
48.150
48.560
48.990
49.390
49.830
50.250
50.680
51.100
51.520
51.950
52.360
52.790
53.210
53.630
54.050
54.460
54.880
55.300
55.720
56.140
56.550
56.980
57.390
57.810
58.240
58.660
59.080
59.500
59.930
60.340
60.770
61.190
61.620
62.040
62.460
62.890
63.310
63.730
64.150
64.570
64.980
65.410
65.830
66.240
66.670
67.090
67.510
67.950
68.370
68.800
69.220
69.650
70.060
70.480
70.890
71.310
71.730
72.160
72.590
73.010
73.430
73.840
74.250
74.680
75.090
75.510
75.930
76.350
76.780
77.190
77.620
78.040
78.430
78.860
79.270
79.700
80.120
80.550
80.950
81.370
81.790
82.200
82.620
83.030
83.450
83.870
84.290
84.700
85.130
85.530
85.960
86.380
86.790
87.210
87.630
88.060
88.470
88.880
89.300
89.710
90.130
90.550
90.980
91.390
91.810
92.230
92.630
93.030
93.440
93.850
94.270
94.690
95.110
95.520
95.940
96.360
96.780
97.190
97.570
97.990
98.390
98.800
99.200
99.620
100.030
100.440
100.850
101.280
101.700
102.110
102.540
102.940
103.380
103.790
104.220
104.630
105.060
105.460
105.880
106.270
106.690
107.100
107.510
107.930
108.320
108.750
109.170
109.590
109.990
110.380
110.770
111.170
111.590
111.970
112.370
112.780
113.180
113.600
114.010
114.430
114.830
115.250
115.660
116.070
116.480
116.900
117.310
117.720
118.140
118.550
118.970
119.390
119.810
120.240
120.650
121.070
121.490
121.910
122.330
122.760
123.180
123.600
124.030
124.440
124.860
125.290
125.710
126.120
126.550
126.970
127.390
127.800
128.230
128.630
129.060
129.480
129.890
130.300
130.710
131.120
131.520
131.920
132.310
132.720
133.140
133.550
133.960
134.370
134.790
135.210
135.620
136.040
136.450
136.870
137.280
137.680
138.110
138.530
138.950
139.360
139.790
140.200
140.620
141.030
141.440
141.860
142.280
142.690
143.110
143.540
143.940
144.360
144.770
145.190
145.610
146.030
146.440
146.860
147.260
147.680
148.110
148.520
148.940
149.340
149.750
150.170
150.550
150.960
151.370
151.770
152.150
152.560
152.960
153.380
153.790
154.210
154.610
155.030
155.440
155.840
156.270
156.690
157.110
157.530
157.940
158.340
158.740
159.160
159.600
160.060
160.500
160.920
