0.480
1.200
1.920
2.630
3.360
4.070
4.770
5.480
6.200
6.910
7.620
8.330
9.040
9.750
10.460
11.160
11.880
12.620
13.320
14.020
14.700
15.370
16.070
16.790
17.510
18.240
18.960
19.690
20.390
21.120
21.830
22.570
23.290
24.000
24.720
25.440
26.180
26.900
27.600
28.320
29.030
29.750
30.490
31.220
31.930
32.650
33.360
34.080
34.800
35.510
36.200
36.940
37.670
38.370
39.070
39.790
40.510
41.210
41.920
42.650
43.340
44.030
44.740
45.460
46.140
46.850
47.550
48.260
48.970
49.680
50.390
51.080
51.770
52.470
53.170
53.870
54.560
55.250
55.950
56.670
57.380
58.100
58.790
59.530
60.230
60.930
61.620
62.330
63.020
63.720
64.420
65.150
65.860
66.570
67.300
68.000
68.720
69.420
70.150
70.870
71.570
72.280
73.000
73.710
74.410
75.110
75.820
76.540
77.250
77.950
78.660
79.410
80.110
80.800
81.510
82.230
82.950
83.660
84.360
85.060
85.750
86.440
87.130
87.860
88.560
89.250
89.930
90.660
91.370
92.070
92.770
93.480
94.200
94.890
95.600
96.350
97.070
97.770
98.470
99.170
99.860
100.540
101.240
101.960
102.640
103.320
104.020
104.710
105.410
106.100
106.810
107.500
108.180
108.870
109.560
110.250
110.930
111.620
112.310
113.020
113.710
114.420
115.100
115.820
116.520
117.200
117.890
118.620
119.300
120.000
120.680
121.410
122.080
122.790
123.510
124.200
124.880
125.580
126.280
126.990
127.670
128.410
129.130
129.800
130.490
131.170
131.860
132.580
133.270
133.990
134.670
135.380
136.070
136.770
137.460
138.160
138.850
139.560
140.260
140.950
141.650
142.320
142.990
143.670
144.330
145.020
145.700
146.390
147.080
147.780
148.460
149.160
149.830
150.500
151.180
151.850
152.520
153.190
153.860
154.530
155.210
155.910
156.590
157.300
158.000
158.710
159.410
160.120
160.810
161.500
162.210
162.900
163.590
164.300
165.000
165.700
166.390
167.090
167.780
168.460
169.150
169.840
170.530
171.250
171.950
172.630
173.320
174.030
174.700
175.390
176.070
176.750
177.420
178.100
178.790
179.470
180.150
180.830
181.520
182.200
182.880
183.560
184.240
184.920
185.600
186.270
186.950
187.630
188.300
188.980
189.640
190.320
191.000
191.690
192.370
193.070
193.750
194.430
195.100
195.780
196.450
197.120
197.770
198.440
199.110
199.780
200.460
201.140
201.810
202.480
203.160
203.840
204.500
205.150
205.810
206.490
207.150
207.790
208.450
209.130
209.800
210.480
211.170
211.840
212.500
213.180
213.840
214.510
215.190
215.850
216.510
217.170
217.830
218.490
219.160
219.840
220.520
221.200
221.880
222.560
223.230
223.900
224.580
225.250
225.930
226.610
227.290
227.950
228.630
229.320
230.010
230.690
231.370
232.050
232.730
233.410
234.080
234.750
235.410
236.080
236.760
237.410
238.080
238.750
239.410
240.060
240.730
241.390
242.050
242.710
243.380
244.030
244.680
245.340
246.000
246.670
247.310
247.950
248.600
249.270
249.910
250.570
251.230
251.900
252.560
253.210
253.870
254.540
255.210
255.890
256.570
257.270
257.960
258.640
259.310
260.010
260.680
261.350
262.020
262.700
263.380
264.050
264.730
265.430
266.120
266.800
267.490
268.190
268.880
269.550
270.230
270.900
271.620
272.290
272.970
273.650
274.340
274.990
275.660
276.390
