0.480
1.120
1.770
2.420
3.080
3.730
4.380
5.030
5.690
6.330
7.000
7.600
8.240
8.870
9.520
10.120
10.750
11.400
12.020
12.650
13.260
13.890
14.520
15.130
15.780
16.410
17.030
17.650
18.270
18.890
19.520
20.150
20.770
21.390
22.030
22.650
23.270
23.900
24.540
25.170
25.770
26.400
27.010
27.620
28.240
28.870
29.490
30.110
30.750
31.370
31.980
32.590
33.220
33.830
34.460
35.080
35.720
36.320
36.940
37.520
38.140
38.770
39.400
40.000
40.620
41.230
41.850
42.470
43.090
43.710
44.330
44.960
45.580
46.200
46.830
47.500
48.130
48.760
49.380
50.000
50.610
51.230
51.840
52.440
53.070
53.710
54.320
54.940
55.550
56.160
56.800
57.400
58.050
58.660
59.300
59.910
60.530
61.150
61.770
62.390
62.990
63.600
64.220
64.830
65.440
66.060
66.680
67.280
67.920
68.520
69.140
69.760
70.380
71.010
71.630
72.230
72.870
73.490
74.120
74.700
75.310
75.940
76.550
77.190
77.790
78.420
79.040
79.640
80.270
80.890
81.510
82.120
82.740
83.380
84.010
84.620
85.240
85.860
86.480
87.110
87.730
88.340
88.970
89.580
90.200
90.820
91.440
92.050
92.660
93.260
93.880
94.490
95.120
95.730
96.350
96.980
97.600
98.200
98.840
99.440
100.070
100.680
101.300
101.920
102.530
103.160
103.810
104.430
105.050
105.690
106.320
106.930
107.550
108.180
108.800
109.410
110.020
110.620
111.240
111.860
112.440
113.070
113.690
114.320
114.940
115.580
116.190
116.790
117.400
118.020
118.630
119.250
119.870
120.480
121.100
121.710
122.330
122.950
123.570
124.190
124.800
125.410
126.040
126.640
127.260
127.870
128.500
129.100
129.700
130.340
130.960
131.560
132.150
132.770
133.390
134.000
134.610
135.220
135.840
136.460
137.090
137.700
138.320
138.930
139.550
140.150
140.770
141.380
141.990
142.620
143.230
143.840
144.470
145.080
145.710
146.310
146.950
147.550
148.180
148.800
149.410
150.030
150.650
151.250
151.840
152.460
153.070
153.680
154.290
154.890
155.520
156.130
156.770
157.390
158.010
158.610
159.220
159.840
160.450
161.040
161.620
162.230
162.840
163.440
164.040
164.640
165.240
165.830
166.420
167.010
167.590
168.190
168.790
169.380
169.970
170.550
171.130
171.720
172.320
172.900
173.490
174.080
174.660
175.250
175.850
176.430
177.030
177.620
178.220
178.800
179.380
179.970
180.560
181.120
181.700
182.290
182.890
183.470
