0.430
0.930
1.390
1.870
2.370
2.860
3.350
3.850
4.320
4.790
5.290
5.790
6.260
6.770
7.280
7.760
8.260
8.770
9.250
9.760
10.270
10.750
11.260
11.760
12.240
12.750
13.260
14.000
14.770
15.540
16.310
17.070
17.830
18.600
19.380
20.120
20.900
21.650
22.440
23.180
23.950
24.710
25.480
26.250
27.030
27.790
28.570
29.320
30.100
30.870
31.620
32.380
33.140
33.900
34.680
35.430
36.210
37.020
37.760
38.550
39.340
40.120
40.910
41.690
42.460
43.240
44.020
44.800
45.580
46.360
47.160
47.920
48.710
49.480
50.260
51.030
51.820
52.600
53.390
54.160
54.940
55.720
56.500
57.270
58.060
58.840
59.630
60.400
61.200
61.970
62.760
63.550
64.320
65.100
65.890
66.660
67.450
68.230
69.010
69.770
70.570
71.380
72.160
72.940
73.720
74.510
75.310
76.090
76.870
77.650
78.440
79.230
79.990
80.770
81.560
82.330
83.120
83.910
84.710
85.480
86.280
87.050
87.830
88.610
89.580
90.560
91.520
92.520
93.560
94.590
95.650
96.660
97.460
98.260
99.070
99.810
100.600
101.360
102.100
102.820
103.580
104.370
105.150
105.920
106.710
107.490
108.240
108.990
109.750
110.550
111.320
112.110
112.870
113.670
114.490
115.250
116.040
116.800
117.570
118.390
119.170
119.970
120.740
121.550
122.330
123.120
123.900
124.700
125.480
126.290
127.060
127.860
128.660
129.440
130.240
131.050
131.820
132.630
133.420
134.230
135.030
135.850
136.640
137.450
138.240
139.040
139.820
140.620
141.420
142.220
143.000
143.810
144.620
145.430
146.210
147.010
147.780
148.580
149.360
150.150
150.960
151.800
152.600
153.440
154.270
155.090
155.890
156.640
157.450
158.260
158.990
159.760
160.590
161.380
162.190
162.990
163.790
164.600
165.380
166.170
166.980
167.770
168.570
169.340
170.130
170.910
171.700
172.490
173.250
174.030
174.800
175.600
176.320
177.080
177.840
178.550
179.310
180.050
180.840
181.640
182.430
