0.100
0.500
0.870
1.260
1.640
2.030
2.410
2.790
3.150
3.530
3.900
4.270
4.670
5.060
5.460
5.850
6.230
6.620
7.010
7.380
7.750
8.140
8.530
8.890
9.250
9.630
10.000
10.400
10.780
11.170
11.560
11.960
12.340
12.720
13.120
13.510
13.920
14.300
14.680
15.080
15.480
15.850
16.250
16.630
17.030
17.420
17.820
18.210
18.600
18.980
19.360
19.760
20.160
20.560
20.950
21.350
21.760
22.140
22.540
22.950
23.350
23.740
24.130
24.530
24.920
25.300
25.690
26.080
26.500
26.890
27.290
27.680
28.080
28.460
28.850
29.250
29.660
30.050
30.450
30.850
31.250
31.630
32.030
32.440
32.840
33.230
33.620
34.020
34.430
34.820
35.230
35.620
36.030
36.430
36.810
37.190
37.600
38.000
38.400
38.810
39.210
39.610
40.010
40.390
40.800
41.180
41.580
41.980
42.390
42.790
43.190
43.590
44.000
44.390
44.780
45.180
45.580
45.960
46.350
46.730
47.120
47.510
47.900
48.300
48.710
49.110
49.500
49.890
50.300
50.690
51.070
51.470
51.880
52.260
52.670
53.060
53.480
53.850
54.250
54.650
55.040
55.420
55.830
56.220
56.630
57.020
57.420
57.810
58.230
58.620
59.010
59.410
59.790
60.170
60.560
60.950
61.340
61.730
62.130
62.510
62.910
63.310
63.720
64.100
64.510
64.880
65.280
65.680
66.060
66.450
66.840
67.240
67.630
68.010
68.410
68.790
69.190
69.570
69.950
70.340
70.740
71.120
71.530
71.920
72.310
72.680
73.080
73.480
73.890
74.280
74.680
75.080
75.490
75.870
76.270
76.670
77.090
77.460
77.860
78.250
78.650
79.030
79.430
79.830
80.240
80.640
81.030
81.430
81.840
82.220
82.620
83.030
83.430
83.820
84.210
84.610
84.990
85.380
85.780
86.180
86.600
86.990
87.390
87.790
88.190
88.590
88.980
89.390
89.810
90.210
90.600
91.000
91.410
91.810
92.200
92.610
93.020
93.400
93.780
94.180
94.590
94.990
95.390
95.790
96.200
96.600
97.000
97.400
97.800
98.190
98.590
98.990
99.390
99.790
100.180
100.570
100.950
101.340
101.740
102.150
102.570
102.960
103.360
103.760
104.180
104.570
104.970
105.370
105.780
106.180
106.580
106.960
107.370
107.760
108.150
108.560
108.950
109.350
109.750
110.160
110.570
110.960
111.360
111.760
112.170
112.580
112.980
113.380
113.790
114.190
114.590
115.010
115.410
115.800
116.210
116.590
117.000
117.410
117.810
118.190
118.590
118.990
119.400
119.800
120.190
120.600
120.990
121.390
121.810
122.200
122.610
123.010
123.410
123.810
124.200
124.600
124.990
125.380
125.780
126.160
126.570
126.960
127.370
127.750
128.160
128.530
128.930
129.320
129.720
130.100
130.490
130.890
131.280
131.670
132.090
132.480
132.870
133.270
133.680
134.100
134.510
134.910
135.300
135.700
136.100
136.480
136.860
137.280
137.680
138.080
138.470
138.870
139.280
139.670
140.060
140.460
140.870
141.260
141.670
142.070
142.480
142.860
143.290
143.690
144.100
144.510
144.900
145.300
145.700
146.090
146.500
146.930
147.340
147.740
148.150
148.570
148.980
149.370
149.780
150.200
150.620
151.010
151.420
151.830
152.240
152.630
153.030
153.440
153.870
154.270
154.680
155.090
155.500
155.900
156.310
156.720
157.140
157.540
157.950
158.340
158.760
159.140
159.550
159.950
160.350
160.750
161.160
161.560
161.960
162.370
162.770
163.180
163.600
164.010
164.420
164.820
165.240
165.630
166.030
166.440
166.850
167.250
167.650
168.050
168.440
168.840
169.240
169.660
170.080
170.480
170.880
171.290
171.700
172.100
172.500
172.920
173.330
173.730
174.140
174.530
174.950
175.330
175.730
176.140
176.540
176.920
177.320
177.720
178.130
178.520
178.920
179.330
179.720
180.120
180.510
180.890
181.260
181.630
182.030
182.450
182.850
183.260
183.650
184.030
184.430
184.820
185.220
185.610
186.010
186.420
186.800
187.180
187.580
187.960
188.360
188.760
189.160
189.550
189.940
190.340
190.720
191.120
191.500
191.900
192.290
192.680
193.070
193.440
193.840
194.220
194.620
195.000
