0.200
0.700
1.190
1.680
2.170
2.670
3.170
3.650
4.140
4.620
5.120
5.600
6.070
6.550
7.030
7.510
7.980
8.430
8.870
9.320
9.790
10.280
10.750
11.240
11.730
12.240
12.730
13.200
13.690
14.200
14.690
15.170
15.650
16.140
16.610
17.090
17.570
18.040
18.500
18.980
19.470
19.960
20.450
20.930
21.410
21.890
22.370
22.840
23.310
23.790
24.280
24.770
25.260
25.730
26.200
26.670
27.150
27.630
28.120
28.610
29.100
29.580
30.060
30.540
31.020
31.490
31.950
32.400
32.870
33.330
33.800
34.280
34.770
35.270
35.750
36.250
36.740
37.230
37.720
38.220
38.710
39.210
39.690
40.180
40.670
41.180
41.670
42.150
42.650
43.150
43.650
44.120
44.600
45.100
45.590
46.080
46.560
47.050
47.550
48.010
48.490
48.970
49.470
49.930
50.420
50.900
51.380
51.850
52.320
52.810
53.300
53.790
54.280
54.780
55.280
55.750
56.230
56.730
57.230
57.710
58.200
58.700
59.180
59.660
60.150
60.630
61.130
61.610
62.090
62.570
63.060
63.530
64.020
64.500
64.990
65.460
65.940
66.420
66.900
67.370
67.850
68.330
68.820
69.290
69.770
70.240
70.710
71.200
71.680
72.150
72.630
73.100
73.580
74.060
74.540
75.010
75.490
75.970
76.450
76.930
77.410
77.890
78.380
78.860
79.350
79.840
80.310
80.810
81.290
81.790
82.280
82.760
83.240
83.720
84.210
84.690
85.170
85.660
86.150
86.630
87.100
87.590
88.080
88.550
89.020
89.530
90.020
90.490
90.990
91.460
91.950
92.430
92.930
93.430
93.930
94.420
94.930
95.420
95.900
96.390
96.890
97.380
97.850
98.340
98.850
99.330
99.830
100.320
100.830
101.570
102.310
103.070
103.870
104.680
105.510
106.380
107.250
108.150
109.010
109.890
110.770
111.650
112.500
113.340
114.140
115.020
115.890
116.750
117.630
118.480
119.320
120.210
121.040
121.980
122.890
123.810
124.730
125.660
126.620
127.530
128.450
129.440
130.390
131.330
132.250
133.210
134.180
135.100
136.070
137.020
137.970
138.970
