0.130
0.500
0.910
1.280
1.680
2.070
2.440
2.820
3.190
3.560
3.950
4.330
4.720
5.100
5.470
5.850
6.230
6.620
6.990
7.380
7.750
8.130
8.520
8.910
9.290
9.670
10.070
10.440
10.840
11.220
11.610
11.990
12.370
12.750
13.140
13.510
13.890
14.270
14.640
15.020
15.410
15.780
16.160
16.540
16.940
17.340
17.720
18.100
18.490
18.880
19.260
19.650
20.030
20.410
20.800
21.190
21.570
21.960
22.360
22.740
23.130
23.530
23.910
24.280
24.660
25.050
25.430
25.840
26.230
26.620
26.990
27.370
27.750
28.130
28.510
28.900
29.280
29.660
30.050
30.430
30.810
31.200
31.580
31.950
32.340
32.720
33.110
33.490
33.890
34.280
34.660
35.040
35.430
35.840
36.220
36.610
36.990
37.390
37.790
38.170
38.560
38.950
39.330
39.720
40.110
40.490
40.870
41.260
41.650
42.040
42.410
42.800
43.200
43.590
43.960
44.350
44.730
45.120
45.510
45.890
46.280
46.670
47.050
47.440
47.830
48.210
48.600
48.960
49.360
49.750
50.150
50.540
50.930
51.300
51.700
52.090
52.470
52.860
53.250
53.620
54.010
54.390
54.790
55.170
55.560
55.940
56.340
56.720
57.100
57.480
57.880
58.250
58.640
59.040
59.420
59.800
60.190
60.580
60.970
61.360
61.740
62.120
62.500
62.880
63.280
63.660
64.040
64.410
64.800
65.180
65.550
65.920
66.310
66.690
67.070
67.450
67.820
68.220
68.590
68.970
69.350
69.740
70.110
70.480
70.860
71.260
71.640
72.010
72.400
72.790
73.170
73.550
73.940
74.330
74.730
75.100
75.500
75.880
76.250
76.630
77.020
77.390
77.790
78.170
78.570
78.960
79.330
79.720
80.120
80.500
80.880
81.270
81.660
82.050
82.430
82.820
83.210
83.610
84.000
84.390
84.770
85.170
85.560
85.960
86.340
86.730
87.120
87.500
87.900
88.300
88.680
89.060
89.460
89.840
90.220
90.610
91.010
91.410
91.790
92.170
92.560
92.950
93.330
93.710
94.110
94.490
94.880
95.270
95.660
96.040
96.440
96.820
97.210
97.600
97.990
98.360
98.750
99.120
99.530
99.910
100.310
100.690
101.080
101.470
101.850
102.240
102.630
103.000
103.390
103.780
104.160
104.550
104.940
105.330
105.720
106.110
106.490
106.880
107.270
107.660
108.050
108.450
108.830
109.220
109.610
110.000
110.390
110.760
111.150
111.540
111.920
112.300
112.690
113.080
113.470
113.860
114.250
114.640
115.030
115.420
115.810
116.200
116.590
116.960
117.350
117.730
118.120
118.510
118.900
119.280
119.660
120.030
120.410
120.810
121.190
121.580
121.960
122.350
122.740
123.130
123.510
123.830
124.160
124.470
124.800
125.120
125.430
125.760
126.080
126.390
126.720
127.040
127.360
127.670
128.000
128.310
128.640
128.950
129.270
