0.440
1.050
1.660
2.230
2.810
3.340
3.920
4.490
5.030
5.620
6.210
6.780
7.350
7.920
8.480
9.070
9.650
10.230
10.820
11.410
12.000
12.580
13.160
13.730
14.330
14.910
15.510
16.070
16.660
17.230
17.820
18.370
18.960
19.550
20.120
20.720
21.290
21.870
22.460
23.020
23.600
24.190
24.790
25.370
25.950
26.520
27.110
27.680
28.250
28.860
29.440
30.010
30.600
31.180
31.780
32.350
32.930
33.510
34.060
34.650
35.220
35.800
36.370
36.940
37.530
38.120
38.700
39.280
39.850
40.420
41.030
41.580
42.140
42.720
43.290
43.870
44.430
45.010
45.570
46.150
46.730
47.340
47.940
48.520
49.110
49.690
50.280
50.860
51.440
52.020
52.620
53.210
53.790
54.370
54.960
55.520
56.110
56.700
57.310
57.910
58.500
59.080
59.680
60.270
60.860
61.440
62.030
62.620
63.190
63.770
64.360
64.920
65.520
66.110
66.720
67.310
67.900
68.460
69.050
69.640
70.230
70.830
71.410
71.990
72.570
73.160
73.740
74.290
74.850
75.440
76.010
76.590
77.160
77.730
78.300
78.870
79.470
80.060
80.650
81.230
81.810
82.420
83.010
83.570
84.140
84.730
85.290
85.860
86.430
87.000
87.560
88.130
88.710
89.310
89.890
90.490
91.080
91.660
92.250
92.830
93.410
93.980
94.570
95.150
95.730
96.290
96.880
97.460
98.040
98.610
99.210
99.780
100.370
100.920
101.520
102.070
102.640
103.230
103.800
104.380
104.970
105.530
106.100
106.680
107.280
107.880
108.450
109.040
109.610
110.180
110.740
111.310
111.870
112.460
113.020
113.590
114.170
114.740
115.300
115.880
116.460
117.060
117.670
118.250
118.840
119.410
119.990
120.540
121.110
121.690
122.260
122.820
123.390
123.950
124.520
125.090
125.670
126.270
126.850
127.430
128.010
128.590
129.160
129.760
130.340
130.950
131.560
132.170
132.780
133.370
133.940
134.540
135.110
135.710
136.320
136.880
137.470
138.060
138.670
139.240
139.840
140.420
141.020
141.620
142.240
142.910
143.540
144.180
144.830
145.460
146.110
146.720
147.370
