0.100
0.630
1.160
1.670
2.180
2.700
3.230
3.750
4.280
4.810
5.320
5.800
6.320
6.820
7.340
7.850
8.340
8.860
9.370
9.880
10.370
10.880
11.370
11.880
12.370
12.890
13.390
13.910
14.400
14.910
15.410
15.900
16.390
16.890
17.380
17.870
18.360
18.850
19.340
19.850
20.350
20.870
21.380
21.890
22.390
22.910
23.410
23.910
24.420
24.930
25.450
25.970
26.480
27.010
27.530
28.030
28.540
29.040
29.570
30.080
30.580
31.100
31.620
32.130
32.660
33.180
33.690
34.200
34.720
35.220
35.740
36.270
36.760
37.280
37.790
38.290
38.790
39.310
39.840
40.340
40.860
41.360
41.870
42.380
42.890
43.410
43.930
44.440
44.950
45.460
45.970
46.490
47.000
47.510
48.030
48.550
49.090
49.590
50.110
50.620
51.140
51.680
52.220
52.730
53.250
53.760
54.270
54.780
55.270
55.770
56.300
56.780
57.270
57.770
58.280
58.790
59.320
59.840
60.340
60.860
61.360
61.880
62.370
62.870
63.390
63.910
64.410
64.930
65.430
65.940
66.450
66.950
67.460
67.990
68.500
69.010
69.530
70.030
70.540
71.060
71.560
72.070
72.580
73.090
73.600
74.110
74.620
75.130
75.640
76.140
76.640
77.150
77.660
78.150
78.680
79.170
79.690
80.210
80.710
81.220
81.720
82.230
82.740
83.260
83.770
84.280
84.780
85.280
85.800
86.310
86.820
87.320
87.830
88.360
88.870
89.360
89.880
90.390
90.910
91.450
91.970
92.470
93.000
93.520
94.010
94.520
95.060
95.560
96.100
96.610
97.120
97.620
98.130
98.630
99.140
99.640
100.140
100.620
101.110
101.610
102.130
102.640
103.160
103.680
104.160
104.660
105.180
105.690
106.190
106.710
107.230
107.720
108.240
108.750
109.270
109.780
110.280
110.790
111.290
111.800
112.310
112.820
113.320
113.840
114.350
114.850
115.360
115.870
116.380
116.890
117.400
117.900
118.400
118.900
119.420
119.920
120.420
120.920
121.430
121.940
122.450
122.970
123.470
123.990
124.490
124.990
125.500
126.010
126.520
127.030
127.540
128.060
128.550
129.060
129.570
130.080
130.590
131.100
131.620
132.130
132.630
133.130
133.640
134.160
134.660
135.170
135.690
136.190
136.700
137.220
137.720
138.230
138.760
139.260
139.780
140.290
140.800
141.310
141.810
142.320
142.860
143.370
143.890
144.390
144.910
145.420
145.920
146.380
146.870
147.340
147.840
148.300
148.800
149.280
