0.490
1.060
1.590
2.140
2.680
3.220
3.750
4.290
4.820
5.380
5.930
6.440
7.000
7.580
8.140
8.680
9.230
9.780
10.330
10.870
11.410
11.950
12.510
13.040
13.590
14.120
14.670
15.210
15.760
16.310
16.850
17.400
17.960
18.500
19.020
19.570
20.090
20.640
21.190
21.730
22.260
22.810
23.340
23.870
24.410
24.940
25.470
26.000
26.530
27.060
27.590
28.120
28.640
29.180
29.720
30.260
30.790
31.310
31.830
32.370
32.880
33.420
33.970
34.500
35.020
35.580
36.120
36.680
37.210
37.770
38.340
38.850
39.400
39.930
40.460
40.990
41.520
42.050
42.570
43.100
43.630
44.150
44.690
45.230
45.770
46.290
46.840
47.350
47.900
48.410
48.950
49.470
49.990
50.530
51.060
51.580
52.120
52.660
53.200
53.720
54.250
54.810
55.330
55.860
56.380
56.920
57.460
57.990
58.500
59.050
59.570
60.090
60.630
61.030
61.410
61.790
62.180
62.560
62.920
63.290
63.680
64.050
64.420
64.800
65.190
65.560
65.930
66.300
66.660
67.040
67.400
67.770
68.130
68.510
68.870
69.230
69.590
69.960
70.340
70.710
71.070
71.440
71.790
72.150
72.520
72.870
73.240
73.600
73.960
74.310
74.680
75.050
75.410
75.790
76.160
76.530
76.880
77.250
77.600
77.950
78.310
78.670
79.030
79.380
79.730
80.080
80.460
80.810
81.170
81.530
81.890
82.240
82.600
82.950
83.320
83.680
84.030
84.380
84.740
85.100
85.480
85.840
86.220
86.580
87.030
87.560
88.080
88.640
89.170
89.750
90.310
90.830
91.380
91.930
92.470
93.000
93.530
94.070
94.600
95.140
95.670
96.210
96.760
97.290
97.830
98.390
98.910
99.460
100.000
100.530
101.070
101.600
102.130
102.670
103.230
103.750
104.290
104.840
105.380
105.920
106.440
106.990
107.520
108.060
108.600
109.130
109.650
110.180
110.720
111.260
111.780
112.320
112.830
113.380
113.900
114.440
114.940
115.470
116.010
116.520
117.070
117.610
118.180
118.720
119.270
119.800
120.370
120.900
121.440
121.990
122.530
123.080
123.610
124.150
124.680
125.220
125.750
126.300
126.860
127.400
127.950
128.480
129.020
129.560
130.080
130.640
131.170
131.710
132.240
132.790
133.330
133.860
134.390
134.930
135.470
136.010
136.530
137.080
137.600
138.130
138.660
139.180
139.710
140.260
140.780
141.320
141.860
142.410
142.940
143.470
144.000
144.540
145.070
145.610
146.170
146.710
147.260
147.800
148.360
148.900
149.430
149.990
150.500
151.050
151.580
152.130
152.690
153.230
153.770
154.350
154.910
155.480
156.060
156.630
