0.190
0.560
0.920
1.280
1.640
2.030
2.390
2.750
3.120
3.500
3.860
4.210
4.580
4.940
5.310
5.670
6.030
6.410
6.770
7.130
7.500
7.870
8.230
8.590
8.940
9.310
9.680
10.030
10.390
10.760
11.140
11.490
11.860
12.220
12.580
12.930
13.290
13.650
14.010
14.360
14.720
15.060
15.430
15.770
16.130
16.500
16.860
17.220
17.590
17.930
18.310
18.670
19.030
19.380
19.770
20.120
20.490
20.860
21.210
21.570
21.920
22.260
22.620
22.980
23.360
23.720
24.080
24.440
24.810
25.190
25.550
25.920
26.270
26.640
27.010
27.380
27.750
28.120
28.480
28.840
29.210
29.600
29.940
30.310
30.660
31.030
31.410
31.780
32.140
32.510
32.880
33.260
33.610
34.000
34.350
34.710
35.090
35.450
35.810
36.160
36.510
36.880
37.250
37.610
37.950
38.340
38.710
39.060
39.430
39.780
40.150
40.500
40.860
41.230
41.580
41.960
42.340
42.690
43.050
43.420
43.770
44.120
44.500
44.860
45.220
45.580
45.930
46.290
46.660
47.010
47.390
47.760
48.130
48.500
48.860
49.240
49.600
49.940
50.300
50.660
51.030
51.390
51.760
52.130
52.500
52.870
53.240
53.620
53.970
54.330
54.700
55.050
55.410
55.770
56.140
56.500
56.870
57.230
57.600
57.950
58.320
58.710
59.060
59.430
59.780
60.140
60.510
60.880
61.240
61.600
61.960
62.330
62.700
63.070
63.440
63.810
64.160
64.530
64.900
65.270
65.660
66.020
66.390
66.730
67.100
67.450
67.790
68.130
68.500
68.840
69.190
69.520
69.870
70.220
70.590
70.930
71.290
71.630
71.980
72.330
72.670
73.020
73.370
73.720
74.050
74.380
74.720
75.070
75.410
75.750
76.080
76.430
76.760
77.100
77.440
77.780
78.120
78.460
78.790
79.110
79.450
79.770
80.110
80.430
80.770
81.120
81.460
81.800
82.150
82.490
82.830
83.170
83.510
83.850
84.210
84.550
84.890
85.230
85.570
85.910
86.250
86.600
86.950
87.290
87.630
87.960
88.300
88.650
88.980
89.320
89.660
90.000
90.320
90.660
90.990
91.320
91.660
92.010
92.350
92.700
93.050
93.390
93.740
94.090
94.430
94.770
95.130
95.470
95.810
96.160
96.510
96.860
97.180
97.540
97.880
98.210
98.560
98.900
99.260
99.620
99.950
100.310
100.650
100.980
101.330
101.670
102.010
102.350
102.690
103.020
103.360
103.690
104.030
104.390
104.730
105.060
105.390
105.730
106.070
106.400
106.740
107.080
107.410
107.750
108.090
108.430
108.770
109.090
109.440
109.760
110.110
110.460
110.780
111.140
111.470
111.810
112.150
112.490
112.830
113.180
113.500
113.850
114.190
114.520
114.870
115.210
115.560
115.900
116.240
116.580
116.920
117.250
117.590
117.930
118.270
118.610
118.940
119.280
119.620
119.960
120.290
120.630
120.960
121.290
121.630
121.960
122.300
122.630
122.990
123.310
123.660
124.000
124.340
124.690
125.030
125.360
125.690
126.030
126.360
126.690
127.020
127.370
127.700
128.030
128.360
128.690
129.040
129.380
129.700
130.040
130.400
130.730
131.060
131.370
131.720
132.050
132.380
132.710
133.040
133.360
133.700
134.020
134.350
134.670
135.010
135.350
135.670
136.000
136.330
136.650
136.980
137.310
137.640
137.970
138.300
138.620
138.950
139.260
139.590
139.920
140.230
140.560
140.900
141.220
141.560
141.890
142.220
142.540
142.870
143.180
143.510
143.860
144.180
144.490
144.810
145.130
145.460
145.770
146.120
146.450
146.780
147.100
147.440
147.750
148.080
148.420
148.770
149.120
149.450
149.790
150.120
150.460
150.790
151.120
151.450
151.780
152.100
152.410
152.750
153.070
153.410
153.740
154.070
154.390
154.720
155.050
155.380
155.710
156.050
156.390
156.720
157.050
157.370
157.690
158.020
158.350
158.680
159.030
159.360
159.690
160.030
160.360
160.690
161.020
161.360
161.690
162.020
162.340
162.680
163.000
163.340
163.670
164.000
164.320
164.660
164.990
165.310
165.640
165.950
166.290
166.620
166.960
167.270
167.610
167.930
168.270
168.600
168.930
169.270
169.600
169.940
170.280
170.600
170.930
171.260
171.600
171.910
172.230
172.560
172.880
173.210
173.550
173.880
174.210
174.540
174.870
175.200
175.530
175.860
176.200
176.510
176.840
177.170
177.490
177.810
178.140
178.460
178.790
179.140
179.460
179.790
180.110
180.440
180.780
181.100
181.440
181.760
182.090
182.420
182.750
183.090
183.430
183.770
184.100
184.430
184.760
185.090
185.420
185.740
186.080
186.400
186.720
187.040
187.360
187.690
188.020
188.340
188.670
188.990
189.320
189.650
189.980
190.330
190.660
190.980
191.300
191.620
191.940
192.260
192.580
192.910
193.220
193.550
193.870
194.190
194.520
194.850
195.170
195.490
195.820
196.130
196.460
196.780
197.090
197.410
197.730
198.050
198.370
198.700
199.030
199.340
199.670
200.010
200.320
200.640
200.960
201.280
201.610
201.920
202.240
202.560
202.870
203.180
203.500
203.810
204.120
204.430
204.750
205.070
205.400
205.720
206.030
206.360
206.680
207.000
207.310
207.640
207.950
208.260
208.560
208.880
209.180
209.490
209.810
210.110
210.430
210.740
211.040
211.360
211.680
212.000
212.320
212.640
212.960
213.270
213.570
213.880
214.190
214.500
214.810
215.120
215.440
215.750
216.050
216.360
216.680
216.990
217.300
217.610
217.920
218.230
218.530
218.850
219.160
219.470
219.780
220.080
220.390
220.710
221.020
221.340
221.660
221.980
222.310
222.610
222.920
223.220
223.520
223.820
224.140
224.440
224.750
225.060
225.370
225.680
226.000
226.310
226.620
226.930
227.240
227.540
227.850
228.170
228.480
228.790
229.090
229.400
229.720
230.020
230.340
230.640
230.950
231.260
231.570
231.880
232.200
232.510
232.810
233.110
233.410
233.700
234.000
234.300
234.620
234.930
235.230
235.550
235.850
236.170
236.470
236.790
237.100
237.400
237.690
238.000
238.290
238.590
238.890
239.200
239.490
239.790
240.100
240.390
240.690
241.000
241.290
241.590
241.890
242.200
