0.390
0.860
1.330
1.790
2.250
2.700
3.180
3.630
4.120
4.570
5.040
5.490
5.950
6.410
6.870
7.340
7.800
8.260
8.720
9.170
9.630
10.090
10.560
11.010
11.480
11.940
12.400
12.840
13.310
13.780
14.270
14.760
15.210
15.650
16.090
16.550
17.000
17.470
17.910
18.390
18.850
19.290
19.750
20.220
20.690
21.130
21.590
22.060
22.500
22.970
23.420
23.850
24.310
24.770
25.230
25.680
26.120
26.590
27.040
27.520
27.990
28.450
28.920
29.380
29.860
30.320
30.780
31.240
31.710
32.170
32.640
33.090
33.550
34.010
34.500
34.960
35.440
35.900
36.380
36.840
37.310
37.770
38.250
38.710
39.180
39.640
40.100
40.570
41.040
41.510
41.990
42.440
42.930
43.380
43.860
44.310
44.770
45.240
45.720
46.180
46.670
47.140
47.600
48.070
48.520
48.990
49.440
49.910
50.390
50.850
51.320
51.790
52.230
52.700
53.170
53.630
54.100
54.580
55.030
55.500
55.990
56.430
56.890
57.350
57.820
58.290
58.730
59.190
59.660
60.110
60.590
61.040
61.520
61.980
62.460
62.920
63.390
63.860
64.330
64.780
65.260
65.720
66.190
66.650
67.120
67.600
68.070
68.540
69.020
69.480
69.960
70.430
70.900
71.360
71.840
72.300
72.770
73.230
73.720
74.170
74.660
75.130
75.610
76.080
76.550
77.010
77.500
77.950
78.430
78.880
79.360
79.820
80.280
80.740
81.220
81.690
82.150
82.610
83.070
83.540
84.000
84.460
84.940
85.400
85.850
86.320
86.770
87.230
87.730
88.200
88.680
89.130
89.600
90.050
90.500
90.960
91.430
91.870
92.320
92.790
93.230
93.700
94.140
94.600
95.040
95.490
95.950
96.390
96.830
97.300
97.750
98.200
98.680
99.120
99.590
100.040
100.500
100.950
101.380
101.830
102.280
102.730
103.200
103.650
104.090
104.570
105.010
105.480
105.920
106.380
106.830
107.260
107.710
108.150
108.600
109.060
109.500
109.950
110.430
110.880
111.350
111.800
112.250
112.700
113.130
113.580
114.010
114.470
114.930
115.370
115.830
116.300
116.750
117.220
117.690
118.140
118.590
119.030
119.460
119.900
120.350
120.790
121.230
121.690
122.150
122.600
123.080
123.530
124.000
124.450
124.900
125.370
125.810
126.270
126.730
127.170
127.620
128.060
128.510
128.970
129.410
129.870
130.330
130.760
131.240
131.700
132.190
132.650
133.130
133.600
134.070
134.510
134.990
135.450
135.930
136.390
136.860
137.310
137.770
138.230
138.690
139.150
139.630
140.090
140.580
141.040
141.520
141.990
142.460
142.920
143.390
143.860
144.310
144.780
145.250
145.700
146.180
146.640
147.130
147.580
148.070
148.540
149.010
149.460
149.950
150.420
150.890
151.360
151.830
152.300
152.760
153.210
153.670
154.140
154.610
155.080
155.550
156.010
156.460
156.930
157.400
157.850
158.310
158.780
159.220
159.690
160.170
160.620
161.100
161.570
162.030
162.480
162.960
163.430
163.900
164.360
164.810
165.280
165.750
166.190
166.670
167.140
167.630
168.100
168.570
169.020
169.480
169.940
170.420
170.870
171.330
171.800
172.260
172.720
173.210
173.670
174.150
174.610
175.050
175.510
175.990
176.450
176.900
177.380
177.830
178.300
178.770
179.240
179.720
180.180
180.670
181.110
181.570
182.040
182.480
182.930
183.410
183.860
184.310
184.770
185.230
