0.220
0.640
1.100
1.530
1.970
2.400
2.850
3.290
3.740
4.160
4.610
5.050
5.480
5.920
6.340
6.770
7.230
7.660
8.100
8.550
9.000
9.430
9.880
10.330
10.780
11.230
11.680
12.140
12.590
13.040
13.500
13.960
14.410
14.870
15.320
15.770
16.220
16.680
17.130
17.580
18.030
18.480
18.930
19.400
19.840
20.300
20.760
21.210
21.660
22.120
22.560
23.020
23.470
23.920
24.370
24.820
25.280
25.730
26.180
26.640
27.090
27.550
28.010
28.470
28.920
29.370
29.820
30.270
30.720
31.180
31.630
32.090
32.530
32.980
33.440
33.900
34.350
34.800
35.260
35.720
36.170
36.620
37.070
37.530
37.980
38.440
38.900
39.350
39.810
40.260
40.710
41.160
41.620
42.070
42.510
42.980
43.420
43.870
44.330
44.800
45.240
45.700
46.160
46.620
47.070
47.520
47.970
48.430
48.900
49.350
49.810
50.280
50.710
51.160
51.600
52.050
52.500
52.950
53.390
53.840
54.290
54.750
55.190
55.650
56.120
56.570
57.020
57.480
57.920
58.370
58.830
59.290
59.740
60.200
60.650
61.110
61.560
62.030
62.490
62.950
63.420
63.860
64.330
64.790
65.240
65.710
66.160
66.620
67.080
67.530
67.980
68.440
68.900
69.340
69.800
70.270
70.720
71.180
71.640
72.110
72.560
73.020
73.500
73.960
74.410
74.870
75.320
75.770
76.220
76.700
77.150
77.610
78.060
78.530
78.980
79.440
79.890
80.340
80.790
81.250
81.700
82.160
82.620
83.070
83.520
83.990
84.440
84.900
85.360
85.820
86.270
86.730
87.180
87.630
88.090
88.540
89.000
89.460
89.900
90.360
90.820
91.280
91.740
92.210
92.660
93.110
93.570
94.040
94.500
94.970
95.430
95.890
96.350
96.810
97.250
97.720
98.170
98.640
99.090
99.560
100.010
100.470
100.940
101.400
101.860
102.320
102.780
103.240
103.690
104.160
104.620
105.070
105.530
105.990
106.450
106.910
107.380
107.830
108.290
108.760
109.210
109.670
110.130
110.580
111.040
111.500
111.950
112.420
112.870
113.340
113.800
114.260
114.710
115.170
115.620
116.080
116.520
116.970
117.420
117.890
118.340
118.790
119.260
119.720
120.160
120.620
121.090
121.550
122.010
122.470
122.930
123.390
123.850
124.300
124.750
125.200
125.660
126.120
126.590
127.050
127.510
127.960
128.430
128.880
129.340
129.790
130.250
130.700
131.160
131.610
132.080
132.520
132.990
133.450
133.900
134.370
134.820
135.290
135.750
136.210
136.670
137.130
137.590
138.040
138.490
138.920
139.380
139.820
140.290
140.730
141.190
141.650
142.110
142.560
143.040
143.480
143.940
144.400
144.860
145.320
145.770
146.230
146.680
147.140
147.610
148.070
148.530
148.970
149.420
149.890
150.340
150.770
151.240
151.670
152.140
152.570
153.040
