0.360
0.810
1.280
1.770
2.240
2.730
3.200
3.680
4.170
4.650
5.130
5.590
6.080
6.550
7.010
7.480
7.950
8.430
8.880
9.350
9.820
10.310
10.760
11.190
11.640
12.100
12.550
13.020
13.490
13.940
14.400
14.870
15.320
15.750
16.200
16.680
17.120
17.590
18.050
18.520
18.980
19.420
19.870
20.330
20.790
21.240
21.700
22.170
22.640
23.080
23.540
24.020
24.470
24.940
25.380
25.850
26.320
26.770
27.220
27.690
28.150
28.600
29.070
29.540
29.980
30.420
30.860
31.310
31.750
32.190
32.640
33.100
33.550
34.010
34.450
34.910
35.390
35.840
36.310
36.780
37.240
37.720
38.180
38.650
39.130
39.580
40.050
40.520
41.000
41.470
41.950
42.400
42.870
43.330
43.780
44.230
44.670
45.110
45.560
46.030
46.480
46.930
47.370
47.840
48.300
48.760
49.210
49.670
50.140
50.600
51.040
51.500
51.960
52.410
52.860
53.300
53.740
54.200
54.640
55.110
55.570
56.030
56.490
56.980
57.450
57.890
58.330
58.770
59.220
59.640
60.080
60.530
60.990
61.430
61.890
62.350
62.790
63.230
63.680
64.130
64.580
65.030
65.490
65.940
66.400
66.850
67.280
67.740
68.220
68.670
69.150
69.620
70.080
70.540
71.000
71.470
71.940
72.400
72.850
73.300
73.770
74.210
74.660
75.100
75.530
75.940
76.370
76.800
77.230
77.660
78.080
78.510
78.940
79.340
79.760
80.200
80.620
81.030
81.460
81.890
82.310
82.730
83.150
83.580
84.000
84.430
84.860
85.300
85.740
86.150
86.580
87.030
87.440
87.890
88.320
88.740
89.160
89.570
89.990
90.420
90.840
91.240
91.670
92.100
92.520
92.920
93.360
93.770
94.200
94.600
95.030
95.460
95.880
96.280
96.710
97.140
97.550
97.960
98.400
98.830
99.270
99.680
100.110
100.550
100.980
101.410
101.860
102.330
102.790
103.250
103.700
104.160
104.610
105.060
105.510
105.970
106.420
106.870
107.310
107.750
108.170
108.610
109.050
109.490
109.930
110.390
110.830
111.290
111.750
112.200
112.650
113.090
113.520
113.970
114.420
114.860
115.280
115.740
116.160
116.600
117.040
117.490
117.950
118.400
118.840
119.300
119.750
120.200
120.640
121.100
121.540
122.000
122.450
122.910
123.350
123.800
124.250
124.680
125.120
125.560
126.020
126.450
126.870
127.310
127.740
128.180
128.620
129.050
129.490
129.930
130.370
130.820
131.270
131.730
132.180
132.640
133.070
133.540
133.980
134.450
134.900
135.350
135.800
136.270
136.730
137.170
137.630
138.090
138.550
138.990
139.460
139.910
140.360
140.810
141.260
141.720
142.200
142.640
143.100
143.550
144.000
144.440
144.880
145.350
145.800
146.250
146.690
147.120
147.560
147.990
148.430
148.880
149.310
149.790
150.240
150.700
151.150
151.610
152.060
152.530
152.970
153.430
153.870
154.320
154.760
155.200
155.640
156.090
156.540
156.980
157.440
157.870
158.310
158.750
159.210
159.670
160.110
160.560
161.010
161.450
161.910
162.370
162.810
163.280
163.730
164.190
164.640
165.100
165.550
166.000
166.450
166.900
167.360
167.790
168.230
168.660
169.080
169.500
169.940
170.390
170.850
171.300
171.750
172.240
172.720
173.240
173.730
174.230
174.720
175.200
175.660
176.130
176.590
177.050
177.500
177.950
178.380
178.830
179.300
179.750
180.210
180.670
181.160
181.610
182.080
182.570
