0.430
1.100
1.730
2.350
3.000
3.630
4.240
4.880
5.500
6.130
6.760
7.390
8.010
8.630
9.260
9.880
10.510
11.130
11.780
12.380
13.030
13.630
14.270
14.860
15.500
16.110
16.740
17.340
17.970
18.610
19.220
19.840
20.470
21.090
21.710
22.330
22.930
23.550
24.170
24.810
25.410
26.040
26.650
27.290
27.890
28.520
29.130
29.760
30.370
31.010
31.610
32.260
32.880
33.510
34.120
34.760
35.380
36.000
36.630
37.270
37.900
38.530
39.150
39.770
40.400
41.020
41.650
42.270
42.900
43.510
44.140
44.780
45.390
46.030
46.630
47.260
47.880
48.510
49.130
49.750
50.390
51.020
51.640
52.290
52.880
53.520
54.140
54.790
55.390
56.020
56.640
57.280
57.890
58.520
59.130
59.770
60.360
60.990
61.610
62.240
62.850
63.480
64.090
64.720
65.340
65.960
66.590
67.200
67.810
68.440
69.060
69.680
70.310
70.930
71.550
72.170
72.780
73.400
74.000
74.600
75.210
75.820
76.430
77.040
77.640
78.250
78.860
79.460
80.080
80.700
81.300
81.910
82.520
83.140
83.760
84.390
85.000
85.620
86.230
86.870
87.470
88.080
88.710
89.330
89.940
90.560
91.210
91.830
92.450
93.080
93.700
94.300
94.920
95.540
96.180
96.800
97.430
98.040
98.640
99.270
99.910
100.530
101.160
101.770
102.410
103.000
103.630
104.260
104.890
105.510
106.120
106.740
107.380
108.000
108.630
109.260
109.880
110.530
111.150
111.760
112.350
113.000
113.600
114.230
114.840
115.470
116.080
116.700
117.310
117.930
118.530
119.160
119.760
120.390
121.010
121.620
122.250
122.850
123.480
124.100
124.730
125.350
126.000
126.600
127.250
127.860
128.530
129.130
129.790
130.410
131.040
131.650
132.270
132.880
133.520
134.120
134.740
135.370
136.000
136.620
137.250
137.860
138.490
139.110
139.760
140.360
141.020
141.640
142.280
142.880
143.490
144.090
144.710
145.310
145.940
146.550
147.170
147.770
148.400
149.030
149.640
150.240
150.880
151.510
152.110
152.740
153.370
