0.230
0.640
1.020
1.430
1.840
2.220
2.610
3.010
3.390
3.790
4.180
4.580
4.980
5.390
5.780
6.190
6.600
7.000
7.390
7.790
8.200
8.590
8.980
9.390
9.780
10.160
10.560
10.940
11.320
11.700
12.100
12.480
12.880
13.290
13.680
14.080
14.470
14.870
15.250
15.630
16.000
16.370
16.770
17.140
17.520
17.920
18.290
18.690
19.080
19.470
19.860
20.240
20.640
21.020
21.400
21.790
22.170
22.570
22.960
23.350
23.730
24.100
24.490
24.860
25.240
25.630
26.030
26.420
26.800
27.200
27.580
27.990
28.380
28.790
29.170
29.580
29.970
30.360
30.750
31.140
31.510
31.910
32.290
32.680
33.070
33.460
33.870
34.250
34.620
35.000
35.400
35.780
36.180
36.570
36.950
37.360
37.760
38.140
38.530
38.920
39.310
39.700
40.100
40.490
40.860
41.250
41.640
42.030
42.430
42.820
43.210
43.610
43.990
44.390
44.780
45.170
45.550
45.910
46.290
46.690
47.070
47.450
47.830
48.190
48.570
48.970
49.360
49.740
50.130
50.540
50.930
51.320
51.710
52.080
52.470
52.860
53.250
53.670
54.050
54.450
54.840
55.210
55.600
55.970
56.360
56.750
57.130
57.510
57.910
58.310
58.680
59.070
59.450
59.850
60.230
60.600
60.990
61.350
61.730
62.110
62.500
62.910
63.300
63.690
64.070
64.470
64.850
65.250
65.620
66.030
66.420
66.800
67.180
67.540
67.910
68.290
68.660
69.050
69.430
69.800
70.200
70.600
70.980
71.370
71.750
72.160
72.540
72.940
73.320
73.710
74.080
74.450
74.850
75.220
75.580
75.970
76.320
76.700
77.100
77.480
77.860
78.270
78.660
79.040
79.440
79.830
80.210
80.590
80.990
81.360
81.750
82.130
82.490
82.870
83.260
83.640
84.020
84.430
84.820
85.200
85.570
85.950
86.320
86.700
87.090
87.460
87.850
88.230
88.600
88.990
89.360
89.750
90.140
90.550
90.960
91.340
91.740
92.100
92.500
92.860
93.240
93.620
94.000
94.400
94.770
95.150
95.550
95.940
96.330
96.720
97.100
97.480
97.850
98.250
98.610
98.990
99.380
99.780
100.160
100.540
100.910
101.310
101.690
102.060
102.440
102.830
103.200
103.580
103.970
104.360
104.760
105.140
105.520
105.900
106.280
106.670
107.070
107.460
107.860
108.250
108.630
109.030
109.420
109.810
110.190
110.590
110.970
111.350
111.740
112.130
112.520
112.910
113.440
114.060
114.820
115.600
116.350
117.110
117.870
118.630
119.400
120.160
120.920
121.690
122.460
123.220
123.960
124.740
125.450
126.200
126.940
127.700
128.430
129.160
129.900
130.620
131.340
132.000
132.670
133.090
133.520
133.890
134.260
134.640
135.000
135.360
135.730
136.110
136.480
136.850
137.210
137.580
137.930
138.290
138.660
139.040
139.390
139.760
140.130
140.490
140.850
141.220
141.590
141.940
142.320
142.690
143.050
143.410
143.770
144.140
144.500
144.870
145.230
145.600
145.970
146.330
146.700
147.060
147.420
147.790
148.160
148.520
148.890
149.260
149.620
149.990
150.350
150.700
151.070
151.430
151.790
152.150
152.510
152.870
153.240
153.600
153.960
154.310
154.680
155.030
155.390
155.750
156.120
156.490
156.860
157.230
157.600
157.950
158.310
158.680
159.050
159.420
159.780
160.140
160.500
160.860
161.240
161.610
161.970
162.330
162.690
163.050
163.420
163.780
164.130
164.500
164.870
165.230
165.590
165.950
166.310
166.670
167.030
167.390
167.750
168.100
168.460
168.810
169.170
169.530
169.900
170.260
170.610
170.990
171.350
171.720
172.100
172.470
172.840
173.210
173.570
173.930
174.290
174.660
175.020
175.400
175.770
176.130
176.510
176.860
177.230
177.590
177.960
178.330
178.680
179.040
179.430
179.780
180.160
180.530
180.900
181.280
181.650
182.000
182.370
182.740
183.100
183.450
183.810
184.190
184.550
184.900
185.260
185.630
185.990
186.340
186.700
187.070
187.430
187.800
188.160
188.530
188.890
189.250
189.620
189.970
190.340
190.710
191.070
191.430
191.790
192.150
192.510
192.890
193.270
193.630
194.000
194.360
194.740
195.110
195.480
195.820
196.200
196.560
196.920
197.290
197.660
198.030
198.400
198.770
199.160
199.520
199.890
200.260
200.630
201.010
201.380
201.760
202.140
202.500
202.870
203.230
203.600
203.970
204.350
204.710
205.090
205.460
205.820
206.190
206.570
206.930
207.310
207.670
208.050
208.430
208.780
209.130
209.490
209.870
210.220
210.590
210.970
211.330
211.710
212.070
212.430
212.810
213.170
213.560
213.910
214.270
214.630
215.010
215.370
215.750
216.110
216.480
216.860
217.230
217.610
217.970
218.340
218.700
219.060
219.420
219.800
220.160
220.510
220.870
221.250
221.610
221.970
222.350
222.720
223.090
223.450
223.800
224.160
224.520
224.910
225.280
225.650
226.020
226.370
226.740
227.110
227.470
227.830
228.190
228.570
228.920
229.270
229.640
230.000
230.370
230.730
231.090
231.430
231.790
232.150
232.520
232.890
233.250
233.610
233.970
234.350
234.700
235.070
235.430
235.790
236.170
236.530
236.890
237.250
237.600
237.970
238.460
239.060
239.790
240.520
241.220
241.940
242.680
243.380
244.070
244.780
245.490
246.210
246.890
247.590
248.310
249.040
249.760
250.450
251.120
251.820
252.510
253.180
253.920
254.580
255.280
255.980
256.700
257.440
258.120
258.870
259.620
260.360
261.150
261.890
262.640
263.380
264.110
264.900
265.650
266.390
267.290
268.130
268.990
269.920
270.800
271.780
272.740
273.640
274.710
275.740
276.720
277.780
278.770
279.830
280.900
281.990
283.040
284.150
285.220
286.210
287.140
288.220
289.300
290.430
291.480
292.450
293.440
294.460
295.530
296.520
297.560
298.610
299.630
300.650
301.690
302.710
303.710
304.750
305.800
306.820
307.770
308.750
309.670
310.280
310.900
311.560
312.190
312.820
313.410
314.040
314.650
315.250
315.890
316.490
317.080
317.730
318.340
318.940
319.580
320.190
320.830
321.430
322.030
322.630
323.270
323.880
324.480
325.110
325.720
326.340
326.960
327.570
328.170
328.800
329.420
330.000
330.650
331.260
331.900
332.520
333.180
