0.140
0.470
0.810
1.160
1.500
1.830
2.170
2.500
2.850
3.180
3.500
3.840
4.180
4.510
4.830
5.170
5.500
5.830
6.160
6.500
6.840
7.170
7.500
7.840
8.180
8.500
8.840
9.170
9.510
9.830
10.180
10.510
10.850
11.180
11.530
11.860
12.210
12.540
12.890
13.220
13.570
13.900
14.250
14.590
14.940
15.280
15.640
15.970
16.320
16.660
17.000
17.340
17.690
18.020
18.380
18.710
19.060
19.400
19.740
20.090
20.440
20.780
21.130
21.480
21.820
22.170
22.540
22.880
23.220
23.570
23.920
24.260
24.610
24.950
25.310
25.640
26.000
26.340
26.690
27.030
27.380
27.720
28.070
28.410
28.770
29.120
29.460
29.810
30.170
30.500
30.850
31.210
31.560
31.910
32.260
32.600
32.960
33.300
33.650
33.980
34.340
34.680
35.050
35.390
35.750
36.080
36.430
36.770
37.120
37.470
37.830
38.180
38.520
38.870
39.230
39.580
39.910
40.270
40.620
40.960
41.300
41.640
41.990
42.330
42.690
43.040
43.400
43.750
44.110
44.450
44.800
45.160
45.510
45.850
46.210
46.560
46.920
47.260
47.610
47.970
48.330
48.680
49.030
49.380
49.730
50.070
50.420
50.770
51.130
51.480
51.830
52.180
52.530
52.890
53.240
53.590
53.930
54.280
54.630
54.970
55.330
55.650
56.010
56.350
56.700
57.050
57.410
57.760
58.120
58.460
58.820
59.170
59.530
59.880
60.220
60.580
60.930
61.280
61.630
61.980
62.340
62.690
63.050
63.400
63.760
64.090
64.450
64.800
65.160
65.500
65.860
66.210
66.560
66.930
67.300
67.640
68.000
68.350
68.700
69.050
69.400
69.740
70.100
70.430
70.790
71.130
71.480
71.830
72.180
72.530
72.890
73.230
73.580
73.940
74.290
74.640
74.980
75.340
75.700
76.050
76.410
76.750
77.110
77.440
77.790
78.150
78.510
78.850
79.210
79.560
79.910
80.260
80.610
80.940
81.310
81.640
82.000
82.340
82.700
83.050
83.400
83.750
84.100
84.460
84.820
85.170
85.530
85.880
86.240
86.580
86.940
87.290
87.630
87.980
88.330
88.670
89.010
89.350
89.710
90.050
90.400
90.750
91.110
91.450
91.810
92.160
92.510
92.860
93.220
93.570
93.910
94.270
94.620
94.980
95.330
95.670
96.020
96.380
96.740
97.090
97.440
97.790
98.150
98.500
98.850
99.200
99.550
99.890
100.230
100.580
100.940
101.290
101.630
101.980
102.350
102.680
103.040
103.380
103.740
104.090
104.460
104.810
105.170
105.520
105.880
106.240
106.600
106.950
107.310
107.660
108.020
108.370
108.730
109.070
109.440
109.780
110.140
110.490
110.850
111.200
111.560
111.910
112.280
112.630
112.980
113.340
113.710
114.050
114.410
114.760
115.110
115.460
115.810
116.170
116.520
116.870
117.220
117.570
117.920
118.270
118.610
118.950
119.310
119.660
120.010
120.350
120.690
121.030
121.380
121.730
122.080
122.420
122.770
123.120
123.470
123.810
124.170
124.510
124.850
125.200
125.550
125.900
126.240
126.590
126.930
127.300
127.650
127.990
128.350
128.690
129.050
129.400
129.730
130.080
130.440
130.800
131.140
131.460
131.780
132.100
132.420
132.730
133.050
133.380
133.700
134.010
134.340
134.650
