0.590
1.390
2.290
3.110
3.980
4.910
5.790
6.720
7.560
8.460
9.360
10.110
10.910
11.660
12.400
13.120
13.860
14.570
15.330
16.050
16.810
17.530
18.260
18.980
19.700
20.420
21.130
21.850
22.600
23.310
24.030
24.750
25.470
26.190
26.910
27.650
28.360
29.080
29.800
30.530
31.260
31.960
32.690
33.410
34.170
34.900
35.610
36.320
37.020
37.740
38.470
39.200
39.930
40.660
41.370
42.080
42.800
43.510
44.240
44.960
45.680
46.420
47.140
47.860
48.590
49.310
50.030
50.750
51.480
52.210
52.940
53.670
54.380
55.100
55.810
56.530
57.280
57.980
58.710
59.440
60.170
60.890
61.590
62.310
63.040
63.760
64.460
65.150
65.880
66.620
67.310
68.020
68.770
69.500
70.230
70.950
71.660
72.380
73.100
73.810
74.560
75.290
76.000
76.710
77.440
78.160
78.860
79.590
80.320
81.050
81.750
82.460
83.190
83.910
84.640
85.360
86.080
86.820
87.550
88.300
89.000
89.700
90.410
91.140
91.890
92.610
93.350
94.060
94.810
95.540
96.260
96.960
97.680
98.390
99.130
99.810
100.550
101.260
101.960
102.680
103.430
104.170
104.910
105.630
106.360
107.100
107.830
108.560
109.330
110.070
110.770
111.500
112.220
112.940
113.660
114.380
115.130
115.860
116.570
117.290
118.020
118.750
119.460
120.180
120.920
121.650
122.400
123.130
123.850
124.550
125.260
125.970
126.740
127.470
128.180
128.920
129.630
130.380
131.100
131.810
132.580
133.330
134.060
134.780
135.530
136.280
137.030
137.790
138.510
139.180
139.890
140.630
141.340
142.010
142.690
143.330
143.950
144.620
145.240
