0.400
1.170
1.950
2.740
3.520
4.290
5.040
5.810
6.610
7.360
8.130
8.890
9.670
10.430
11.200
11.980
12.760
13.490
14.260
15.020
15.800
16.540
17.300
18.070
18.830
19.570
20.320
21.060
21.830
22.580
23.350
24.100
24.860
25.580
26.370
27.110
27.880
28.620
29.390
30.170
30.910
31.660
32.420
33.180
33.970
34.710
35.460
36.210
36.970
37.700
38.470
39.220
39.980
40.710
41.470
42.230
42.950
43.700
44.460
45.220
45.980
46.710
47.510
48.230
48.990
49.750
50.490
51.230
51.990
52.720
53.510
54.250
54.980
55.730
56.500
57.260
57.990
58.710
59.440
60.230
60.940
61.710
62.460
63.200
63.960
64.700
65.440
66.200
66.940
67.700
68.430
69.180
69.920
70.660
71.380
72.150
72.890
73.620
74.370
75.100
75.870
76.600
77.360
78.070
78.820
79.550
80.320
81.070
81.810
82.550
83.330
84.040
84.820
85.560
86.340
87.070
87.850
88.590
89.330
90.110
90.850
91.590
92.320
93.080
93.830
94.610
95.360
96.100
96.830
97.570
98.310
99.030
99.800
100.530
101.310
102.070
102.790
103.540
104.320
105.020
105.760
106.500
107.260
107.990
108.710
109.450
110.210
110.930
111.670
112.420
113.160
113.910
114.640
115.390
116.130
116.850
117.600
118.330
119.080
119.790
120.550
121.280
122.020
122.740
123.480
124.210
124.940
125.720
126.430
127.160
127.900
128.650
129.370
130.110
130.830
131.560
132.280
133.020
133.750
134.490
135.220
135.950
136.670
137.420
138.170
138.880
139.600
140.340
141.090
141.810
142.540
143.250
143.980
144.680
145.410
146.150
146.860
147.580
148.310
149.020
149.750
150.510
151.240
151.970
152.690
153.410
154.130
154.890
155.620
156.340
157.070
157.800
158.530
159.230
159.970
160.710
161.410
162.110
162.860
163.530
164.280
164.950
