0.460
1.340
2.250
3.130
4.040
4.920
5.800
6.670
7.520
8.350
9.230
10.090
10.930
11.780
12.630
13.470
14.310
15.170
16.020
16.870
17.700
18.550
19.380
20.200
21.060
21.900
22.740
23.580
24.420
25.270
26.110
26.980
27.790
28.650
29.480
30.320
31.150
31.990
32.840
33.670
34.480
35.330
36.150
36.970
37.770
38.600
39.400
40.240
41.060
41.920
42.720
43.580
44.430
45.270
46.110
46.920
47.740
48.570
49.380
50.200
51.040
51.840
52.680
53.510
54.340
55.160
55.990
56.810
57.620
58.460
59.290
60.120
60.980
61.780
62.660
63.480
64.310
65.140
65.970
66.840
67.640
68.480
69.290
70.130
70.960
71.790
72.620
73.460
74.280
75.110
75.930
76.770
77.560
78.420
79.210
80.040
80.860
81.660
82.490
83.250
84.010
84.830
85.650
86.480
87.300
88.140
88.970
89.810
90.640
91.470
92.310
93.140
93.940
94.770
95.600
96.430
97.240
98.120
98.960
99.820
100.650
101.480
102.280
103.130
103.930
104.820
105.660
106.480
107.300
108.170
108.980
109.830
110.660
111.490
112.300
113.120
113.960
114.790
115.640
116.420
117.260
118.070
118.880
119.700
120.500
121.360
122.180
122.990
123.790
124.620
125.440
126.290
127.100
127.940
128.760
129.590
130.410
131.240
132.050
132.890
133.720
134.570
135.400
136.230
137.040
137.860
138.710
139.530
140.350
141.190
141.990
142.860
143.660
144.540
145.350
146.170
146.980
147.820
148.650
149.480
150.300
151.130
151.960
152.760
153.570
154.400
155.190
155.980
156.780
157.610
158.410
159.220
160.030
160.890
161.710
162.540
163.340
164.180
165.010
165.860
166.690
167.500
168.350
169.180
170.000
170.830
171.650
172.470
173.280
174.100
174.900
175.710
176.520
177.380
178.340
179.260
