0.620
1.380
2.190
3.000
3.840
4.620
5.470
6.300
7.080
7.850
8.550
9.260
10.000
10.750
11.520
12.270
12.990
13.750
14.540
15.320
16.020
16.740
17.490
18.180
18.960
19.700
20.330
20.960
21.630
22.270
22.950
23.570
24.170
24.810
25.420
26.020
26.620
27.240
27.870
28.390
28.920
29.410
29.930
30.440
30.960
31.440
31.900
32.380
32.860
33.360
33.820
34.320
34.800
35.300
35.810
36.300
36.770
37.240
37.720
38.200
38.690
39.170
39.660
40.150
40.630
41.110
41.590
42.090
42.560
43.030
43.520
44.010
44.490
44.960
45.450
45.920
46.410
46.880
47.360
47.830
48.320
48.780
49.250
49.730
50.200
50.680
51.150
51.610
52.080
52.560
53.020
53.480
53.960
54.420
54.890
55.380
55.850
56.310
56.800
57.280
57.770
58.270
58.750
59.250
59.730
60.220
60.690
61.150
61.620
62.090
62.590
63.060
63.540
64.030
64.500
64.970
65.420
65.910
66.410
66.900
67.410
67.900
68.410
68.890
69.390
69.890
70.380
70.860
71.340
71.840
72.330
72.810
73.300
73.790
74.270
74.750
75.220
75.710
76.200
76.690
77.180
77.670
78.150
78.620
79.100
79.580
80.040
80.520
80.990
81.450
81.940
82.430
82.960
83.460
83.940
84.420
84.910
85.420
85.890
86.390
86.880
87.370
87.840
88.320
88.810
89.290
89.760
90.240
90.690
91.190
91.650
92.140
92.600
93.090
93.550
94.030
94.480
94.960
95.440
95.920
96.400
96.880
97.380
97.850
98.330
98.820
99.300
99.780
100.280
100.760
101.260
101.750
102.250
102.740
103.210
103.690
104.210
104.690
105.180
105.680
106.140
106.630
107.120
107.610
108.140
108.620
109.110
109.610
110.090
110.560
111.060
111.540
112.030
112.520
113.000
113.480
113.970
114.450
114.950
115.450
115.910
116.400
116.900
117.370
117.840
118.310
118.790
119.270
119.740
120.210
120.680
121.140
121.610
122.090
122.570
123.060
123.560
124.050
124.540
125.040
125.500
125.990
126.510
127.000
127.470
127.970
128.440
128.920
129.390
129.870
130.360
130.820
131.290
131.760
132.240
132.720
133.180
133.660
134.140
134.600
135.080
135.570
136.040
136.500
136.990
137.460
137.990
138.470
138.990
139.460
139.970
140.460
140.950
141.440
141.940
142.430
142.910
143.400
143.890
144.360
144.840
145.320
145.800
146.280
146.750
147.210
147.680
148.160
148.610
149.080
149.550
150.020
150.500
150.970
151.470
151.940
152.450
152.940
153.420
153.920
154.400
154.900
155.370
155.850
156.300
156.750
157.190
157.630
158.060
158.490
158.910
159.320
159.710
160.140
160.530
160.940
161.320
161.720
162.110
162.510
162.900
163.280
163.670
164.050
164.430
164.830
165.210
165.610
165.990
166.400
166.790
167.170
167.560
167.930
168.330
168.710
169.080
169.490
169.870
170.260
170.640
171.020
171.410
171.790
172.170
172.550
172.930
173.310
173.690
174.060
174.430
174.800
175.180
175.530
175.900
176.280
176.660
177.010
177.380
177.700
178.030
178.340
178.670
178.980
179.300
179.630
179.940
180.270
180.580
180.900
