0.450
0.890
1.320
1.760
2.210
2.650
3.090
3.540
3.980
4.400
4.850
5.310
5.740
6.180
6.610
7.060
7.520
8.000
8.430
8.880
9.330
9.790
10.230
10.660
11.110
11.550
11.980
12.430
12.870
13.310
13.740
14.170
14.610
15.060
15.510
15.940
16.380
16.820
17.270
17.700
18.130
18.580
19.010
19.460
19.890
20.340
20.770
21.210
21.660
22.090
22.540
22.970
23.410
23.850
24.290
24.730
25.150
25.590
26.030
26.460
26.900
27.350
27.780
28.230
28.650
29.100
29.530
29.970
30.410
30.870
31.280
31.730
32.160
32.610
33.050
33.490
33.920
34.330
34.750
35.180
35.580
36.030
36.480
36.900
37.340
37.790
38.230
38.690
39.120
39.580
40.010
40.470
40.900
41.330
41.770
42.210
42.650
43.090
43.550
43.970
44.410
44.850
45.300
45.740
46.180
46.620
47.060
47.510
47.940
48.380
48.800
49.240
49.700
50.140
50.570
51.000
51.450
51.880
52.340
52.770
53.210
53.660
54.090
54.520
54.960
55.400
55.850
56.280
56.720
57.160
57.610
58.040
58.490
58.920
59.380
59.810
60.250
60.700
61.140
61.580
62.020
62.430
62.860
63.260
63.680
64.130
64.550
64.970
65.420
65.870
66.290
66.740
67.160
67.600
68.040
68.480
68.900
69.340
69.780
70.240
70.660
71.090
71.520
71.960
72.390
72.830
73.260
73.700
74.140
74.580
75.030
75.460
75.920
76.370
76.810
77.270
77.700
78.140
78.590
79.030
79.460
79.910
80.340
80.780
81.220
81.670
82.110
82.540
82.990
83.420
83.860
84.290
84.740
85.170
85.610
86.050
86.490
86.930
87.370
87.810
88.250
88.690
89.130
89.560
90.010
90.450
90.890
91.320
91.760
92.200
92.640
93.070
93.510
93.950
94.390
94.830
95.260
95.700
96.140
96.580
97.020
97.470
97.900
98.340
98.780
99.230
99.680
100.110
100.550
100.950
101.390
101.800
102.220
102.660
103.090
103.510
103.950
104.400
104.830
105.280
105.710
106.160
106.590
107.020
107.460
107.900
108.340
108.790
109.240
109.690
110.160
110.590
111.050
111.490
111.940
112.390
112.850
113.300
113.760
114.210
114.660
115.090
115.560
115.990
116.440
116.890
117.340
117.760
118.210
118.640
119.070
119.510
119.950
120.380
120.820
121.250
121.700
122.140
122.560
123.000
123.410
123.850
124.290
124.710
125.150
125.570
125.990
126.440
126.880
127.320
127.750
128.190
128.620
129.050
129.470
129.900
130.330
130.770
131.200
131.630
132.070
132.510
132.940
133.370
133.820
134.250
134.680
135.110
135.560
136.000
136.440
136.880
137.330
137.770
138.210
138.650
139.080
139.520
139.940
140.360
140.790
141.220
141.660
142.090
142.520
142.940
143.370
143.820
144.230
144.660
145.100
145.570
146.030
146.490
146.930
147.390
147.850
148.340
148.800
149.270
149.750
150.200
