0.180
1.020
1.860
2.680
3.500
4.330
5.160
5.970
6.810
7.620
8.440
9.240
10.060
10.880
11.720
12.580
13.410
14.240
15.020
15.790
16.610
17.380
18.160
18.920
19.740
20.510
21.290
22.060
22.860
23.640
24.460
25.280
26.080
26.870
27.670
28.450
29.260
30.030
30.810
31.600
32.420
33.200
34.000
34.800
35.610
36.390
37.190
38.030
38.860
39.700
40.550
41.360
42.200
43.030
43.860
44.670
45.500
46.340
47.130
47.910
48.750
49.540
50.380
51.210
52.050
52.890
53.690
54.470
55.260
56.060
56.870
57.680
58.520
59.340
60.160
60.960
61.780
62.600
63.410
64.250
65.080
65.920
66.750
67.570
68.380
69.230
70.060
70.890
71.730
72.570
73.430
74.280
75.110
75.930
76.800
77.640
78.490
79.380
80.230
81.080
81.920
82.750
83.580
84.400
85.250
86.090
86.910
87.740
88.570
89.410
90.240
91.040
91.860
92.720
93.560
94.400
95.220
96.060
96.890
97.720
98.570
99.400
100.230
101.050
101.880
102.710
103.560
104.410
105.240
106.130
106.970
107.820
108.670
109.570
110.450
111.380
112.300
113.130
113.970
114.830
115.700
116.580
117.450
118.320
119.180
120.060
120.900
121.770
122.630
123.490
124.330
125.210
126.060
126.930
127.780
128.630
129.460
130.340
131.220
132.090
132.930
133.820
134.660
135.540
136.400
137.280
138.140
139.000
139.860
140.720
141.550
142.410
143.280
144.130
145.000
145.870
146.730
147.640
148.520
149.420
150.300
151.190
152.080
152.970
153.840
154.740
155.620
156.500
157.370
158.270
159.160
160.070
160.950
161.840
162.690
163.560
164.440
165.310
166.190
167.060
167.940
168.820
169.660
170.510
171.370
172.250
173.110
174.020
174.890
175.760
176.630
177.510
178.360
179.240
180.120
180.970
181.810
182.700
183.550
184.430
185.260
186.150
187.000
187.860
188.690
189.570
190.440
191.330
192.190
193.070
193.940
194.820
195.700
196.580
197.420
198.310
199.170
200.050
200.910
201.750
202.600
203.480
204.340
205.220
206.100
206.980
207.850
208.720
209.600
210.490
211.330
212.210
213.070
213.950
214.810
215.670
216.500
217.380
218.240
219.140
220.010
220.890
221.790
222.650
223.480
224.370
225.230
226.120
227.030
227.920
228.790
229.680
230.580
231.490
232.380
233.310
234.210
235.220
236.330
237.140
238.020
238.780
239.530
240.300
241.080
241.860
242.620
