0.380
0.850
1.340
1.820
2.320
2.820
3.300
3.760
4.240
4.720
5.220
5.710
6.180
6.680
7.160
7.620
8.110
8.580
9.070
9.540
10.030
10.530
10.990
11.490
11.980
12.470
12.970
13.450
13.930
14.410
14.900
15.360
15.860
16.320
16.810
17.290
17.730
18.190
18.670
19.150
19.600
20.070
20.560
21.030
21.480
21.950
22.420
22.900
23.360
23.860
24.340
24.820
25.300
25.790
26.270
26.760
27.240
27.720
28.210
28.690
29.180
29.660
30.130
30.600
31.080
31.570
32.050
32.530
33.020
33.520
34.000
34.470
34.970
35.430
35.930
36.400
36.890
37.380
37.860
38.330
38.810
39.290
39.770
40.260
40.740
41.230
41.720
42.190
42.680
43.140
43.640
44.100
44.590
45.100
45.590
46.040
46.530
47.000
47.470
47.940
48.400
48.860
49.350
49.810
50.270
50.750
51.210
51.700
52.170
52.620
53.110
53.570
54.050
54.500
54.980
55.460
55.940
56.420
56.910
57.400
57.880
58.360
58.860
59.340
59.820
60.310
60.810
61.280
61.770
62.260
62.740
63.210
63.690
64.170
64.640
65.130
65.620
66.090
66.560
67.050
67.530
68.010
68.480
68.980
69.440
69.920
70.400
70.880
71.360
71.840
72.330
72.790
73.280
73.750
74.240
74.700
75.180
75.660
76.120
76.610
77.080
77.560
78.040
78.510
78.990
79.460
79.950
80.420
80.910
81.370
81.850
82.330
82.810
83.290
83.760
84.230
84.700
85.190
85.660
86.150
86.620
87.110
87.590
88.070
88.560
89.040
89.520
90.000
90.480
90.960
91.420
91.900
92.390
92.870
93.360
93.840
94.310
94.820
95.300
95.790
96.280
96.760
97.250
97.740
98.200
98.690
99.180
99.650
100.150
100.620
101.110
101.600
102.080
102.570
103.050
103.520
104.020
104.490
105.000
105.470
105.970
106.460
106.960
107.420
107.900
108.380
108.860
109.340
109.790
110.260
110.730
111.220
111.670
112.140
112.620
113.090
113.570
114.020
114.510
114.970
115.450
115.900
116.400
116.880
117.360
117.850
118.340
118.820
119.320
119.790
120.290
120.760
121.240
121.740
122.240
122.700
123.190
123.660
124.150
124.610
125.090
125.560
126.020
126.500
126.960
127.430
127.900
128.380
128.830
129.290
129.750
130.230
130.670
131.150
131.590
132.070
132.550
133.040
133.510
134.010
134.470
134.960
135.440
135.910
136.400
136.890
137.360
137.840
