0.820
1.640
2.490
3.340
4.190
5.040
5.900
6.840
7.720
8.600
9.420
10.320
11.160
12.050
12.920
13.790
14.660
15.540
16.410
17.310
18.170
19.070
19.960
20.840
21.730
22.630
23.530
24.430
25.340
26.230
27.140
28.050
28.940
29.870
30.750
31.700
32.580
33.460
34.360
35.220
36.140
37.010
37.930
38.860
39.780
40.680
41.600
42.460
43.380
44.300
45.190
46.080
46.940
47.840
48.720
49.610
50.520
51.470
52.370
53.280
54.170
55.070
55.970
56.840
57.770
58.670
59.580
60.500
61.430
62.320
63.220
64.130
65.010
65.920
66.800
67.740
68.620
69.530
70.420
71.330
72.250
73.160
74.070
75.040
75.930
76.880
77.770
78.680
79.600
80.530
81.460
82.410
83.330
84.250
85.160
86.050
86.990
87.920
88.790
89.690
90.580
91.470
92.360
93.250
94.160
95.060
95.940
96.840
97.740
98.620
99.510
100.390
101.320
102.250
103.140
104.020
104.910
105.800
106.690
107.630
108.510
109.420
110.300
111.220
112.100
113.000
113.920
114.790
115.630
116.550
117.480
118.370
119.280
120.190
121.100
121.990
122.930
123.830
124.770
125.700
126.610
127.560
128.480
129.390
130.320
131.260
132.160
133.090
134.010
134.940
135.850
136.770
137.710
138.610
139.550
140.460
141.390
142.320
143.250
144.130
145.060
146.010
146.890
147.770
148.690
149.560
150.480
151.380
152.270
153.170
154.050
154.950
155.840
156.720
157.620
158.510
159.420
160.350
161.240
162.100
163.000
163.900
164.780
165.680
166.570
167.500
168.380
169.320
170.220
171.150
172.070
173.000
173.930
174.850
175.740
176.690
177.610
178.510
179.420
180.330
181.230
182.150
183.080
184.000
184.900
185.810
186.690
187.570
188.460
189.380
190.290
191.230
192.140
193.030
193.950
194.870
195.810
196.740
197.670
198.600
199.550
200.470
201.390
202.290
203.230
204.160
205.090
206.020
206.960
207.890
208.840
209.750
210.530
211.330
212.160
213.020
213.850
214.620
215.460
216.260
217.130
