0.230
0.720
1.200
1.680
2.150
2.640
3.120
3.580
4.050
4.530
5.000
5.480
5.930
6.430
6.890
7.380
7.840
8.320
8.780
9.240
9.710
10.170
10.610
11.080
11.550
12.000
12.450
12.920
13.390
13.830
14.290
14.750
15.210
15.660
16.120
16.570
17.020
17.470
17.910
18.370
18.820
19.270
19.730
20.190
20.650
21.100
21.560
22.020
22.480
22.910
23.360
23.820
24.270
24.730
25.180
25.630
26.080
26.540
26.990
27.430
27.880
28.340
28.790
29.240
29.690
30.140
30.590
31.040
31.520
31.950
32.410
32.860
33.310
33.770
34.220
34.680
35.130
35.590
36.040
36.490
36.940
37.390
37.840
38.300
38.740
39.210
39.660
40.110
40.560
41.010
41.460
41.910
42.370
42.810
43.270
43.730
44.180
44.630
45.100
45.550
46.010
46.470
46.920
47.380
47.830
48.280
48.730
49.180
49.640
50.090
50.550
51.010
51.460
51.920
52.390
52.840
53.300
53.750
54.210
54.660
55.100
55.560
56.020
56.470
56.920
57.380
57.840
58.300
58.750
59.200
59.650
60.110
60.560
61.020
61.460
61.910
62.370
62.820
63.270
63.730
64.180
64.630
65.090
65.530
65.990
66.440
66.890
67.340
67.790
68.240
68.700
69.150
69.580
70.030
70.480
70.930
71.380
71.830
72.300
72.750
73.210
73.660
74.130
74.590
75.040
75.490
75.960
76.420
76.870
77.320
77.780
78.220
78.690
79.140
79.610
80.060
80.520
80.970
81.440
81.900
82.350
82.810
83.270
83.730
84.190
84.650
85.120
85.560
86.030
86.480
86.950
87.390
87.850
88.290
88.750
89.210
89.680
90.120
90.580
91.030
91.490
91.940
92.390
92.840
93.300
93.740
94.200
94.660
95.110
95.560
96.020
96.470
96.920
97.370
97.830
98.290
98.730
99.180
99.640
100.090
100.540
100.990
101.450
101.900
102.370
102.810
103.260
103.710
104.170
104.630
105.080
105.530
106.000
106.430
106.890
107.350
107.800
108.240
108.690
109.150
109.620
110.060
110.510
110.970
111.430
111.890
112.350
112.800
113.260
113.710
114.170
114.630
115.090
115.530
115.990
116.450
116.910
117.360
117.820
118.280
118.740
119.200
119.660
120.120
120.570
121.030
121.470
121.950
122.390
122.860
123.320
123.780
124.240
124.690
125.160
125.610
126.090
126.530
126.990
127.460
127.920
128.380
128.850
129.300
129.760
130.220
130.680
131.130
131.590
132.050
132.510
132.980
133.430
133.910
134.380
134.850
135.310
135.790
136.260
136.730
137.180
137.660
138.130
138.590
139.060
139.530
140.010
