0.170
0.990
1.780
2.570
3.380
4.220
4.990
5.810
6.650
7.460
8.240
9.090
9.880
10.750
11.530
12.370
13.160
14.010
14.830
15.700
16.490
17.320
18.130
18.950
19.770
20.600
21.420
22.250
23.070
23.900
24.680
25.480
26.270
27.070
27.910
28.730
29.560
30.350
31.180
32.030
32.850
33.680
34.510
35.340
36.150
36.980
37.770
38.560
39.360
40.090
40.890
41.690
42.490
43.320
44.140
44.950
45.760
46.580
47.380
48.180
48.990
49.800
50.610
51.430
52.210
53.030
53.810
54.620
55.440
56.260
57.060
57.860
58.680
59.520
60.340
61.180
61.980
62.760
63.570
64.390
65.170
65.980
66.790
67.580
68.380
69.170
69.960
70.760
71.520
72.300
73.100
73.900
74.690
75.490
76.250
77.070
77.840
78.680
79.460
80.270
81.040
81.860
82.660
83.460
84.260
85.040
85.810
86.580
87.350
88.160
88.940
89.760
90.550
91.350
92.130
92.940
93.740
94.530
95.310
96.120
96.920
97.710
98.510
99.310
100.110
100.940
101.730
102.530
103.320
104.180
104.960
105.780
106.560
107.370
108.160
108.990
109.780
110.580
111.370
112.170
112.960
113.750
114.530
115.320
116.110
116.900
117.660
118.470
119.250
120.040
120.820
121.610
122.390
123.170
123.930
124.730
125.520
126.320
127.120
127.920
128.730
129.530
130.350
131.160
131.980
132.790
133.610
134.400
135.210
136.000
136.810
137.600
138.410
139.190
139.990
140.790
141.590
142.410
143.200
144.000
144.780
145.580
146.390
147.180
147.970
148.760
149.550
150.340
151.120
151.920
152.700
153.480
154.250
155.040
155.820
156.600
157.370
158.180
158.960
159.740
160.520
161.310
162.100
162.900
163.700
164.490
165.280
166.060
166.830
167.630
168.440
169.220
170.000
170.810
171.570
172.310
173.060
173.800
174.550
175.260
176.000
176.730
177.440
178.160
178.900
179.640
180.350
181.080
181.800
182.520
183.220
183.940
184.660
185.370
186.100
186.810
187.520
188.260
188.970
189.680
190.390
191.100
191.850
192.560
193.280
194.000
194.710
195.430
196.140
196.860
197.600
198.320
199.030
199.750
200.460
201.190
201.890
202.620
203.330
204.050
204.760
205.470
206.170
206.870
207.580
208.290
209.000
209.700
210.410
211.110
211.820
212.530
213.230
214.010
214.820
215.590
216.340
217.160
217.910
218.710
219.510
220.320
221.130
221.920
222.720
223.560
224.370
225.210
226.030
226.850
227.710
228.560
229.430
230.310
231.150
232.060
232.880
233.800
234.620
235.520
