0.290
0.770
1.260
1.780
2.290
2.770
3.260
3.760
4.230
4.730
5.230
5.710
6.210
6.680
7.160
7.650
8.130
8.590
9.050
9.540
10.000
10.470
10.930
11.400
11.860
12.330
12.790
13.260
13.750
14.240
14.690
15.170
15.630
16.100
16.580
17.040
17.460
17.910
18.340
18.810
19.300
19.770
20.230
20.690
21.120
21.570
22.050
22.500
22.960
23.420
23.870
24.340
24.800
25.250
25.730
26.170
26.630
27.110
27.570
28.030
28.470
28.920
29.360
29.780
30.240
30.660
31.110
31.560
32.000
32.460
32.900
33.340
33.780
34.220
34.660
35.100
35.560
36.000
36.420
36.850
37.280
37.730
38.160
38.590
39.000
39.440
39.870
40.310
40.730
41.150
41.570
41.970
42.390
42.820
43.230
43.650
44.060
44.490
44.880
45.300
45.720
46.110
46.520
46.950
47.350
47.830
48.500
49.170
49.850
50.530
51.210
51.870
52.520
53.150
53.810
54.460
55.100
55.760
56.400
57.030
57.660
58.290
58.940
59.580
60.190
60.840
61.480
62.100
62.730
63.350
63.990
64.620
65.260
65.890
66.550
67.190
67.820
68.480
69.150
69.870
70.550
71.190
71.880
72.580
73.250
73.950
74.630
75.250
75.900
76.560
77.020
77.460
77.880
78.340
78.780
79.210
79.640
80.080
80.530
80.960
81.410
81.860
82.300
82.720
83.160
83.610
84.050
84.480
84.940
85.390
85.820
86.290
86.710
87.150
87.610
88.050
88.480
88.920
89.350
89.770
90.210
90.620
91.050
91.490
91.940
92.380
92.800
93.220
93.670
94.090
94.500
94.920
95.350
95.780
96.180
96.610
97.020
97.430
97.840
98.270
98.670
99.090
99.490
99.910
100.300
100.690
101.100
101.490
101.910
102.300
102.710
103.120
103.530
103.930
104.340
104.740
105.160
105.560
105.970
106.370
106.780
107.180
107.590
107.990
108.450
109.090
109.730
110.390
111.050
111.720
112.370
113.020
113.670
114.320
114.950
115.580
116.240
116.880
117.520
118.150
118.800
119.440
120.090
120.710
121.360
121.990
122.620
123.240
123.870
124.500
125.140
125.760
126.400
127.040
127.690
128.330
128.990
129.660
130.360
131.040
131.710
132.390
133.040
133.730
134.390
135.040
135.740
136.390
137.090
137.780
138.400
138.850
139.290
139.730
140.150
140.570
141.010
141.450
141.870
142.310
142.740
143.170
143.610
144.060
144.480
144.940
145.380
145.810
146.260
146.700
147.120
147.570
148.000
148.420
148.860
149.300
149.720
150.160
150.570
151.020
151.450
152.080
152.680
153.300
153.940
154.580
155.200
155.850
156.470
157.090
157.720
158.340
158.960
159.580
160.190
160.810
161.440
162.050
162.650
163.250
163.870
164.510
165.110
165.730
166.330
166.960
167.570
168.170
168.770
169.380
170.000
170.620
171.230
171.860
172.460
173.100
173.720
174.340
174.950
175.570
176.180
176.790
177.390
177.990
178.600
179.220
179.840
180.450
181.070
181.690
182.300
182.900
183.520
184.150
184.760
185.390
186.000
186.620
187.230
187.830
188.430
189.050
189.660
190.290
190.910
191.530
192.160
192.750
193.370
193.980
194.600
195.220
195.830
196.460
197.040
197.650
198.260
198.880
199.480
200.090
200.700
201.310
201.910
202.520
203.130
203.750
204.370
204.990
205.600
206.180
206.790
207.400
208.010
