0.270
0.640
1.000
1.370
1.730
2.080
2.450
2.820
3.180
3.520
3.840
4.190
4.540
4.910
5.240
5.600
5.960
6.290
6.640
7.000
7.360
7.690
8.050
8.400
8.750
9.100
9.460
9.810
10.160
10.510
10.870
11.220
11.580
11.920
12.260
12.620
12.970
13.330
13.700
14.050
14.400
14.760
15.120
15.480
15.840
16.210
16.570
16.930
17.280
17.630
17.960
18.320
18.680
19.050
19.410
19.780
20.140
20.500
20.870
21.240
21.600
21.960
22.330
22.690
23.060
23.420
23.790
24.160
24.520
24.900
25.260
25.630
26.000
26.360
26.740
27.100
27.470
27.840
28.210
28.580
28.960
29.320
29.700
30.070
30.440
30.820
31.180
31.550
31.920
32.290
32.660
33.030
33.400
33.770
34.150
34.520
34.890
35.260
35.630
36.000
36.380
36.760
37.140
37.510
37.890
38.270
38.640
39.020
39.390
39.770
40.140
40.510
40.890
41.270
41.660
42.020
42.410
42.780
43.160
43.530
43.910
44.300
44.680
45.040
45.420
45.810
46.180
46.560
46.920
47.290
47.670
48.040
48.410
48.810
49.190
49.550
49.930
50.320
50.690
51.060
51.430
51.800
52.180
52.550
52.910
53.300
53.670
54.050
54.410
54.800
55.160
55.540
55.910
56.300
56.670
57.040
57.420
57.790
58.180
58.540
58.910
59.290
59.670
60.060
60.430
60.820
61.190
61.570
61.950
62.330
62.720
63.080
63.460
63.850
64.220
64.580
64.960
65.330
65.720
66.090
66.480
66.860
67.230
67.600
67.990
68.370
68.740
69.110
69.480
69.860
70.230
70.610
70.980
71.350
71.720
72.090
72.460
72.830
73.190
73.560
73.920
74.290
74.660
75.030
75.400
75.760
76.130
76.490
76.850
77.220
77.580
77.950
78.320
78.680
79.050
79.410
79.780
80.150
80.520
80.890
81.240
81.610
81.970
82.340
82.700
83.060
83.430
83.790
84.160
84.520
84.890
85.250
85.610
85.970
86.340
86.710
87.060
87.420
87.790
88.150
88.500
88.840
89.180
89.550
89.900
90.280
90.640
90.990
91.370
91.740
92.110
92.480
92.850
93.220
93.590
93.950
94.320
94.690
95.040
95.410
95.780
96.140
96.510
96.880
97.250
97.610
97.990
98.360
98.730
99.090
99.450
99.830
100.190
100.550
100.910
101.290
101.660
102.020
102.380
102.750
103.120
103.490
103.860
104.220
104.590
104.970
105.340
105.710
106.070
106.440
106.810
107.180
107.550
107.920
108.290
108.670
109.040
109.420
109.790
110.150
110.530
110.910
111.270
111.650
112.020
112.390
112.770
113.140
113.510
113.890
114.260
114.640
115.010
115.390
115.760
116.130
116.510
116.900
117.260
117.640
118.010
118.390
118.770
119.140
119.520
119.900
120.270
120.660
121.030
121.420
121.800
122.170
122.550
122.930
123.300
123.690
124.050
124.440
124.810
125.200
125.580
125.960
126.350
126.730
127.100
127.480
127.870
128.240
128.620
129.010
129.380
129.760
130.140
130.520
130.900
131.270
131.650
132.020
132.400
132.770
133.150
133.530
133.900
134.280
134.660
135.040
135.420
135.780
136.160
136.540
136.920
137.300
137.680
138.060
138.430
138.820
139.200
139.590
139.970
140.330
140.710
141.100
141.480
141.840
142.210
142.570
142.940
143.310
143.680
144.070
144.440
144.820
145.180
145.560
145.920
146.310
146.670
147.040
147.420
147.790
148.140
148.500
148.850
149.210
149.590
149.970
150.340
150.700
151.060
151.440
151.810
152.180
152.560
152.940
153.320
153.700
154.070
154.430
154.800
155.180
155.550
155.930
156.300
156.680
157.050
157.430
157.790
158.190
158.560
158.940
159.330
159.690
160.070
160.450
160.810
161.190
161.560
161.920
162.310
162.670
162.980
163.300
163.630
163.950
164.270
164.580
164.900
165.220
165.540
165.870
166.190
166.500
166.830
167.150
167.470
