0.110
0.800
1.480
2.180
2.860
3.510
4.170
4.850
5.530
6.210
6.870
7.550
8.190
8.880
9.530
10.190
10.850
11.520
12.180
12.850
13.540
14.230
14.880
15.550
16.240
16.900
17.570
18.240
18.920
19.600
20.290
20.960
21.650
22.320
23.000
23.680
24.330
24.980
25.630
26.300
26.970
27.650
28.300
28.970
29.630
30.290
30.950
31.620
32.280
32.940
33.600
34.280
34.920
35.580
36.260
36.930
37.590
38.260
38.900
39.570
40.200
40.860
41.510
42.180
42.840
43.510
44.170
44.820
45.450
46.090
46.740
47.400
48.050
48.710
49.370
50.020
50.670
51.300
51.940
52.590
53.220
53.880
54.520
55.160
55.810
56.440
57.080
57.710
58.330
58.990
59.630
60.250
60.890
61.540
62.170
62.800
63.450
64.090
64.730
65.370
66.000
66.640
67.270
67.900
68.550
69.200
69.850
70.480
71.130
71.780
72.420
73.070
73.720
74.370
75.020
75.660
76.300
76.960
77.590
78.230
78.870
79.510
80.140
80.780
81.420
82.050
82.690
83.330
83.970
84.590
85.230
85.880
86.520
87.160
87.800
88.430
89.070
89.710
90.370
91.020
91.630
92.280
92.920
93.570
94.210
94.830
95.510
96.150
96.800
97.420
98.090
98.730
99.370
100.010
100.650
101.300
101.970
102.620
103.270
103.910
104.560
105.210
105.870
106.510
107.150
107.790
108.420
109.050
109.710
110.360
111.000
111.670
112.330
113.010
113.650
114.330
114.980
115.650
116.270
116.910
117.570
118.180
118.840
119.470
120.130
120.750
121.380
122.040
122.680
123.280
123.880
