0.340
0.720
1.080
1.440
1.820
2.180
2.570
2.930
3.310
3.670
4.050
4.410
4.790
5.150
5.530
5.900
6.290
6.660
7.030
7.400
7.770
8.140
8.510
8.870
9.250
9.620
9.990
10.350
10.730
11.100
11.480
11.840
12.210
12.580
12.960
13.330
13.710
14.070
14.460
14.820
15.220
15.580
15.960
16.330
16.720
17.070
17.450
17.820
18.200
18.550
18.930
19.300
19.670
20.030
20.400
20.780
21.160
21.520
21.900
22.270
22.650
23.010
23.390
23.760
24.130
24.500
24.880
25.250
25.630
26.000
26.400
26.750
27.130
27.500
27.870
28.240
28.620
28.990
29.360
29.730
30.110
30.480
30.850
31.240
31.600
31.970
32.350
32.720
33.100
33.470
33.840
34.210
34.600
34.960
35.340
35.710
36.090
36.460
36.830
37.200
37.580
37.950
38.320
38.680
39.070
39.430
39.810
40.170
40.550
40.910
41.290
41.650
42.050
42.400
42.780
43.150
43.510
43.860
44.220
44.600
44.970
45.340
45.710
46.090
46.460
46.830
47.190
47.560
47.930
48.300
48.660
49.040
49.410
49.780
50.160
50.530
50.910
51.280
51.660
52.020
52.400
52.770
53.140
53.500
53.880
54.260
54.630
55.000
55.380
55.750
56.120
56.500
56.890
57.260
57.640
58.010
58.390
58.770
59.140
59.520
59.910
60.270
60.650
61.020
61.390
61.770
62.140
62.520
62.900
63.270
63.660
64.020
64.410
64.780
65.160
65.540
65.920
66.300
66.680
67.060
67.430
67.820
68.200
68.570
68.960
69.340
69.720
70.090
70.460
70.820
71.190
71.570
71.960
72.330
72.710
73.080
73.470
73.840
74.220
74.600
74.980
75.360
75.740
76.110
76.490
76.870
77.260
77.620
78.010
78.380
78.760
79.130
79.520
79.880
80.260
80.630
81.010
81.380
81.760
82.120
82.490
82.850
83.220
83.600
83.980
84.350
84.720
85.090
85.470
85.850
86.220
86.590
86.970
87.340
87.720
88.080
88.470
88.850
89.220
89.590
89.980
90.340
90.720
91.100
91.480
91.840
92.220
92.590
92.970
93.340
93.710
94.080
94.430
94.780
95.140
95.510
95.880
96.250
96.620
96.990
97.370
97.740
98.120
98.500
98.880
99.240
99.620
99.990
100.370
100.740
101.110
101.490
101.870
102.240
102.610
102.990
103.360
103.730
104.130
104.490
104.870
105.240
105.600
105.990
106.370
106.750
107.120
107.490
107.890
108.270
108.640
109.020
109.400
109.770
110.150
110.510
110.900
111.270
111.650
112.010
112.390
112.770
113.140
113.500
113.890
114.270
114.630
115.000
115.370
115.750
116.120
116.490
116.870
117.230
117.600
117.950
118.300
118.660
119.000
119.370
119.750
120.120
120.490
120.870
121.250
121.630
122.010
122.380
122.770
123.150
123.520
123.900
124.280
124.650
125.030
125.400
125.790
126.150
126.540
126.910
127.300
127.680
128.050
128.440
128.830
129.190
129.580
129.950
130.340
130.700
131.080
131.450
131.840
132.210
132.580
132.960
133.330
133.700
134.060
134.430
134.810
135.180
135.560
135.930
136.310
136.690
137.070
137.440
137.830
138.200
138.590
138.950
139.340
139.700
140.090
140.460
140.850
141.210
141.590
141.960
142.340
142.710
143.080
143.450
143.840
144.200
144.580
144.960
145.330
145.690
146.060
146.440
146.820
147.190
147.560
147.930
148.320
148.680
149.050
149.410
149.800
150.170
150.530
150.910
151.290
151.670
152.060
152.430
152.810
153.180
153.570
153.940
154.320
154.690
155.070
155.440
155.820
156.200
156.580
156.950
157.340
157.700
158.070
158.440
158.830
159.190
159.580
159.940
160.340
160.710
161.090
161.460
161.840
162.210
162.600
162.960
163.340
163.700
164.080
164.450
164.840
165.210
165.590
165.960
166.350
166.730
167.100
167.490
167.880
168.270
168.650
169.030
169.400
169.780
170.230
170.670
171.120
171.560
172.040
172.500
172.960
173.450
173.900
174.370
174.850
175.340
