0.450
1.110
1.750
2.380
3.020
3.730
4.390
4.910
5.370
5.860
6.320
6.790
7.280
7.770
8.250
8.750
9.220
9.710
10.200
10.690
11.170
11.640
12.120
12.640
13.110
13.590
14.080
14.560
15.050
15.520
16.010
16.500
16.960
17.420
17.900
18.380
18.860
19.330
19.810
20.290
20.760
21.210
21.710
22.190
22.660
23.140
23.620
24.090
24.570
25.040
25.520
25.990
26.470
26.930
27.400
27.880
28.340
28.810
29.280
29.760
30.220
30.680
31.150
31.630
32.080
32.530
33.010
33.480
33.930
34.420
34.880
35.350
35.830
36.290
36.750
37.220
37.690
38.170
38.640
39.120
39.590
40.060
40.540
41.020
41.490
41.960
42.450
42.930
43.390
43.870
44.360
44.830
45.290
45.760
46.240
46.710
47.190
47.650
48.120
48.600
49.060
49.520
49.980
50.450
50.920
51.390
51.860
52.330
52.800
53.270
53.740
54.180
54.640
55.110
55.580
56.030
56.490
56.940
57.410
57.870
58.350
58.810
59.290
59.750
60.250
60.720
61.200
61.680
62.140
62.610
63.090
63.560
64.030
64.510
64.980
65.450
65.920
66.390
66.860
67.350
67.820
68.300
68.770
69.270
69.750
70.230
70.700
71.150
71.580
72.030
72.490
72.950
73.410
73.870
74.340
74.810
75.270
75.740
76.200
76.670
77.140
77.620
78.080
78.550
79.030
79.510
79.980
80.440
80.910
81.390
81.860
82.310
82.780
83.250
83.720
84.180
84.640
85.100
85.570
86.040
86.510
86.980
87.440
87.920
88.380
88.850
89.320
89.810
90.270
90.710
91.170
91.640
92.100
92.560
93.040
93.520
93.980
94.450
94.930
95.400
95.880
96.340
96.820
97.290
97.760
98.220
98.710
99.180
99.660
100.130
100.600
101.090
101.550
102.020
102.490
102.970
103.440
103.920
104.400
104.870
105.360
105.840
106.300
106.760
107.200
107.650
108.110
108.580
109.040
109.500
109.970
110.440
110.890
111.370
111.840
112.300
112.770
113.250
113.720
114.200
114.670
115.150
115.630
116.090
116.550
117.040
117.520
117.990
118.450
118.930
119.400
119.880
120.340
120.810
121.280
121.760
122.210
122.700
123.170
123.650
124.110
124.590
125.070
125.570
126.050
126.500
126.990
127.460
127.910
128.390
128.880
129.370
129.860
130.350
130.840
131.310
131.780
132.260
132.760
133.240
133.720
134.190
134.680
135.150
135.620
136.080
136.560
137.050
137.520
137.980
138.450
138.920
139.400
139.890
140.350
140.840
141.310
141.800
142.270
142.760
143.230
143.710
144.200
144.690
145.160
145.640
146.090
146.580
147.040
147.500
148.000
148.460
148.940
149.420
