0.410
0.990
1.570
2.210
2.850
3.540
4.210
4.870
5.420
5.990
6.560
7.120
7.630
8.190
8.690
9.190
9.690
10.190
10.700
11.190
11.700
12.200
12.700
13.210
13.710
14.210
14.710
15.210
15.690
16.190
16.690
17.190
17.680
18.180
18.680
19.180
19.670
20.180
20.670
21.170
21.660
22.150
22.650
23.130
23.620
24.120
24.620
25.100
25.600
26.100
26.590
27.090
27.570
28.070
28.550
29.040
29.530
30.030
30.520
31.020
31.490
31.960
32.450
32.950
33.440
33.930
34.430
34.920
35.410
35.920
36.410
36.910
37.410
37.900
38.390
38.890
39.380
39.890
40.390
40.880
41.370
41.880
42.370
42.870
43.350
43.840
44.330
44.820
45.310
45.800
46.300
46.780
47.280
47.750
48.220
48.710
49.210
49.710
50.210
50.710
51.210
51.710
52.200
52.700
53.180
53.680
54.170
54.660
55.170
55.670
56.150
56.650
57.150
57.650
58.140
58.640
59.130
59.630
60.110
60.610
61.110
61.610
62.100
62.600
63.080
63.550
64.040
64.540
65.030
65.540
66.040
66.540
67.030
67.520
68.020
68.520
69.020
69.510
70.010
70.510
70.990
71.500
71.990
72.490
72.980
73.480
73.970
74.450
74.950
75.450
75.950
76.440
76.940
77.440
77.940
78.410
78.900
79.370
79.830
80.350
80.850
81.350
81.850
82.350
82.840
83.340
83.840
84.340
84.830
85.330
85.830
86.340
86.830
87.340
87.840
88.340
88.830
89.330
89.830
90.330
90.820
91.320
91.810
92.310
92.800
93.300
93.800
94.290
94.780
95.260
95.730
96.210
96.700
97.200
97.680
98.190
98.680
99.180
99.670
100.170
100.660
101.160
101.650
102.150
102.640
103.130
103.630
104.130
104.630
105.130
105.620
106.120
106.630
107.120
107.620
108.110
108.610
109.100
109.600
110.090
110.570
111.050
111.520
112.000
112.490
112.990
113.480
113.980
114.470
114.980
115.470
115.960
116.470
116.960
117.450
117.940
118.430
118.940
119.430
119.930
120.430
120.930
121.430
121.930
122.420
122.930
123.420
123.920
124.420
124.920
125.420
125.910
126.400
126.890
127.360
127.850
128.350
128.840
129.330
129.830
130.320
130.820
131.320
131.810
132.300
132.800
133.300
133.800
134.290
134.790
135.290
135.800
136.290
136.790
137.280
137.780
138.270
138.770
139.250
139.740
140.240
140.750
141.240
141.730
142.220
142.710
143.200
143.680
144.170
144.670
145.170
145.670
146.160
146.660
147.150
147.650
148.150
148.650
149.150
149.650
150.140
150.630
151.120
151.610
152.120
152.610
153.110
153.600
154.100
154.590
155.090
155.600
156.100
156.610
157.120
157.640
158.160
158.670
159.180
159.690
160.200
160.680
161.210
161.690
162.150
162.630
163.130
163.610
164.090
