0.570
1.320
2.040
2.780
3.540
4.260
5.000
5.750
6.510
7.250
7.990
8.730
9.460
10.180
10.890
11.600
12.280
13.010
13.730
14.460
15.170
15.890
16.590
17.310
18.040
18.750
19.450
20.170
20.860
21.590
22.300
23.020
23.720
24.460
25.200
25.900
26.590
27.310
28.020
28.750
29.470
30.190
30.890
31.620
32.340
33.100
33.810
34.540
35.240
35.930
36.670
37.350
38.050
38.800
39.500
40.220
40.930
41.650
42.380
43.100
43.800
44.520
45.220
45.940
46.640
47.390
48.090
48.810
49.510
50.210
50.940
51.650
52.350
53.080
53.780
54.500
55.210
55.950
56.640
57.320
58.010
58.740
59.450
60.180
60.880
61.640
62.360
63.060
63.760
64.480
65.180
65.910
66.610
67.360
68.080
68.820
69.540
70.290
70.980
71.710
72.430
73.150
73.830
74.520
75.220
75.960
76.670
77.390
78.090
78.810
79.530
80.240
80.950
81.690
82.420
83.120
83.850
84.590
85.280
86.000
86.700
87.400
88.130
88.840
89.520
90.220
90.920
91.620
92.310
93.040
93.750
94.470
95.170
95.910
96.610
97.300
98.000
98.740
99.440
100.190
100.900
101.650
102.340
103.080
103.820
104.580
105.300
106.020
106.710
107.440
108.160
108.890
109.630
110.340
111.050
111.770
112.490
113.200
113.900
114.620
115.310
116.040
116.770
117.500
118.190
118.910
119.660
120.410
121.120
121.860
122.570
123.290
124.000
124.730
125.460
126.180
126.880
127.610
128.320
129.040
129.770
130.520
131.240
131.990
132.730
133.460
134.160
134.900
135.590
136.280
137.000
137.690
138.430
139.170
139.890
140.610
141.330
142.060
142.770
143.490
144.200
144.930
145.670
146.370
147.080
147.830
148.540
149.240
149.960
150.650
151.370
152.070
152.770
153.470
154.170
154.850
155.570
156.330
157.060
157.810
158.510
159.250
159.950
160.690
161.400
162.140
162.850
163.540
164.250
164.960
165.660
166.370
167.090
167.810
168.520
169.220
169.920
170.650
171.350
172.070
172.790
173.510
174.240
174.940
175.680
176.390
177.140
177.850
178.540
179.310
180.030
180.770
181.440
182.150
182.930
183.690
184.440
185.150
185.910
186.670
187.410
188.210
188.960
189.640
190.330
191.030
191.700
192.440
193.150
193.860
194.580
195.310
196.040
196.740
197.450
198.170
198.880
199.610
200.320
201.030
201.720
202.420
203.130
203.860
204.580
205.300
206.000
206.730
207.440
208.120
208.820
209.540
210.250
210.950
211.630
212.320
213.000
213.720
214.440
215.190
215.910
216.640
217.370
218.080
218.790
219.480
220.170
220.910
221.650
222.390
223.100
223.790
224.490
225.210
225.910
226.650
227.370
228.110
228.840
229.580
230.290
231.010
231.750
232.500
233.230
233.950
234.660
235.420
236.120
236.820
237.500
238.260
238.980
239.680
240.380
241.110
241.810
242.580
243.300
244.040
244.760
245.480
246.230
246.930
247.620
248.330
249.050
249.780
250.450
251.160
251.860
252.580
253.310
253.990
254.690
255.430
256.170
256.900
257.650
258.390
259.110
259.850
260.530
261.220
261.870
262.580
263.160
263.760
264.360
264.980
265.560
266.150
266.750
267.480
268.180
268.930
