0.450
0.960
1.480
1.990
2.520
3.020
3.550
4.060
4.590
5.090
5.610
6.120
6.650
7.170
7.690
8.210
8.750
9.270
9.810
10.350
10.870
11.400
11.920
12.460
12.990
13.520
14.050
14.590
15.120
15.630
16.160
16.710
17.240
17.770
18.290
18.850
19.370
19.900
20.440
20.980
21.510
22.030
22.570
23.090
23.600
24.140
24.680
25.200
25.720
26.260
26.770
27.310
27.840
28.360
28.890
29.430
29.970
30.490
31.050
31.580
32.100
32.640
33.160
33.710
34.230
34.770
35.290
35.820
36.350
36.870
37.410
37.960
38.490
39.030
39.570
40.090
40.630
41.160
41.690
42.220
42.750
43.280
43.820
44.340
44.870
45.400
45.950
46.470
46.990
47.530
48.060
48.570
49.120
49.650
50.190
50.720
51.250
51.780
52.320
52.850
53.380
53.920
54.450
54.970
55.500
56.010
56.560
57.080
57.610
58.120
58.670
59.190
59.710
60.260
60.780
61.330
61.850
62.370
62.920
63.440
63.970
64.490
65.020
65.540
66.060
66.590
67.140
67.670
68.190
68.720
69.260
69.770
70.340
70.870
71.390
71.930
72.450
72.990
73.520
74.050
74.590
75.100
75.650
76.180
76.700
77.240
77.780
78.290
78.820
79.340
79.900
80.400
80.940
81.480
82.000
82.530
83.050
83.560
84.110
84.650
85.170
85.700
86.240
86.740
87.280
87.800
88.360
88.870
89.410
89.950
90.470
91.010
91.550
92.080
92.600
93.140
93.680
94.200
94.730
95.260
95.790
96.330
96.870
97.400
97.940
98.470
99.020
99.540
100.080
100.620
101.130
101.650
102.170
102.670
103.220
103.730
104.250
104.790
105.320
105.830
106.370
106.890
107.430
107.930
108.450
108.980
109.520
110.040
110.550
111.070
111.630
112.160
112.690
113.210
113.720
114.250
114.800
115.350
115.870
116.430
116.890
117.390
117.870
118.340
