0.020
0.480
0.950
1.410
1.850
2.290
2.750
3.180
3.620
4.070
4.510
4.960
5.400
5.840
6.290
6.740
7.180
7.630
8.070
8.520
8.970
9.410
9.850
10.300
10.730
11.180
11.630
12.070
12.510
12.960
13.410
13.860
14.290
14.730
15.190
15.630
16.080
16.530
16.970
17.420
17.870
18.320
18.760
19.210
19.650
20.100
20.550
20.990
21.440
21.890
22.340
22.790
23.230
23.680
24.120
24.570
25.010
25.460
25.900
26.350
26.790
27.240
27.680
28.130
28.570
29.010
29.450
29.910
30.350
30.790
31.230
31.690
32.120
32.570
33.030
33.480
33.930
34.370
34.820
35.260
35.700
36.160
36.600
37.050
37.500
37.950
38.390
38.840
39.290
39.740
40.200
40.650
41.100
41.540
41.990
42.440
42.880
43.320
43.760
44.210
44.660
45.110
45.550
46.010
46.450
46.900
47.340
47.790
48.230
48.680
49.110
49.560
50.000
50.450
50.910
51.360
51.810
52.250
52.690
53.140
53.590
54.040
54.490
54.950
55.390
55.840
56.280
56.730
57.170
57.620
58.070
58.520
58.970
59.420
59.870
60.310
60.760
61.200
61.650
62.100
62.550
63.000
63.440
63.880
64.320
64.770
65.230
65.670
66.130
66.580
67.030
67.480
67.930
68.380
68.820
69.270
69.720
70.180
70.620
71.060
71.510
71.950
72.400
72.850
73.300
73.740
74.190
74.640
75.080
75.530
75.980
76.430
76.880
77.320
77.750
78.210
78.650
79.100
79.550
80.000
80.440
80.890
81.330
81.770
82.210
82.660
83.110
83.560
84.020
84.460
84.900
85.350
85.800
86.240
86.680
87.120
87.570
88.010
88.440
88.890
89.340
89.760
90.220
90.660
91.110
91.550
92.000
92.450
92.900
93.340
93.780
94.230
94.680
95.130
95.580
96.020
96.470
96.920
97.380
97.830
98.280
98.720
99.170
99.620
100.080
100.530
100.970
101.410
101.860
102.320
102.770
103.220
103.660
104.120
104.560
105.010
105.460
105.910
106.350
106.800
107.250
107.700
108.140
108.600
109.050
109.510
109.950
110.410
110.850
111.300
111.750
112.190
112.650
113.090
113.530
113.980
114.420
114.870
115.320
115.780
116.230
116.680
117.130
117.570
118.030
118.480
118.930
119.400
119.850
120.300
120.780
121.240
121.680
122.160
122.620
123.070
123.510
123.960
124.430
124.860
125.310
