0.380
0.800
1.200
1.630
2.040
2.460
2.880
3.310
3.740
4.190
4.610
5.010
5.450
5.860
6.290
6.700
7.110
7.530
7.960
8.380
8.790
9.220
9.660
10.080
10.510
10.920
11.350
11.770
12.180
12.600
13.010
13.430
13.850
14.280
14.690
15.100
15.520
15.930
16.330
16.730
17.150
17.570
17.990
18.410
18.830
19.240
19.650
20.070
20.480
20.890
21.320
21.750
22.160
22.590
23.010
23.430
23.840
24.260
24.680
25.110
25.530
25.950
26.360
26.790
27.200
27.620
28.040
28.460
28.870
29.290
29.710
30.110
30.530
30.960
31.360
31.800
32.210
32.630
33.060
33.460
33.890
34.310
34.720
35.130
35.560
35.960
36.380
36.810
37.230
37.660
38.060
38.490
38.920
39.340
39.760
40.170
40.600
41.020
41.440
41.860
42.280
42.700
43.120
43.540
43.960
44.380
44.800
45.240
45.660
46.090
46.500
46.920
47.340
47.770
48.190
48.620
49.030
49.450
49.870
50.280
50.700
51.130
51.560
51.980
52.400
52.830
53.240
53.680
54.100
54.540
54.940
55.370
55.790
56.220
56.620
57.050
57.480
57.900
58.300
58.740
59.150
59.570
59.980
60.410
60.820
61.210
61.650
62.070
62.470
62.890
63.310
63.730
64.130
64.550
64.960
65.370
65.790
66.210
66.630
67.050
67.480
67.890
68.310
68.740
69.150
69.580
69.990
70.430
70.840
71.270
71.690
72.100
72.510
72.930
73.350
73.780
74.200
74.620
75.050
75.470
75.880
76.310
76.730
77.170
77.590
78.000
78.440
78.850
79.270
79.700
80.130
80.550
80.980
81.410
81.810
82.250
82.660
83.080
83.510
83.930
84.350
84.790
85.190
85.620
86.040
86.460
86.880
87.310
87.720
88.150
88.560
88.990
89.400
89.830
90.230
90.680
91.100
91.530
91.940
92.370
92.790
93.210
93.630
94.060
94.480
94.890
95.300
95.710
96.130
96.530
96.950
97.380
97.800
98.220
98.640
99.060
99.470
99.910
100.320
100.750
101.160
101.590
102.010
102.420
102.840
103.280
103.710
104.140
104.550
104.960
105.390
105.800
106.220
106.640
107.070
107.490
107.920
108.340
108.760
109.180
109.600
110.040
110.460
110.880
111.310
111.750
112.170
112.600
113.010
113.430
113.860
114.290
114.720
115.130
115.580
116.010
116.430
116.860
117.270
117.690
118.130
118.550
118.950
119.380
119.810
120.220
120.660
121.080
121.510
121.940
122.360
122.800
123.220
123.650
124.060
124.480
124.900
125.340
125.760
126.180
126.590
127.020
127.440
127.880
128.310
128.720
129.140
129.570
129.990
130.420
130.830
131.260
131.680
132.110
132.530
132.960
133.370
133.810
134.210
134.650
135.070
135.520
135.930
136.360
136.790
137.220
137.640
138.070
138.480
138.920
139.330
139.770
140.180
140.630
141.040
141.470
141.880
142.300
142.720
143.140
143.550
143.980
144.420
144.840
145.260
145.670
146.090
146.510
146.920
147.340
147.770
148.190
148.620
149.040
149.460
149.880
150.290
150.720
151.130
151.560
151.960
152.400
152.810
153.230
153.640
154.080
154.490
154.930
155.350
155.780
156.180
156.620
157.020
157.450
157.900
158.320
158.740
159.170
159.590
159.990
160.420
160.830
161.270
161.670
162.110
162.510
162.950
