0.470
0.930
1.380
1.840
2.280
2.750
3.190
3.640
4.090
4.540
4.980
5.430
5.900
6.340
6.800
7.270
7.730
8.180
8.640
9.100
9.550
9.990
10.460
10.910
11.370
11.820
12.280
12.720
13.190
13.640
14.100
14.550
15.010
15.490
15.940
16.420
16.870
17.350
17.800
18.260
18.730
19.200
19.650
20.120
20.580
21.050
21.510
21.990
22.450
22.910
23.360
23.830
24.290
24.750
25.210
25.670
26.130
26.580
27.050
27.510
27.960
28.410
28.880
29.330
29.790
30.250
30.720
31.160
31.630
32.070
32.530
32.990
33.440
33.890
34.360
34.820
35.280
35.730
36.200
36.660
37.120
37.590
38.060
38.530
38.990
39.460
39.930
40.400
40.860
41.340
41.800
42.280
42.730
43.210
43.670
44.140
44.610
45.070
45.540
46.000
46.470
46.920
47.400
47.850
48.320
48.770
49.250
49.710
50.180
50.640
51.100
51.560
52.020
52.480
52.940
53.410
53.870
54.320
54.780
55.240
55.700
56.150
56.630
57.090
57.570
58.020
58.510
58.960
59.430
59.920
60.380
60.850
61.310
61.800
62.260
62.730
63.210
63.680
64.140
64.640
65.090
65.570
66.030
66.500
66.950
67.420
67.900
68.350
68.820
69.280
69.750
70.210
70.680
71.130
71.610
72.070
72.540
73.010
73.480
73.930
74.400
74.850
75.330
75.790
76.260
76.710
77.190
77.650
78.130
78.590
79.060
79.530
79.990
80.460
80.930
81.410
81.870
82.320
82.800
83.260
83.730
84.190
84.660
85.130
85.600
86.060
86.520
86.980
87.460
87.910
88.390
88.830
89.310
89.760
90.250
90.710
91.170
91.630
92.110
92.570
93.030
93.500
93.970
94.430
94.880
95.360
95.820
96.290
96.760
97.250
97.720
98.200
98.680
99.160
99.620
100.110
100.570
101.060
101.530
102.000
102.470
102.950
103.420
103.880
104.360
104.820
105.300
105.750
106.220
106.680
107.150
107.610
108.080
108.530
109.010
109.460
109.940
110.390
110.860
111.330
111.810
112.260
112.740
113.190
113.660
114.110
114.580
115.040
115.510
115.970
116.450
116.910
117.380
117.840
118.310
118.760
119.220
119.700
120.170
120.630
121.100
121.570
122.050
122.520
122.980
123.430
123.910
124.370
124.830
125.290
125.770
126.230
126.690
127.140
127.630
128.090
128.550
129.010
129.480
129.950
130.390
130.860
131.320
131.810
132.270
132.740
133.200
133.660
134.120
134.580
135.060
135.530
136.000
136.470
136.930
137.400
137.870
138.330
138.800
139.290
139.740
140.210
140.680
141.130
141.610
142.090
142.540
143.020
143.480
143.950
144.420
144.890
145.350
145.820
146.290
146.750
147.220
147.690
148.160
148.630
149.090
149.560
150.030
150.500
150.960
151.420
151.890
152.350
152.820
153.290
153.760
154.230
154.690
155.160
155.620
156.100
156.550
157.020
157.490
157.970
158.440
158.900
159.370
159.840
160.310
160.770
161.240
161.720
162.170
162.610
163.060
163.540
164.010
164.490
164.940
165.410
165.880
166.360
166.840
167.340
