0.020
0.410
0.810
1.190
1.580
1.950
2.340
2.720
3.110
3.480
3.880
4.260
4.650
5.030
5.420
5.800
6.190
6.570
6.960
7.340
7.730
8.100
8.500
8.880
9.260
9.650
10.030
10.420
10.810
11.180
11.570
11.960
12.340
12.720
13.110
13.490
13.880
14.260
14.650
15.030
15.410
15.800
16.190
16.570
16.960
17.340
17.720
18.120
18.490
18.900
19.270
19.650
20.030
20.420
20.800
21.180
21.570
21.960
22.340
22.720
23.110
23.470
23.870
24.260
24.640
25.030
25.420
25.800
26.190
26.570
26.960
27.340
27.730
28.110
28.500
28.880
29.270
29.650
30.030
30.420
30.810
31.190
31.580
31.960
32.350
32.720
33.110
33.500
33.880
34.260
34.650
35.040
35.420
35.800
36.190
36.570
36.960
37.340
37.730
38.110
38.500
38.880
39.270
39.650
40.040
40.420
40.800
41.190
41.570
41.960
42.340
42.730
43.120
43.490
43.880
44.260
44.650
45.030
45.420
45.800
46.190
46.570
46.960
47.340
47.730
48.100
48.490
48.870
49.260
49.650
50.040
50.420
50.810
51.190
51.570
51.960
52.340
52.720
53.110
53.490
53.890
54.260
54.650
55.040
55.420
55.800
56.190
56.570
56.960
57.340
57.730
58.110
58.500
58.880
59.270
59.650
60.040
60.420
60.810
61.190
61.580
61.960
62.350
62.730
63.120
63.490
63.880
64.270
64.650
65.030
65.420
65.800
66.190
66.570
66.960
67.340
67.720
68.100
68.500
68.880
69.270
69.640
70.030
70.420
70.810
