0.060
0.500
0.920
1.340
1.750
2.180
2.600
3.020
3.430
3.860
4.280
4.710
5.120
5.540
5.960
6.380
6.790
7.220
7.640
8.060
8.470
8.900
9.320
9.740
10.150
10.580
11.000
11.430
11.830
12.260
12.680
13.110
13.510
13.940
14.360
14.790
15.190
15.620
16.040
16.470
16.870
17.300
17.720
18.150
18.550
18.980
19.400
19.830
20.240
20.660
21.080
21.510
21.910
22.340
22.760
23.190
23.590
24.020
24.440
24.870
25.270
25.700
26.120
26.550
26.960
27.380
27.800
28.230
28.630
29.060
29.490
29.910
30.310
30.740
31.170
31.590
31.990
32.420
32.850
33.270
33.670
34.100
34.530
34.950
35.350
35.780
36.210
36.630
37.030
37.460
37.890
38.310
38.710
39.140
39.570
39.990
40.400
40.830
41.250
41.670
42.080
42.500
42.930
43.360
43.760
44.190
44.610
45.040
45.440
45.870
46.290
46.720
47.130
47.550
47.970
48.400
48.800
49.230
49.650
50.080
50.490
50.910
51.340
51.760
52.160
52.590
53.020
53.440
53.840
