0.030
0.390
0.760
1.140
1.510
1.870
2.240
2.620
2.960
3.270
3.590
3.910
4.280
4.650
5.020
5.390
5.760
6.140
6.520
6.880
7.250
7.630
8.000
8.360
8.720
9.100
9.470
9.840
10.210
10.590
10.960
11.320
11.700
12.060
12.440
12.810
13.180
13.540
13.930
14.290
14.660
15.030
15.410
15.780
16.140
16.510
16.890
17.250
17.630
18.000
18.370
18.740
19.110
19.480
19.870
20.230
20.590
20.970
21.350
21.710
22.080
22.440
22.820
23.190
23.560
23.930
24.300
24.670
25.050
25.420
25.770
26.150
26.520
26.900
27.270
27.640
28.010
28.380
28.750
29.120
29.490
29.860
30.230
30.610
30.990
31.350
31.730
32.100
32.450
32.830
33.200
33.570
33.940
34.320
34.690
35.050
35.430
35.800
36.170
36.540
36.910
37.290
37.660
38.010
38.390
38.760
39.140
39.500
39.880
40.250
40.630
40.990
41.360
41.730
42.100
42.410
42.740
43.060
43.410
43.770
44.150
44.510
44.880
45.260
45.620
46.000
46.360
46.740
47.110
47.480
47.850
48.220
48.590
48.960
49.340
49.710
50.080
50.440
50.810
51.190
51.560
51.940
52.300
52.670
53.050
53.410
53.780
54.150
54.520
54.900
55.270
55.640
56.000
56.380
56.740
57.120
57.490
57.870
58.230
58.610
58.980
59.350
59.720
60.090
60.460
60.840
61.200
61.560
61.930
62.310
62.670
63.050
63.420
63.800
64.160
64.540
64.910
65.280
65.660
66.030
66.400
66.780
67.130
67.510
67.880
68.240
68.610
68.990
69.360
69.730
70.100
70.470
70.850
