0.280
0.640
1.030
1.430
1.810
2.180
2.550
2.930
3.320
3.700
4.080
4.470
4.850
5.230
5.610
5.990
6.380
6.750
7.130
7.530
7.890
8.280
8.660
9.040
9.430
9.810
10.190
10.580
10.960
11.340
11.720
12.100
12.490
12.860
13.230
13.640
14.010
14.390
14.770
15.140
15.530
15.910
16.290
16.680
17.060
17.440
17.820
18.210
18.590
18.960
19.340
19.720
20.110
20.490
20.860
21.250
21.640
22.020
22.400
22.770
23.170
23.540
23.920
24.310
24.680
25.060
25.450
25.810
26.210
26.590
26.970
27.460
27.920
28.500
29.080
29.640
30.230
30.790
31.350
31.930
32.500
33.070
33.650
34.220
34.800
35.370
35.930
36.510
37.070
37.650
38.220
38.810
39.460
40.110
40.700
41.270
41.840
42.400
42.980
43.560
44.130
44.700
45.280
45.850
46.420
46.990
47.570
