0.010
0.410
0.790
1.180
1.550
1.930
2.320
2.690
3.080
3.470
3.850
4.230
4.610
5.000
5.380
5.760
6.150
6.530
6.910
7.290
7.680
8.060
8.430
8.810
9.210
9.590
9.970
10.370
10.740
11.120
11.490
11.870
12.270
12.650
13.030
13.420
13.800
14.180
14.560
14.930
15.320
15.710
16.090
16.480
16.860
17.240
17.620
18.000
18.390
18.770
19.150
19.540
19.920
20.300
20.680
21.050
21.450
21.830
22.210
22.600
22.980
23.360
23.730
24.130
24.500
24.890
25.270
25.650
26.040
26.420
26.800
27.180
27.560
27.950
28.340
28.720
29.100
29.480
29.860
30.250
30.630
31.010
31.390
31.770
32.150
32.540
32.920
33.300
33.690
34.070
34.460
34.840
35.220
35.600
35.980
36.370
36.750
37.130
37.510
37.890
38.280
38.660
39.040
39.420
39.800
40.190
40.580
40.960
41.340
41.720
42.100
42.490
42.870
43.250
43.630
44.010
44.400
44.780
45.160
45.530
45.920
