0.330
0.730
1.110
1.490
1.860
2.240
2.620
2.990
3.370
3.750
4.130
4.510
4.890
5.270
5.640
6.020
6.380
6.780
7.150
7.530
7.910
8.280
8.670
9.030
9.400
9.790
10.180
10.560
10.940
11.320
11.670
12.060
12.430
12.830
13.200
13.580
13.950
14.330
14.710
15.090
15.450
15.850
16.220
16.600
16.980
17.350
17.730
18.100
18.480
18.870
19.240
19.620
20.000
20.380
20.750
21.130
21.500
21.890
22.270
22.640
23.020
23.400
23.780
24.150
24.520
24.910
25.290
25.670
26.040
26.420
26.800
27.170
27.540
27.940
28.310
28.690
29.070
29.450
29.820
30.190
30.570
30.960
31.330
31.710
32.090
32.470
32.850
33.220
33.590
33.980
34.360
34.740
35.110
35.480
35.870
36.220
36.550
36.870
37.180
37.510
37.820
