0.280
0.660
1.070
1.480
1.870
2.280
2.670
3.060
3.460
3.850
4.260
4.660
5.060
5.450
5.860
6.250
6.650
7.040
7.450
7.850
8.240
8.640
9.050
9.440
9.840
10.240
10.640
11.040
11.440
11.840
12.240
12.640
13.030
13.430
13.830
14.240
14.620
15.020
15.420
15.830
16.230
16.620
17.020
17.430
17.820
18.230
18.630
19.010
19.410
19.810
20.210
20.610
21.010
21.410
21.800
22.200
22.600
23.000
23.400
23.800
24.200
24.600
24.990
25.390
25.790
26.180
26.580
26.990
27.380
27.780
28.180
28.580
28.980
29.370
29.770
30.170
30.570
30.970
31.380
31.770
32.170
32.560
32.960
33.360
33.760
34.170
34.570
34.960
35.360
35.750
36.160
36.550
36.950
37.360
37.760
38.150
38.550
38.940
39.350
39.760
40.140
40.560
40.940
41.340
41.740
42.140
42.540
42.940
43.330
43.740
44.130
44.530
44.930
45.320
45.720
46.120
46.520
46.930
47.310
47.710
48.120
48.530
48.920
49.310
49.710
50.120
50.510
50.910
51.310
51.700
52.110
52.510
52.890
53.310
53.700
54.100
54.500
54.890
55.290
55.690
56.090
56.500
56.880
57.290
57.690
58.080
58.490
58.880
59.290
59.690
60.090
60.480
60.880
61.270
61.680
62.070
62.480
62.890
63.270
63.670
64.080
64.470
64.870
65.260
65.670
66.070
66.470
66.860
67.260
67.650
68.060
68.460
68.850
69.260
69.640
70.050
70.450
70.840
71.250
71.650
72.040
72.450
72.840
