0.290
0.680
1.090
1.480
1.880
2.280
2.680
3.070
3.480
3.880
4.280
4.670
5.080
5.480
5.870
6.270
6.680
7.080
7.480
7.880
8.280
8.680
9.070
9.470
9.880
10.280
10.670
11.070
11.480
11.880
12.280
12.680
13.070
13.480
13.870
14.280
14.670
15.080
15.470
15.880
16.270
16.680
17.070
17.470
17.880
18.280
18.680
19.070
19.470
19.880
20.270
20.670
21.070
21.480
21.870
22.270
22.670
23.070
23.470
23.870
24.270
24.670
25.080
25.470
25.860
26.270
26.670
27.080
27.470
27.870
28.260
28.670
29.070
29.460
29.860
30.260
30.660
31.070
31.460
31.860
