0.160
0.550
0.930
1.330
1.700
2.100
2.490
2.870
3.260
3.650
4.040
4.440
4.810
5.210
5.590
5.980
6.360
6.750
7.140
7.540
7.910
8.310
8.700
9.080
9.460
9.860
10.250
10.650
11.020
11.410
11.800
12.190
12.570
12.960
13.350
13.740
14.120
14.520
14.900
15.300
15.670
16.070
16.450
16.840
17.220
17.620
18.010
18.400
18.780
19.170
19.560
19.950
20.330
20.730
21.120
21.510
21.880
22.280
22.670
23.060
23.430
23.830
24.220
24.610
25.000
25.380
25.770
26.150
26.540
26.940
27.320
27.710
28.100
28.490
28.880
29.260
29.650
30.040
30.430
30.820
31.210
31.590
31.990
32.370
32.760
33.150
33.540
33.930
34.310
34.700
35.090
35.480
35.870
36.260
36.640
37.030
