0.070
0.530
0.960
1.400
1.850
2.300
2.740
3.190
3.640
4.090
4.530
4.970
5.420
5.870
6.310
6.760
7.200
7.660
8.100
8.540
8.980
9.440
9.880
10.320
10.770
11.220
11.660
12.090
12.550
12.990
13.460
13.890
14.340
14.780
15.230
15.670
16.110
16.560
17.010
17.450
17.900
18.350
18.790
19.230
19.680
20.130
20.570
21.020
21.470
21.910
22.360
22.800
23.240
23.690
24.140
24.580
25.030
25.480
25.920
26.360
26.810
27.260
27.700
28.140
28.590
29.040
29.480
29.920
30.370
30.820
31.260
31.700
32.150
32.600
33.020
