0.730
1.480
2.170
2.880
3.630
4.310
5.060
5.740
6.440
7.200
7.900
8.640
9.330
10.040
10.800
11.480
12.240
12.910
13.590
14.040
14.480
14.930
15.380
15.830
16.280
16.720
17.160
17.620
18.060
18.510
18.970
19.410
19.860
20.300
20.740
21.200
21.660
22.100
22.540
22.990
23.440
23.890
24.330
24.790
25.230
25.680
26.120
26.580
27.030
27.470
27.910
28.370
28.820
29.260
29.710
30.160
30.610
31.050
31.500
31.950
32.400
32.840
33.290
33.740
34.190
34.630
35.080
35.530
35.980
36.430
36.870
37.320
37.770
38.210
38.660
39.130
39.580
40.010
40.470
40.930
41.350
41.800
42.240
42.700
43.150
43.590
44.040
44.490
44.940
45.380
45.830
46.280
46.730
47.170
47.620
48.070
48.530
48.960
49.410
49.860
50.310
50.750
51.200
51.650
52.110
52.550
53.010
53.450
53.910
54.340
54.790
55.240
55.690
56.120
56.570
57.030
57.480
57.920
58.370
58.820
59.270
59.710
60.160
60.610
61.060
61.500
61.950
62.400
62.860
63.290
63.740
64.190
64.650
65.090
65.530
65.980
66.440
66.870
67.320
67.780
68.230
68.670
69.120
69.560
70.020
70.460
70.910
71.350
71.820
72.250
72.710
73.130
73.600
74.030
74.500
74.930
75.400
75.830
76.290
76.730
77.180
77.620
78.070
78.520
78.970
79.410
79.860
80.310
80.770
81.200
81.660
82.110
82.550
83.020
83.460
83.900
84.340
84.780
85.230
85.680
86.140
86.580
87.020
87.470
87.920
88.370
88.820
89.270
89.710
90.160
90.610
91.060
91.510
91.950
92.400
92.850
93.300
93.740
94.190
94.640
95.090
95.530
95.980
96.430
96.880
97.330
97.780
98.230
98.670
99.120
99.570
100.020
100.470
100.910
101.360
101.810
102.250
102.700
103.150
103.590
104.050
104.500
104.940
105.390
105.840
106.290
106.730
107.180
107.630
108.080
108.520
108.970
109.420
109.870
110.310
110.760
111.210
111.660
112.110
112.550
113.010
113.450
113.900
