0.150
0.520
0.920
1.300
1.650
2.030
2.410
2.780
3.170
3.540
3.930
4.310
4.670
5.040
5.430
5.790
6.180
6.550
6.940
7.320
7.670
8.050
8.430
8.810
9.180
9.560
9.950
10.330
10.690
11.070
11.450
11.820
12.200
12.570
12.970
13.340
13.720
14.080
14.460
14.840
15.210
15.580
15.980
16.360
16.710
17.090
17.470
17.840
18.220
18.590
18.980
19.360
19.710
20.090
20.480
20.860
21.220
21.610
21.990
22.380
22.760
23.110
23.480
23.860
24.240
24.600
24.990
25.370
25.740
26.120
26.500
26.870
27.250
27.620
28.000
28.380
28.750
29.130
29.510
29.880
30.260
30.640
31.010
31.390
31.760
32.140
32.520
32.890
33.270
33.640
34.020
34.400
34.770
35.150
35.530
35.900
36.280
36.660
37.030
37.410
37.780
38.160
38.540
38.910
39.290
39.660
40.040
40.420
40.790
41.170
41.550
41.920
42.300
42.680
43.050
43.430
43.800
44.180
44.560
44.930
45.310
45.680
46.060
46.440
46.810
