0.060
0.420
0.770
1.130
1.490
1.840
2.230
2.580
2.940
3.300
3.680
4.040
4.390
4.750
5.130
5.490
5.840
6.200
6.580
6.940
7.300
7.660
8.030
8.390
8.750
9.100
9.490
9.840
10.200
10.560
10.930
11.290
11.650
12.010
12.380
12.750
13.110
13.480
13.840
14.210
14.570
14.930
15.290
15.660
16.010
16.380
16.740
17.110
17.470
17.840
18.190
18.560
18.910
19.290
19.640
20.010
20.370
20.740
21.090
21.460
21.810
22.180
22.540
22.910
23.270
23.640
24.000
24.370
24.730
25.090
25.450
25.820
26.180
26.540
26.890
27.260
27.630
27.990
28.340
28.710
29.080
29.440
29.790
30.160
30.520
30.890
31.250
31.610
31.970
32.330
32.690
33.060
33.420
33.780
34.140
34.510
34.860
35.230
35.590
35.950
36.310
36.680
37.040
37.400
37.760
38.130
38.490
38.850
39.210
39.580
39.940
40.300
40.660
41.030
41.390
41.750
42.110
42.480
42.840
43.200
43.560
43.930
44.290
44.650
45.010
45.380
45.740
46.100
46.460
46.830
47.190
47.550
47.910
48.280
48.640
49.000
49.360
49.720
50.080
50.450
50.810
51.180
51.540
51.900
52.260
52.630
52.990
53.350
53.710
54.080
54.440
54.800
55.160
55.530
55.890
56.250
56.610
56.980
