0.290
0.640
1.010
1.400
1.770
2.150
2.520
2.890
3.280
3.650
4.020
4.400
4.770
5.150
5.520
5.900
6.270
6.650
7.020
7.400
7.780
8.160
8.530
8.910
9.290
9.660
10.030
10.400
10.780
11.160
11.530
11.900
12.280
12.660
13.030
13.410
13.780
14.160
14.530
14.910
15.290
15.660
16.040
16.410
16.790
17.160
17.530
17.910
18.290
18.660
19.040
19.410
19.790
20.170
20.540
20.920
21.300
21.670
22.040
22.410
22.800
23.170
23.540
23.910
24.290
24.670
25.040
25.420
25.790
26.170
26.540
26.920
27.300
27.670
28.050
28.420
28.800
29.180
29.550
29.920
30.300
30.670
31.050
31.420
31.800
32.180
32.550
32.930
33.310
33.670
34.050
34.430
34.810
35.180
35.550
35.940
36.310
36.680
37.050
37.430
37.810
38.180
38.560
38.930
39.310
39.690
40.060
40.430
40.810
41.190
41.560
41.930
42.310
42.680
43.060
43.440
43.810
44.190
44.560
44.940
45.320
45.690
46.060
46.440
46.820
