0.240
0.660
1.080
1.490
1.900
2.320
2.740
3.150
3.570
3.980
4.400
4.810
5.230
5.640
6.060
6.470
6.890
7.300
7.720
8.130
8.550
8.960
9.380
9.790
10.210
10.620
11.040
11.450
11.870
12.280
12.700
13.110
13.530
13.940
14.360
14.760
15.190
15.610
16.020
16.420
16.850
17.270
17.680
18.080
18.510
18.930
19.340
19.740
20.170
20.580
21.000
21.400
21.830
22.240
22.660
23.060
23.490
23.900
24.320
24.730
25.150
25.570
25.980
26.390
26.810
27.220
27.640
28.050
28.470
28.880
29.300
29.710
30.130
30.550
30.960
31.370
31.790
32.200
32.620
33.020
33.450
33.870
34.280
34.680
35.110
35.530
35.940
36.350
36.760
37.190
37.600
38.000
