0.310
0.790
1.270
1.750
2.230
2.710
3.190
3.670
4.150
4.630
5.110
5.590
6.070
6.550
7.030
7.510
7.990
8.470
8.950
9.430
9.910
10.390
10.870
11.350
11.830
12.320
12.790
13.270
13.760
14.230
14.720
15.200
15.670
16.160
16.630
17.120
17.600
18.080
18.550
19.040
19.510
20.000
20.470
20.960
21.440
21.920
22.390
22.880
23.350
23.830
24.310
24.800
25.270
25.750
26.230
26.720
27.190
27.670
28.150
28.630
29.110
29.590
30.070
30.550
31.030
31.500
31.990
32.470
32.940
33.430
33.910
34.380
34.860
35.350
35.820
36.300
36.780
37.260
37.740
38.220
38.700
39.180
39.660
40.140
40.620
41.100
41.580
42.060
42.540
43.020
43.490
43.970
44.450
44.940
45.420
45.890
46.370
46.850
47.330
47.810
48.290
48.780
49.250
49.730
50.210
50.690
51.170
51.650
52.130
52.610
53.090
53.570
54.050
54.530
55.010
55.490
55.960
56.440
56.930
57.410
57.880
