0.040
0.420
0.800
1.170
1.530
1.890
2.260
2.620
2.990
3.350
3.710
4.080
4.440
4.810
5.180
5.540
5.900
6.270
6.630
7.000
7.360
7.720
8.100
8.460
8.820
9.190
9.550
9.910
10.280
10.650
11.010
11.370
11.740
12.100
12.470
12.830
13.200
13.560
13.930
14.290
14.660
15.020
15.380
15.750
16.110
16.480
16.850
17.210
17.570
17.940
18.300
18.670
19.030
19.390
19.770
20.130
20.490
20.860
21.220
21.580
21.950
22.320
22.680
23.040
23.400
23.770
24.130
24.500
24.870
25.230
25.600
25.960
26.330
26.690
27.060
27.420
27.790
28.150
28.520
28.880
29.240
29.610
29.970
30.340
30.700
31.060
31.440
31.800
32.160
32.530
32.890
33.260
33.620
33.990
34.360
34.720
35.080
35.450
35.810
36.180
36.540
36.910
37.280
37.640
38.000
38.370
38.730
39.100
39.460
39.820
40.190
40.550
40.920
41.280
41.650
42.010
42.380
42.740
43.110
43.470
43.840
