0.300
0.670
1.050
1.430
1.820
2.210
2.600
2.990
3.350
3.730
4.120
4.500
4.890
5.280
5.670
6.060
6.450
6.810
7.190
7.580
7.960
8.350
8.740
9.130
9.490
9.880
10.260
10.650
11.040
11.420
11.810
12.180
12.560
12.950
13.330
13.720
14.110
14.490
14.860
15.260
15.640
16.020
16.410
16.790
17.170
17.560
17.930
18.330
18.710
19.090
19.480
19.870
20.250
20.630
21.000
21.400
21.780
22.160
22.550
22.940
23.320
23.700
24.070
24.450
24.850
25.240
25.610
26.000
26.410
26.770
27.150
27.540
27.930
28.310
28.690
29.080
29.460
29.850
30.220
30.610
31.000
31.380
31.770
32.160
32.550
32.920
33.300
33.700
34.080
34.460
34.830
35.220
35.610
35.980
36.370
36.760
