0.020
0.390
0.780
1.140
1.530
1.910
2.300
2.670
3.040
3.430
3.820
4.200
4.560
4.960
5.340
5.710
6.100
6.480
6.870
7.240
7.620
8.010
8.390
8.770
9.130
9.530
9.910
10.290
10.670
11.050
11.410
11.810
12.180
12.570
12.960
13.330
13.710
14.100
14.480
14.860
15.240
15.620
16.000
16.380
16.760
17.140
17.530
17.910
18.280
18.660
19.060
19.420
19.800
20.190
20.580
20.950
21.330
21.710
22.100
22.480
22.860
23.230
23.620
24.010
24.370
24.760
25.150
25.520
25.900
26.290
26.670
27.050
27.410
27.810
28.190
28.570
28.930
29.330
29.710
30.090
30.460
30.850
31.240
31.610
31.990
32.380
32.760
33.140
33.510
33.900
34.290
34.660
35.050
35.420
35.800
36.180
36.550
36.940
37.340
37.710
38.090
38.470
38.860
39.230
39.610
39.990
40.390
40.750
41.130
41.520
41.900
42.280
42.650
43.040
43.430
43.800
44.180
44.570
44.950
45.330
45.700
46.080
46.470
46.850
47.230
47.600
47.990
48.380
48.740
49.130
49.520
49.890
50.270
50.660
51.040
51.420
51.790
52.180
52.570
52.950
53.310
53.700
54.090
54.460
54.840
55.220
55.610
55.980
56.360
56.750
57.130
57.510
57.890
58.270
58.660
59.040
59.410
59.790
60.180
60.560
60.930
61.310
61.710
62.070
62.450
62.840
63.230
63.610
63.980
64.360
64.750
65.130
65.500
65.890
66.270
66.650
67.010
