0.150
0.530
0.930
1.290
1.670
2.040
2.410
2.790
3.160
3.540
3.920
4.290
4.660
5.040
5.420
5.790
6.160
6.540
6.920
7.290
7.670
8.040
8.410
8.790
9.170
9.540
9.920
10.300
10.670
11.040
11.420
11.790
12.170
12.540
12.930
13.300
13.670
14.040
14.420
14.800
15.170
15.540
15.920
16.300
16.660
17.040
17.420
17.790
18.170
18.540
18.930
19.300
19.670
20.050
20.420
20.800
21.170
21.550
21.940
22.300
22.670
23.040
23.420
23.800
24.180
24.550
24.920
25.300
25.670
26.050
26.420
26.800
27.180
27.550
27.920
28.300
28.670
29.050
29.420
29.790
30.170
30.550
30.930
31.300
31.680
32.050
32.420
32.800
33.170
33.550
33.920
34.300
34.670
