0.300
0.670
1.060
1.440
1.820
2.190
2.570
2.960
3.340
3.710
4.100
4.480
4.860
5.230
5.610
6.000
6.380
6.750
7.130
7.510
7.890
8.260
8.640
9.030
9.410
9.780
10.170
10.540
10.930
11.310
11.680
12.060
12.440
12.810
13.190
13.590
13.960
14.330
14.720
15.100
15.480
15.850
16.230
16.610
17.000
17.370
17.760
18.150
18.520
18.890
19.260
19.660
20.040
20.410
20.800
21.170
21.550
21.920
22.310
22.700
23.070
23.440
23.840
24.220
24.590
24.960
25.350
25.730
26.110
26.480
26.870
27.250
27.620
28.000
28.380
28.770
29.140
29.520
29.900
30.280
30.670
31.040
31.420
31.800
32.180
32.550
32.940
33.320
33.700
34.070
34.460
34.840
35.220
35.600
35.980
36.360
36.730
37.110
37.500
37.870
38.250
38.630
39.010
39.390
39.770
40.150
40.530
40.910
41.290
41.660
42.050
42.430
42.800
43.180
43.570
43.950
44.320
44.700
45.090
45.470
45.840
46.220
46.610
46.990
47.360
47.750
