0.210
0.640
1.060
1.490
1.920
2.340
2.770
3.200
3.630
4.050
4.480
4.910
5.340
5.760
6.190
6.620
7.040
7.470
7.900
8.320
8.750
9.180
9.600
10.030
10.460
10.880
11.310
11.740
12.170
12.600
13.030
13.450
13.880
14.300
14.730
15.160
15.580
16.010
16.440
16.870
17.290
17.710
18.150
18.580
19.000
19.420
19.860
20.280
20.710
21.130
21.560
21.990
22.410
22.840
23.270
23.700
24.120
24.540
24.980
25.410
25.830
26.260
26.690
27.110
27.540
27.960
28.390
28.830
29.250
29.670
30.110
30.530
30.950
31.380
31.810
32.230
32.660
33.090
33.520
33.940
34.370
34.790
35.220
35.650
36.080
36.500
36.930
37.360
37.790
38.200
38.650
