0.170
0.620
1.060
1.500
1.940
2.390
2.830
3.280
3.720
4.160
4.600
5.040
5.480
5.930
6.370
6.820
7.250
7.700
8.140
8.590
9.030
9.470
9.910
10.360
10.810
11.240
11.690
12.130
12.570
13.020
13.490
13.930
14.370
14.780
15.230
15.670
16.110
16.560
17.000
17.440
17.890
18.330
18.770
19.210
19.660
20.100
20.540
20.990
21.430
21.870
22.310
22.750
23.200
23.640
24.090
24.530
24.980
25.410
25.860
26.300
26.750
27.190
27.630
28.070
28.520
28.960
29.400
29.840
30.280
30.730
31.180
31.620
32.060
32.510
32.950
33.380
33.830
34.270
34.720
35.160
35.600
36.050
36.490
36.930
37.370
37.820
38.260
38.700
39.150
39.590
40.030
40.470
40.920
41.360
41.810
42.250
42.690
43.140
43.580
44.020
44.470
44.910
45.350
45.790
46.230
46.680
47.130
47.560
48.010
48.450
48.900
49.330
49.780
50.220
50.670
51.110
51.560
51.990
52.430
52.880
53.320
53.770
54.220
54.650
