0.150
0.590
1.020
1.440
1.870
2.310
2.740
3.160
3.590
4.020
4.450
4.870
5.300
5.740
6.160
6.590
7.020
7.450
7.880
8.310
8.730
9.170
9.590
10.020
10.440
10.880
11.310
11.740
12.160
12.590
13.030
13.450
13.880
14.310
14.750
15.170
15.590
16.020
16.460
16.880
17.310
17.740
18.170
18.600
19.020
19.450
19.890
20.310
20.740
21.170
21.600
22.030
22.460
22.880
23.320
23.740
24.170
24.600
25.030
25.460
25.890
26.310
26.740
27.180
27.600
28.040
28.460
28.890
29.320
29.750
30.180
30.600
31.030
31.460
31.890
32.320
32.750
33.180
33.610
34.030
34.460
34.900
35.320
35.740
36.180
36.610
37.030
37.460
37.890
38.330
38.750
39.180
39.610
40.040
40.460
40.890
41.320
41.760
42.190
42.610
43.040
43.470
43.900
