0.180
0.560
0.940
1.310
1.680
2.060
2.430
2.810
3.190
3.560
3.930
4.310
4.690
5.060
5.440
5.820
6.200
6.570
6.940
7.320
7.690
8.070
8.450
8.820
9.200
9.570
9.950
10.330
10.700
11.080
11.450
11.830
12.210
12.590
12.950
13.330
13.710
14.090
14.460
14.830
15.210
15.590
15.960
16.340
16.710
17.090
17.470
17.850
18.220
18.590
18.970
19.350
19.720
20.100
20.470
20.850
21.220
21.600
21.970
22.350
22.720
23.100
23.470
23.860
24.230
24.610
24.980
25.360
25.730
26.110
26.480
26.860
27.230
27.610
27.980
28.360
28.740
29.110
29.490
29.870
30.240
30.610
30.990
31.370
31.740
32.120
32.490
32.870
33.240
33.620
33.990
34.370
34.750
35.120
35.500
35.880
36.250
36.620
37.000
37.380
37.750
38.130
38.500
38.880
39.260
39.630
40.000
40.380
40.760
41.140
41.510
41.890
42.260
42.640
43.010
43.390
43.760
44.140
44.510
44.890
45.270
45.640
46.020
46.390
46.770
47.150
47.520
47.900
