0.040
0.450
0.820
1.220
1.610
2.000
2.380
2.780
3.180
3.550
3.920
4.330
4.710
5.110
5.480
5.870
6.260
6.650
7.030
7.420
7.800
8.200
8.580
8.970
9.350
9.750
10.130
10.530
10.910
11.300
11.680
12.080
12.460
12.850
13.230
13.630
14.010
14.400
14.790
15.180
15.560
15.960
16.340
16.730
17.120
17.510
17.890
18.270
18.660
19.060
19.440
19.840
20.220
20.610
20.990
21.380
21.770
22.160
22.540
22.940
23.320
23.720
24.100
24.470
24.870
25.260
25.640
26.040
26.420
26.820
27.200
27.590
27.970
28.360
28.750
29.150
29.520
29.920
30.300
30.690
31.080
31.470
31.860
32.240
32.630
33.020
33.400
33.780
34.180
34.570
34.950
35.340
35.740
36.120
36.500
36.890
37.280
37.670
38.050
38.440
38.840
39.230
39.600
40.000
40.380
40.770
41.160
41.540
41.930
42.330
42.710
43.100
43.480
43.870
44.260
44.640
45.030
45.430
45.810
46.200
46.580
46.980
47.360
47.750
48.130
48.530
48.910
49.300
49.690
50.080
50.460
50.850
51.230
51.630
52.010
52.390
52.780
53.180
53.560
53.950
54.330
54.740
55.110
55.500
55.890
