0.290
0.670
1.040
1.430
1.810
2.190
2.580
2.960
3.340
3.730
4.100
4.480
4.880
5.270
5.640
6.020
6.400
6.790
7.170
7.550
7.930
8.320
8.700
9.080
9.470
9.850
10.240
10.610
10.990
11.400
11.770
12.150
12.530
12.910
13.300
13.680
14.060
14.440
14.830
15.210
15.590
15.980
16.360
16.730
17.110
17.520
17.890
18.270
18.650
19.050
19.410
19.800
20.180
20.560
20.950
21.330
21.710
22.100
22.490
22.860
23.240
23.630
24.020
24.400
24.780
25.170
25.550
25.920
26.310
26.690
27.070
27.460
27.840
28.220
28.620
28.980
29.370
29.750
30.150
30.520
30.900
31.280
31.670
32.050
32.440
32.820
33.200
33.580
33.970
34.350
34.740
35.110
35.490
35.880
36.270
36.650
37.030
37.410
37.800
38.170
38.560
38.940
39.320
39.710
40.090
40.480
40.870
41.240
41.620
42.010
42.400
42.780
43.160
43.540
43.920
