0.080
0.490
0.890
1.280
1.680
2.080
2.480
2.890
3.270
3.680
4.080
4.480
4.870
5.280
5.680
6.090
6.480
6.880
7.290
7.680
8.080
8.480
8.880
9.280
9.680
10.080
10.480
10.880
11.270
11.670
12.070
12.480
12.890
13.280
13.680
14.080
14.480
14.870
15.270
15.680
16.070
16.470
16.870
17.280
17.670
18.080
18.480
18.880
19.270
19.680
20.080
20.480
20.870
21.270
21.680
22.080
22.470
22.870
23.270
23.680
24.070
24.480
24.880
25.280
25.670
26.070
26.470
26.880
27.270
27.670
28.070
28.480
28.870
29.270
29.670
30.070
30.470
30.870
31.280
31.680
32.070
32.470
32.870
33.280
33.670
34.070
34.470
34.870
35.270
35.670
36.080
36.480
36.870
