0.060
0.410
0.770
1.140
1.500
1.850
2.200
2.570
2.930
3.280
3.640
4.010
4.370
4.720
5.080
5.440
5.800
6.150
6.520
6.880
7.240
7.600
7.960
8.310
8.670
9.030
9.390
9.750
10.110
10.470
10.830
11.180
11.550
11.900
12.260
12.620
12.980
13.340
13.700
14.050
14.420
14.770
15.130
15.490
15.860
16.210
16.570
16.930
17.290
17.640
18.000
18.360
18.730
19.080
19.440
19.800
20.160
20.510
20.880
21.240
21.600
21.950
22.320
22.670
23.040
23.390
23.750
24.110
24.470
24.820
25.180
25.540
25.910
26.260
26.620
26.980
27.340
27.690
28.060
28.410
28.780
29.130
29.490
29.850
30.220
30.560
30.920
31.290
31.650
32.000
32.360
32.720
33.080
33.440
33.800
34.150
34.520
34.880
35.240
35.600
35.960
36.310
36.680
37.030
37.390
37.750
38.110
38.470
38.830
39.190
39.550
39.900
40.270
40.620
40.980
41.340
41.700
42.060
42.410
42.770
43.130
43.490
43.850
44.210
44.570
44.930
45.290
45.650
46.010
