0.060
0.430
0.800
1.170
1.550
1.920
2.300
2.670
3.050
3.420
3.790
4.160
4.550
4.920
5.290
5.670
6.040
6.410
6.790
7.160
7.540
7.910
8.290
8.660
9.040
9.410
9.790
10.150
10.530
10.900
11.280
11.660
12.030
12.400
12.780
13.150
13.530
13.900
14.280
14.650
15.030
15.400
15.770
16.150
16.530
16.900
17.270
17.650
18.020
18.400
18.770
19.140
19.520
19.900
20.270
20.650
21.020
21.390
21.760
22.130
22.510
22.880
23.260
23.630
24.010
24.380
24.760
25.130
25.500
25.880
26.250
26.630
27.000
27.370
27.750
28.120
28.500
28.870
29.250
29.620
30.000
30.370
30.740
31.120
31.490
31.860
32.240
32.610
32.990
33.360
33.740
34.110
34.490
34.830
