0.090
0.460
0.850
1.240
1.630
2.020
2.400
2.790
3.190
3.570
3.950
4.340
4.740
5.120
5.500
5.900
6.280
6.670
7.050
7.450
7.840
8.220
8.610
9.000
9.400
9.770
10.160
10.540
10.940
11.330
11.710
12.110
12.490
12.880
13.260
13.650
14.050
14.430
14.820
15.210
15.610
15.980
16.370
16.760
17.150
17.540
17.930
18.320
18.720
19.090
19.470
19.870
20.260
20.640
21.030
21.420
21.810
22.190
22.580
22.980
23.360
23.750
24.130
24.530
24.910
25.300
25.690
26.080
26.460
26.850
27.240
27.630
28.030
28.400
28.790
29.180
29.570
29.960
30.350
30.730
31.130
31.510
31.890
32.290
32.680
33.060
33.450
33.840
34.230
34.610
35.000
35.400
35.780
36.170
36.550
36.950
37.330
37.720
38.100
38.500
38.880
39.270
39.660
40.050
40.440
40.820
41.210
41.600
42.000
42.380
42.770
43.160
43.550
43.930
44.310
44.710
45.100
45.480
45.870
46.260
46.650
47.040
47.420
47.810
48.200
48.590
48.970
49.370
49.750
50.140
50.530
50.920
51.310
51.690
52.080
52.480
52.870
53.240
53.630
54.020
