0.260
0.740
1.210
1.680
2.160
2.630
3.100
3.570
4.050
4.520
4.990
5.460
5.940
6.410
6.880
7.350
7.830
8.300
8.770
9.240
9.720
10.190
10.660
11.130
11.610
12.080
12.560
13.020
13.500
13.980
14.450
14.910
15.390
15.870
16.340
16.800
17.280
17.750
18.230
18.700
19.170
19.640
20.120
20.590
21.060
21.530
22.010
22.480
22.960
23.430
23.900
24.370
24.840
25.310
25.790
26.260
26.730
27.210
27.680
28.150
28.630
29.100
29.570
30.040
30.520
30.990
31.460
31.930
32.400
32.880
33.350
33.820
34.300
34.770
35.240
35.710
36.180
36.660
37.130
37.600
38.080
38.550
39.020
39.490
39.970
40.440
40.910
41.380
41.860
42.330
42.800
43.270
43.750
44.220
44.690
45.160
45.640
46.130
46.590
47.080
47.540
48.030
48.480
48.960
49.430
49.920
50.380
50.850
51.330
51.810
52.270
52.740
53.220
53.680
54.150
54.610
55.100
55.560
56.040
56.510
56.980
57.460
57.930
58.400
58.880
59.370
59.830
60.290
60.770
61.250
61.710
62.180
62.660
63.130
63.600
64.070
64.550
65.020
65.490
65.960
66.440
66.910
67.380
67.850
68.320
68.800
69.270
69.740
70.220
70.690
71.160
71.630
72.110
72.580
73.050
73.520
74.000
74.470
74.940
75.410
75.890
76.360
76.830
77.300
77.780
78.250
78.720
79.190
79.670
80.140
80.610
81.080
81.560
82.030
82.500
82.970
83.450
83.920
84.400
84.860
