0.290
0.740
1.210
1.600
1.970
2.360
2.730
3.110
3.490
3.860
4.220
4.600
4.980
5.370
5.740
6.110
6.500
6.880
7.230
7.610
7.990
8.390
8.760
9.130
9.510
9.880
10.250
10.620
11.000
11.390
11.770
12.140
12.530
12.890
13.260
13.630
14.020
14.410
14.780
15.150
15.540
15.910
16.270
16.640
17.030
17.420
17.790
18.160
18.550
18.920
19.280
19.650
20.040
20.430
20.810
21.180
21.560
21.930
22.300
22.680
23.050
23.440
23.820
24.180
24.570
24.940
25.310
25.690
26.070
26.450
26.820
27.200
27.590
27.950
28.320
28.700
29.080
29.470
29.840
30.210
30.590
30.970
31.330
31.720
32.090
32.470
32.850
33.220
33.600
33.980
34.350
34.720
35.110
35.500
35.870
36.240
36.620
37.000
37.360
37.740
38.120
38.500
38.880
39.250
39.630
40.010
40.380
40.750
41.140
41.520
41.890
42.260
42.650
43.030
43.390
43.770
44.150
44.530
44.900
45.280
45.670
46.040
46.400
46.780
47.090
47.410
47.730
48.100
48.480
48.860
49.240
49.610
49.990
50.360
50.750
51.120
51.490
51.870
52.270
52.630
53.010
53.370
53.750
54.130
54.510
54.880
55.270
55.640
56.010
56.390
56.770
57.150
57.520
57.900
58.300
58.650
59.030
59.400
59.780
60.160
60.540
60.910
61.300
61.670
62.040
62.420
62.800
63.170
63.540
63.930
64.320
64.680
65.060
65.430
65.810
66.180
66.560
66.930
67.320
67.690
68.070
68.440
68.820
69.200
69.570
69.950
70.340
70.700
