0.240
0.720
1.170
1.640
2.100
2.560
3.030
3.500
3.950
4.430
4.880
5.350
5.810
6.280
6.740
7.210
7.670
8.140
8.600
9.060
9.520
9.990
10.460
10.920
11.380
11.850
12.310
12.770
13.230
13.700
14.170
14.630
15.090
15.560
16.020
16.490
16.950
17.410
17.880
18.350
18.800
19.280
19.740
20.200
20.660
21.120
21.590
22.060
22.520
22.990
23.450
23.910
24.370
24.830
25.300
25.770
26.230
26.700
27.160
27.620
28.080
28.550
29.010
29.480
29.940
30.410
30.870
31.330
31.790
32.260
32.720
33.190
33.650
34.120
34.580
35.040
35.500
35.970
36.440
36.900
37.360
37.830
38.290
38.750
39.210
39.680
40.150
40.610
41.070
41.550
42.000
42.460
42.930
43.390
43.860
44.320
44.780
45.260
45.710
46.180
46.640
47.100
47.570
48.030
48.490
48.970
49.420
49.890
50.350
50.810
51.280
51.740
52.210
52.680
53.130
53.600
54.060
54.540
54.990
