0.080
0.540
1.000
1.460
1.920
2.370
2.840
3.300
3.750
4.210
4.680
5.130
5.590
6.050
6.510
6.970
7.430
7.890
8.350
8.800
9.260
9.720
10.180
10.640
11.100
11.550
12.020
12.470
12.930
13.390
13.850
14.300
14.760
15.220
15.690
16.140
16.600
17.050
17.520
17.980
18.430
18.890
19.360
19.810
20.270
20.720
21.190
21.640
22.100
22.560
23.030
23.480
23.940
24.390
24.860
25.310
25.770
26.230
26.700
27.150
27.610
28.050
28.530
28.980
29.440
29.900
30.360
30.820
31.280
31.730
32.200
32.650
33.110
33.570
34.030
34.480
34.950
35.400
35.870
36.320
36.780
37.240
37.710
38.150
38.620
39.070
39.540
39.990
40.450
40.910
41.370
41.820
42.290
42.740
43.210
43.660
44.110
44.570
45.040
45.490
45.950
46.400
46.880
47.320
47.780
48.240
48.710
49.160
49.620
50.070
50.540
50.990
51.450
51.910
52.380
52.830
53.280
53.740
54.210
54.660
55.120
55.580
56.050
56.490
56.950
57.410
57.880
58.330
58.790
59.250
59.720
60.160
60.620
61.080
61.550
62.000
62.460
62.920
63.390
63.830
64.290
64.750
65.220
65.670
66.130
66.590
67.060
67.500
67.960
68.420
68.890
69.340
69.800
70.260
70.730
71.180
71.640
72.070
72.540
73.000
73.470
73.930
74.390
74.840
75.300
75.760
76.230
76.680
77.140
77.600
78.070
78.520
78.980
79.440
79.900
80.350
80.810
81.270
81.740
82.190
82.640
83.100
83.570
84.020
84.480
84.940
85.410
85.860
86.320
86.760
87.240
87.690
88.150
88.610
89.080
89.530
89.990
90.440
90.910
91.370
91.820
92.280
92.750
93.200
93.660
94.120
94.580
95.040
95.490
95.950
96.420
96.870
97.330
97.790
98.260
98.710
99.170
99.630
100.100
100.540
101.010
