0.230
0.640
1.030
1.430
1.830
2.240
2.640
3.040
3.440
3.840
4.230
4.630
5.040
5.440
5.840
6.230
6.640
7.040
7.430
7.840
8.240
8.640
9.040
9.440
9.840
10.240
10.630
11.030
11.440
11.840
12.240
12.630
13.040
13.440
13.840
14.240
14.640
15.040
15.450
15.840
16.240
16.650
17.040
17.440
17.840
18.240
18.650
19.040
19.440
19.850
20.240
20.640
21.040
21.450
21.850
22.250
22.640
23.050
23.440
23.840
24.240
24.650
25.050
25.440
25.850
26.250
26.640
27.040
27.440
27.850
28.250
28.650
29.050
29.450
29.850
30.250
30.650
31.050
31.450
31.850
32.250
32.650
33.050
33.450
33.850
34.250
34.650
35.050
35.450
35.850
