0.140
0.510
0.900
1.280
1.640
2.020
2.390
2.760
3.150
3.520
3.910
4.270
4.630
5.030
5.400
5.790
6.150
6.520
6.900
7.280
7.640
8.020
8.400
8.770
9.160
9.520
9.910
10.280
10.640
11.030
11.400
11.790
12.160
12.520
12.910
13.270
13.640
14.030
14.400
14.770
15.160
15.530
15.920
16.280
16.650
17.030
17.410
17.800
18.160
18.530
18.910
19.290
19.650
20.040
20.410
20.780
21.170
21.530
21.920
22.290
22.650
23.040
23.410
23.780
24.160
24.530
24.910
25.270
25.650
26.040
26.410
26.780
27.170
27.540
27.930
28.290
28.650
29.050
29.420
29.790
30.170
30.540
30.920
31.280
31.660
32.040
32.420
32.780
33.170
33.540
33.930
34.290
34.660
35.040
35.420
35.800
36.170
36.540
36.920
37.280
37.660
38.050
38.420
38.790
39.180
39.540
39.930
40.300
40.660
41.050
41.420
41.800
42.170
42.540
42.920
43.310
43.670
44.050
44.420
44.790
45.180
45.550
45.940
