0.080
0.470
0.870
1.250
1.650
2.040
2.420
2.820
3.210
3.590
3.990
4.380
4.760
5.160
5.540
5.950
6.330
6.720
7.120
7.500
7.910
8.290
8.670
9.080
9.460
9.850
10.240
10.630
11.020
11.410
11.800
12.200
12.590
12.980
13.370
13.760
14.150
14.540
14.920
15.320
15.710
16.100
16.500
16.880
17.270
17.670
18.060
18.450
18.830
19.220
19.620
20.000
20.400
20.790
21.170
21.580
21.960
22.350
22.740
23.130
23.520
23.910
24.300
24.690
25.080
25.470
25.870
26.260
26.650
27.040
27.420
27.830
28.210
28.600
28.990
29.380
29.770
30.160
30.540
30.950
31.330
31.730
32.120
32.500
32.900
33.290
33.670
34.080
34.460
34.860
35.240
35.630
36.020
36.410
36.800
37.190
37.580
37.970
38.370
38.750
39.150
39.540
39.920
40.320
40.710
41.110
41.490
41.880
42.280
42.660
43.040
43.450
43.830
44.230
44.610
45.000
45.400
45.790
46.170
46.580
46.960
47.360
47.740
48.130
48.530
48.910
49.290
49.700
50.080
50.480
50.870
51.250
51.650
52.040
52.420
52.820
53.210
53.600
53.990
54.380
54.770
55.160
55.550
55.950
56.330
56.730
57.120
57.510
57.900
58.300
58.690
59.070
59.460
59.850
