0.000
0.570
1.200
1.760
2.320
2.900
3.460
4.210
4.970
5.720
6.480
7.230
7.990
8.740
9.490
10.250
11.010
11.760
12.510
13.270
14.030
14.780
15.530
16.290
17.040
17.800
18.550
19.310
20.060
20.810
21.570
22.330
23.080
23.830
24.600
25.340
26.100
26.850
27.600
28.360
29.120
29.860
30.620
31.380
32.140
32.880
33.640
34.400
35.150
35.900
36.660
37.410
38.170
38.920
39.680
40.430
41.190
41.940
42.690
43.450
44.210
44.960
45.710
46.470
47.230
47.980
48.730
49.490
50.240
50.990
51.750
52.510
53.260
54.010
54.770
55.520
56.280
57.030
57.790
58.540
59.300
60.040
60.800
61.560
62.310
63.060
63.820
64.570
65.330
66.070
66.820
67.540
68.140
68.760
69.370
69.980
70.570
71.160
71.760
72.400
73.010
73.610
74.180
74.740
75.310
75.870
76.630
77.380
78.130
78.890
79.640
80.400
81.150
81.900
82.660
83.410
84.170
84.920
85.670
86.440
87.180
87.930
88.690
89.450
90.190
90.950
91.700
92.470
93.210
93.970
94.720
95.280
95.840
96.420
96.980
