0.170
0.590
0.980
1.360
1.760
2.130
2.520
2.920
3.300
3.690
4.080
4.460
4.860
5.250
5.620
6.010
6.390
6.790
7.170
7.550
7.960
8.330
8.720
9.120
9.510
9.880
10.270
10.660
11.050
11.440
11.810
12.200
12.580
12.990
13.370
13.750
14.150
14.520
14.910
15.310
15.710
16.080
16.470
16.850
17.240
17.610
18.010
18.400
18.780
19.190
19.570
19.950
20.340
20.720
21.110
21.510
21.890
22.280
22.660
23.050
23.440
23.830
24.200
24.590
24.990
25.380
25.760
26.140
26.540
26.910
27.300
27.700
28.090
28.470
28.860
29.240
29.620
30.020
30.400
30.790
31.170
31.570
31.950
32.330
32.730
33.110
33.500
33.900
34.290
34.670
35.050
35.430
35.830
36.210
36.600
36.980
