0.310
0.680
1.040
1.400
1.750
2.100
2.460
2.810
3.150
3.510
3.870
4.230
4.570
4.930
5.280
5.640
5.990
6.340
6.690
7.040
7.400
7.750
8.120
8.460
8.810
9.160
9.520
9.880
10.220
10.580
10.930
11.290
11.640
11.990
12.340
12.700
13.050
13.410
13.750
14.110
14.460
14.810
15.170
15.530
15.870
16.230
16.580
16.940
17.290
17.640
17.990
18.350
18.690
19.050
19.420
19.760
20.110
20.470
20.820
21.180
21.520
21.880
22.240
22.580
22.940
23.290
23.650
24.000
24.350
24.710
25.050
25.410
25.760
26.110
26.480
26.830
27.180
27.530
27.880
28.240
28.590
28.940
29.290
29.650
29.990
30.350
30.720
31.060
31.420
31.770
32.120
32.480
32.830
33.180
33.540
33.890
34.240
34.590
34.940
35.300
35.640
36.010
36.360
36.710
37.070
37.420
37.780
38.130
38.470
38.830
39.180
39.540
39.890
40.240
40.600
40.950
41.300
41.660
42.020
42.370
42.720
43.070
43.420
43.780
44.130
44.480
44.840
45.180
45.540
45.890
