0.130
0.530
0.910
1.290
1.690
2.080
2.460
2.850
3.230
3.610
4.010
4.390
4.780
5.160
5.560
5.940
6.320
6.700
7.110
7.480
7.880
8.260
8.650
9.020
9.420
9.810
10.190
10.580
10.970
11.360
11.750
12.150
12.630
13.080
13.480
13.860
14.250
14.640
15.020
15.410
15.800
16.180
16.570
16.960
17.340
17.740
18.120
18.500
18.890
19.270
19.670
20.050
20.440
20.820
21.210
21.600
21.980
22.370
22.750
23.150
23.540
23.920
24.310
24.690
25.080
25.460
25.860
26.240
26.630
27.010
27.400
27.790
28.180
28.560
28.950
29.340
29.730
30.120
30.500
30.890
31.270
31.660
32.050
32.430
32.820
33.210
33.590
33.980
34.370
34.760
35.140
35.530
35.920
36.310
36.700
