0.210
0.610
1.010
1.410
1.810
2.210
2.610
3.020
3.420
3.810
4.210
4.610
5.010
5.410
5.810
6.220
6.620
7.020
7.420
7.820
8.220
8.620
9.020
9.420
9.820
10.220
10.620
11.020
11.420
11.820
12.220
12.620
13.030
13.430
13.820
14.230
14.630
15.020
15.430
15.830
16.230
16.630
17.030
17.430
17.830
18.220
18.620
19.030
19.430
19.830
20.230
20.630
21.030
21.430
21.830
22.240
22.640
23.030
23.430
23.840
24.230
24.630
25.030
25.440
25.830
26.240
26.640
27.040
27.440
27.840
28.240
28.640
29.040
29.440
29.840
30.240
30.640
31.040
31.450
31.850
32.240
32.640
33.050
33.440
33.840
34.250
34.650
35.050
35.450
35.850
36.250
36.650
37.050
37.440
37.850
38.250
38.650
39.050
39.450
39.850
40.250
40.650
41.050
41.460
41.850
42.250
42.650
43.060
43.450
43.850
44.260
44.660
45.060
45.460
45.860
46.260
46.660
47.060
47.460
47.860
48.260
48.660
49.060
49.460
49.860
