0.000
0.370
0.740
1.120
1.490
1.860
2.240
2.620
2.990
3.370
3.750
4.130
4.500
4.880
5.250
5.630
6.000
6.380
6.760
7.140
7.510
7.890
8.270
8.650
9.020
9.390
9.770
10.150
10.520
10.890
11.280
11.650
12.020
12.410
12.780
13.160
13.530
13.910
14.290
14.660
15.030
15.410
15.790
16.170
16.540
16.920
17.300
17.670
18.050
18.430
18.800
19.180
19.550
19.930
20.310
20.690
21.060
21.430
21.810
22.190
22.560
22.940
23.320
23.690
24.070
24.450
24.820
25.200
25.580
25.950
26.330
26.710
27.080
27.450
27.830
28.210
28.580
28.960
29.340
29.710
30.090
30.470
30.840
31.220
31.590
31.970
32.340
32.730
33.100
33.470
33.850
34.230
34.600
34.980
35.360
35.730
36.110
36.490
36.870
37.250
37.620
38.000
38.370
38.750
39.120
39.490
39.870
40.250
40.620
41.000
41.380
41.760
42.130
42.510
42.890
43.270
43.640
44.020
44.390
44.770
45.140
45.520
45.900
46.280
46.660
47.040
47.400
47.780
48.150
48.530
48.910
49.290
49.670
50.040
50.420
50.800
51.170
51.550
51.920
52.300
52.670
53.050
53.420
53.800
54.180
54.560
54.930
55.310
55.690
56.060
56.440
56.810
