0.380
0.780
1.200
1.620
2.040
2.440
2.860
3.280
3.700
4.100
4.520
4.940
5.350
5.760
6.180
6.600
7.010
7.420
7.830
8.250
8.670
9.070
9.490
9.910
10.330
10.730
11.150
11.570
11.990
12.390
12.810
13.230
13.650
14.050
14.470
14.880
15.300
15.710
16.130
16.550
16.970
17.370
17.780
18.200
18.620
19.030
19.450
19.870
20.280
20.690
21.100
21.520
21.940
22.340
22.760
23.190
23.600
24.000
24.420
24.840
25.250
25.660
26.080
26.500
26.910
27.320
27.740
28.160
28.570
28.980
29.400
29.820
30.230
30.640
31.060
31.470
31.890
32.300
32.720
33.130
33.550
33.960
34.380
34.790
35.210
35.620
36.030
36.450
36.870
37.280
37.700
38.110
38.530
38.940
39.350
39.770
