0.470
1.240
2.020
2.790
3.580
4.360
5.130
5.910
6.670
7.440
8.230
9.010
9.790
10.550
11.330
12.110
12.900
13.650
14.440
15.220
15.990
16.770
17.540
18.320
19.100
19.870
20.650
21.420
22.210
22.980
23.750
24.520
25.310
26.080
26.850
27.630
28.420
29.180
29.960
30.740
31.510
32.290
33.060
33.840
34.620
35.390
36.160
36.940
37.720
38.500
39.270
40.050
40.830
41.600
42.380
43.160
43.930
44.710
45.480
46.250
47.030
47.790
48.590
49.350
50.140
50.910
51.680
52.450
53.240
54.000
54.790
55.560
56.330
57.110
57.880
58.650
59.450
60.210
60.990
