0.190
0.680
1.150
1.630
2.090
2.580
3.060
3.530
4.000
4.480
4.970
5.440
5.910
6.380
6.860
7.340
7.820
8.300
8.780
9.250
9.720
10.200
10.680
11.150
11.630
12.110
12.590
13.060
13.530
14.010
14.490
14.970
15.440
15.920
16.390
16.870
17.350
17.830
18.300
18.780
19.250
19.740
20.210
20.690
21.160
21.640
22.110
22.590
23.060
23.550
24.020
24.500
24.970
25.450
25.920
26.410
26.880
27.360
27.830
28.310
28.780
29.270
29.730
30.220
30.690
31.180
31.650
32.120
32.600
33.080
33.550
34.030
34.500
34.990
35.460
35.940
36.400
36.890
37.370
37.840
38.320
38.800
39.270
39.750
40.220
40.700
41.180
41.650
42.130
42.610
43.080
43.550
44.010
44.510
44.980
45.470
45.940
46.420
46.890
47.370
47.840
48.330
48.800
49.280
49.750
50.230
50.710
51.190
51.660
52.140
52.610
53.090
53.560
54.040
54.520
55.000
55.470
55.950
56.420
56.910
57.380
57.860
58.330
58.810
59.280
59.770
60.240
60.720
61.190
61.670
62.150
62.630
63.090
63.570
64.050
64.530
65.000
65.480
65.960
66.440
66.910
67.390
67.860
68.340
68.810
69.290
69.770
70.250
70.720
71.200
71.680
72.150
72.620
73.110
73.590
74.060
74.530
75.020
75.490
75.970
76.440
76.920
77.390
77.870
