0.050
0.470
0.890
1.300
1.710
2.130
2.550
2.970
3.390
3.800
4.230
4.630
5.040
5.460
5.880
6.310
6.720
7.140
7.550
7.970
8.380
8.800
9.220
9.630
10.060
10.460
10.890
11.300
11.710
12.130
12.550
12.980
13.390
13.800
14.220
14.630
15.040
15.470
15.880
16.300
16.730
17.130
17.570
17.970
18.380
18.800
19.220
19.650
20.060
20.480
20.890
21.300
21.720
22.140
22.560
22.970
23.400
23.800
24.230
24.640
25.050
25.470
25.890
26.310
26.730
27.150
27.560
27.970
28.380
28.800
29.220
29.640
30.050
30.470
30.890
31.300
31.720
32.130
32.550
32.970
33.380
33.800
34.230
34.630
35.050
35.470
35.890
36.300
36.720
37.140
37.560
37.970
38.380
38.800
39.220
39.640
40.050
40.470
40.890
41.300
41.720
42.130
42.550
42.970
43.390
43.810
44.230
44.640
45.050
45.470
45.890
46.310
46.720
47.140
47.570
47.970
48.390
48.800
49.220
49.640
50.060
50.480
50.900
51.310
51.720
52.140
52.560
52.980
53.390
53.810
54.230
54.640
55.050
55.470
55.890
56.310
56.730
57.140
57.560
57.970
58.390
58.800
59.220
59.640
60.060
60.470
60.900
61.310
61.730
62.140
62.560
62.980
63.400
63.810
64.240
64.640
65.060
65.470
65.890
