0.070
0.500
0.940
1.360
1.800
2.230
2.650
3.080
3.510
3.950
4.370
4.800
5.230
5.660
6.090
6.530
6.950
7.380
7.810
8.240
8.670
9.100
9.530
9.960
10.390
10.820
11.250
11.680
12.110
12.540
12.970
13.400
13.830
14.260
14.690
15.110
15.550
15.980
16.410
16.830
17.270
17.700
18.120
18.550
18.980
19.420
19.850
20.270
20.710
21.140
21.570
21.990
22.420
22.850
23.280
23.710
24.140
24.570
25.000
25.430
25.860
26.290
26.720
27.150
27.590
28.010
28.450
28.870
29.300
29.730
30.160
30.590
31.020
31.450
31.880
32.310
32.740
33.170
33.600
34.030
34.460
34.890
35.320
35.750
36.180
36.610
37.040
37.470
37.900
38.330
38.760
39.190
39.620
40.050
40.480
40.900
41.340
41.770
42.200
42.620
43.060
43.490
43.920
44.350
44.780
45.210
45.640
46.070
46.490
46.930
47.360
47.780
48.220
48.650
49.080
49.500
49.930
50.370
50.800
51.230
51.650
52.090
52.510
52.940
53.370
53.810
