0.090
0.460
0.850
1.230
1.630
2.010
2.400
2.780
3.180
3.560
3.950
4.330
4.730
5.110
5.500
5.880
6.280
6.660
7.050
7.430
7.830
8.210
8.600
8.980
9.380
9.760
10.140
10.530
10.920
11.300
11.690
12.080
12.470
12.850
13.240
13.630
14.030
14.400
14.790
15.180
15.580
15.950
16.340
16.730
17.130
17.500
17.890
18.280
18.680
19.050
19.440
19.830
20.230
20.600
20.990
21.370
21.770
22.150
22.540
22.920
23.320
23.700
24.090
24.480
24.880
25.250
25.640
26.030
26.420
26.800
27.190
27.580
27.970
28.360
28.730
29.130
29.520
29.900
30.290
30.670
31.070
31.450
31.830
32.220
32.610
33.000
33.380
33.770
34.160
34.550
34.930
35.320
35.710
36.100
36.480
36.870
37.260
37.640
38.030
38.410
38.810
39.190
39.580
39.960
40.360
40.740
41.130
41.510
41.910
42.300
42.680
43.070
43.460
43.840
44.220
44.610
45.010
45.390
45.770
46.160
46.560
46.940
47.320
47.710
48.110
48.500
48.880
