0.400
0.810
1.240
1.650
2.080
2.480
2.890
3.310
3.720
4.140
4.550
4.960
5.370
5.790
6.200
6.620
7.030
7.440
7.860
8.270
8.690
9.100
9.510
9.930
10.340
10.760
11.170
11.590
11.990
12.410
12.820
13.240
13.650
14.070
14.480
14.900
15.310
15.730
16.140
16.550
16.960
17.380
17.790
18.210
18.620
19.040
19.450
19.860
20.270
20.690
21.100
21.520
21.930
22.340
22.760
23.170
23.590
24.000
24.410
24.830
25.240
25.660
26.060
26.480
26.900
27.320
27.720
28.140
28.550
28.960
29.380
29.790
30.210
30.630
31.030
31.450
31.860
32.280
32.690
33.100
33.510
33.940
34.340
34.760
35.170
35.590
36.000
36.410
36.840
37.240
37.650
38.070
38.480
38.880
39.300
39.720
40.130
40.560
40.970
41.380
41.790
42.210
42.620
43.030
43.450
43.870
44.270
44.690
45.100
45.520
45.930
46.350
46.750
47.180
47.580
48.000
48.410
48.830
49.240
49.650
50.070
50.480
50.890
51.310
51.720
52.130
52.550
52.960
53.380
53.800
54.200
54.620
55.030
55.460
55.860
56.270
56.690
57.110
57.520
57.930
58.350
58.760
59.170
59.590
60.000
60.420
60.830
61.240
61.660
62.070
62.480
62.900
63.310
63.730
64.140
64.550
64.960
65.390
65.790
