0.010
0.380
0.750
1.140
1.520
1.880
2.260
2.640
3.010
3.380
3.750
4.130
4.510
4.880
5.250
5.630
6.010
6.380
6.750
7.130
7.510
7.870
8.250
8.630
9.010
9.370
9.740
10.130
10.500
10.870
11.240
11.620
12.000
12.370
12.730
13.120
13.500
13.870
14.240
14.620
15.000
15.370
15.740
16.120
16.490
16.860
17.230
17.610
17.990
18.360
18.730
19.110
19.490
19.860
20.230
20.610
20.990
21.350
21.730
22.110
22.490
22.850
23.230
23.610
23.980
24.350
24.720
25.100
25.480
25.840
26.220
26.600
26.980
27.350
27.720
28.090
28.470
28.850
29.220
29.600
29.970
30.350
30.710
31.100
31.470
31.840
32.210
32.590
32.970
33.340
33.710
34.090
34.460
34.830
35.210
35.590
35.960
36.330
36.710
37.080
37.440
37.830
38.210
38.580
38.960
39.330
39.700
40.080
40.450
40.830
41.200
41.580
41.950
42.330
42.700
43.080
43.450
43.830
44.200
44.570
44.950
45.320
45.690
46.050
46.440
46.790
47.190
47.570
47.950
48.310
48.690
49.070
49.450
49.810
50.190
50.570
50.940
51.310
51.690
52.070
52.440
52.820
53.170
53.560
53.940
54.310
54.680
55.060
55.440
55.810
56.180
56.560
56.940
57.300
57.680
58.060
58.440
58.800
59.180
59.550
59.930
60.310
60.670
61.060
61.430
61.800
62.170
62.550
62.930
63.290
63.670
64.050
64.430
64.800
65.170
65.540
65.920
66.290
66.660
67.050
67.420
67.800
68.160
68.540
68.910
69.300
69.660
70.040
70.420
70.780
71.160
71.530
71.910
72.280
72.650
73.040
73.410
73.780
74.160
74.530
74.910
75.270
75.650
76.030
76.410
76.770
77.150
77.520
77.900
78.280
78.650
79.030
79.410
79.770
80.130
80.520
80.900
81.280
81.640
82.040
