0.220
0.690
1.130
1.590
2.040
2.510
2.950
3.410
3.860
4.320
4.770
5.230
5.680
6.150
6.590
7.050
7.500
7.960
8.410
8.870
9.330
9.790
10.240
10.690
11.140
11.610
12.050
12.510
12.950
13.410
13.850
14.330
14.780
15.240
15.690
16.150
16.610
17.060
17.510
17.970
18.430
18.880
19.330
19.790
20.250
20.700
21.150
21.610
22.070
22.520
22.980
23.430
23.890
24.340
24.800
25.250
25.710
26.160
26.610
27.070
27.530
27.980
28.430
28.890
29.350
29.800
30.250
30.710
31.170
31.620
32.080
32.530
32.990
33.440
33.900
34.350
34.810
35.260
35.720
36.170
36.630
37.090
37.540
37.990
38.450
38.900
39.360
39.810
40.270
40.730
41.180
41.630
42.090
42.540
43.000
43.460
43.910
44.370
44.820
45.280
45.730
46.190
46.640
47.100
47.550
48.010
48.460
48.920
49.370
49.830
50.280
50.740
51.190
51.650
52.100
52.560
53.010
53.480
53.920
54.380
54.830
55.290
55.740
56.200
56.650
57.110
57.560
58.020
58.470
58.930
59.380
59.840
60.290
60.750
61.200
61.660
62.120
62.570
63.020
63.480
63.940
64.400
64.840
65.300
65.760
66.210
66.660
67.120
67.570
68.040
68.480
68.940
69.400
69.850
70.300
70.760
71.220
71.670
