0.030
0.380
0.750
1.110
1.490
1.860
2.220
2.590
2.960
3.330
3.700
4.070
4.430
4.800
5.170
5.530
5.900
6.270
6.640
7.010
7.380
7.750
8.110
8.480
8.850
9.220
9.590
9.960
10.320
10.690
11.060
11.430
11.790
12.160
12.530
12.900
13.270
13.640
14.000
14.370
14.740
15.100
15.480
15.840
16.210
16.580
16.950
17.310
17.680
18.050
18.420
18.780
19.160
19.520
19.880
20.260
20.630
21.000
21.370
21.730
22.090
22.440
22.830
23.200
23.570
23.940
24.310
24.680
25.040
25.410
25.780
26.150
26.510
26.880
27.250
27.620
27.990
28.360
28.720
29.090
29.460
29.830
30.190
30.570
30.930
31.300
31.660
32.040
32.400
32.770
33.140
33.510
33.870
34.240
34.620
34.980
