0.020
0.440
0.860
1.300
1.730
2.170
2.610
3.040
3.480
3.930
4.340
4.780
5.210
5.650
6.080
6.510
6.960
7.400
7.820
8.250
8.690
9.120
9.560
9.990
10.430
10.890
11.300
11.730
12.170
12.600
13.040
13.470
13.910
14.360
14.780
15.210
15.650
16.090
16.520
16.960
17.390
17.840
18.260
18.690
19.130
19.560
20.000
20.440
20.870
21.310
21.740
22.170
22.610
23.040
23.480
23.910
24.350
24.800
25.210
25.640
26.090
26.520
26.960
27.390
27.830
28.270
28.700
29.130
29.570
30.000
30.440
30.870
31.310
31.750
32.170
32.610
33.040
33.470
33.910
34.340
34.780
35.230
35.650
36.090
36.520
36.950
37.390
37.830
38.260
38.710
39.130
39.570
40.000
40.430
40.870
41.300
41.740
42.170
42.610
43.040
43.480
43.910
44.350
44.780
45.220
45.670
46.090
46.520
46.960
47.390
47.830
48.260
48.700
49.150
49.570
50.000
50.440
50.870
51.310
51.740
52.180
52.630
53.040
53.490
53.910
54.350
54.770
