0.350
0.920
1.490
2.070
2.640
3.220
3.800
4.370
4.940
5.510
6.090
6.650
7.230
7.800
8.370
9.050
9.710
10.470
11.250
12.020
12.780
13.550
14.310
15.080
15.840
16.610
17.370
18.140
18.890
19.670
20.430
21.200
21.950
22.730
23.490
24.260
25.020
25.790
26.550
27.330
28.080
28.850
29.610
30.380
31.130
31.910
32.670
33.440
34.200
34.960
35.730
36.500
37.260
38.040
38.790
39.560
40.320
41.090
41.860
42.620
43.370
44.150
44.910
45.680
46.440
47.210
47.970
48.740
49.500
50.270
51.030
51.800
52.560
53.330
54.100
54.860
55.620
56.390
57.150
57.910
58.680
