0.040
0.450
0.850
1.250
1.650
2.050
2.440
2.850
3.250
3.650
4.060
4.450
4.850
5.250
5.650
6.050
6.450
6.860
7.260
7.660
8.050
8.460
8.850
9.250
9.650
10.060
10.460
10.860
11.260
11.660
12.050
12.450
12.860
13.260
13.670
14.060
14.460
14.860
15.260
15.660
16.060
16.470
16.870
17.270
17.660
18.060
18.460
18.860
19.260
19.670
20.070
20.470
20.860
21.270
21.660
22.060
22.470
22.870
23.280
23.670
24.070
24.470
24.870
25.270
25.670
26.080
26.480
26.870
27.270
27.670
28.070
28.470
28.870
29.280
29.680
30.080
30.480
30.880
31.270
31.670
32.080
32.480
32.880
33.280
33.680
34.080
34.480
34.880
35.280
35.680
36.090
36.490
36.880
37.280
37.680
38.080
38.480
38.890
39.290
39.690
40.080
40.490
40.880
41.280
41.680
42.090
42.490
42.890
43.290
43.690
44.080
44.490
44.890
45.290
45.700
46.090
46.490
46.890
47.290
47.690
48.090
48.500
48.900
49.300
49.690
50.100
50.490
50.890
