0.100
0.480
0.840
1.220
1.600
1.970
2.350
2.720
3.100
3.480
3.840
4.230
4.600
4.970
5.350
5.720
6.100
6.480
6.850
7.230
7.600
7.970
8.360
8.730
9.110
9.480
9.850
10.240
10.600
10.980
11.350
11.720
12.110
12.490
12.850
13.240
13.610
13.980
14.360
14.730
15.110
15.490
15.860
16.240
16.610
16.990
17.360
17.730
18.110
18.490
18.860
19.240
19.610
19.990
20.370
20.740
21.110
21.500
21.870
22.250
22.620
23.000
23.370
23.740
24.120
24.500
24.870
25.240
25.620
25.990
26.370
26.750
27.120
27.500
27.870
28.250
28.620
29.000
29.380
29.750
30.130
30.510
30.870
31.250
31.630
32.000
32.380
32.760
33.160
33.540
33.940
34.360
34.740
