0.260
0.650
1.040
1.420
1.820
2.200
2.600
2.990
3.380
3.770
4.160
4.550
4.940
5.330
5.730
6.110
6.500
6.890
7.280
7.670
8.060
8.450
8.850
9.230
9.620
10.010
10.410
10.790
11.190
11.570
11.970
12.360
12.750
13.230
13.730
14.120
14.510
14.900
15.290
15.680
16.070
16.460
16.850
17.240
17.630
18.020
18.410
18.800
19.190
19.580
19.970
20.360
20.750
21.140
21.530
21.920
22.320
22.700
23.090
23.490
23.880
24.270
24.650
25.050
25.440
25.830
26.220
26.610
27.000
27.390
27.780
28.170
28.560
28.950
29.340
29.730
30.120
30.510
30.900
31.290
31.680
32.070
32.460
32.850
33.250
33.630
34.020
34.400
34.810
35.190
35.580
35.980
36.360
36.760
