0.040
0.380
0.710
1.030
1.360
1.690
2.030
2.340
2.670
2.990
3.300
3.620
3.950
4.270
4.590
4.920
5.250
5.560
5.890
6.200
6.520
6.840
7.170
7.490
7.820
8.150
8.470
8.810
9.130
9.460
9.790
10.120
10.450
10.780
11.100
11.420
11.750
12.060
12.390
12.710
13.040
13.360
13.690
14.020
14.340
14.670
15.000
15.310
15.640
15.970
16.300
16.630
16.950
17.280
17.610
17.930
18.250
18.580
18.890
19.220
19.550
19.890
20.220
20.550
20.870
21.210
21.540
21.860
22.180
22.510
22.840
23.160
23.490
23.820
24.160
24.490
24.800
25.140
25.470
25.800
26.120
26.440
26.770
27.100
27.430
27.770
28.100
28.430
28.760
29.090
29.420
29.750
30.070
30.400
30.720
31.050
31.360
31.690
