0.170
0.510
0.860
1.200
1.520
1.870
2.240
2.570
2.920
3.260
3.600
3.930
4.270
4.610
4.970
5.300
5.640
5.990
6.320
6.660
7.010
7.340
7.690
8.040
8.370
8.710
9.050
9.390
9.730
10.060
10.420
10.760
11.100
11.450
11.790
12.120
12.460
12.800
13.150
13.490
13.830
14.170
14.510
14.850
15.190
15.520
15.880
16.210
16.550
16.890
17.230
17.570
17.920
18.260
18.600
18.950
19.280
19.630
19.970
20.300
20.640
20.990
21.330
21.670
22.010
22.350
22.690
23.030
23.360
23.700
24.050
24.400
24.730
25.080
25.420
25.760
26.100
26.440
26.790
27.130
27.460
27.810
28.150
28.490
28.830
29.160
29.510
29.860
30.190
30.540
30.880
31.200
31.560
