0.030
0.390
0.740
1.090
1.440
1.790
2.130
2.480
2.830
3.180
3.530
3.880
4.230
4.580
4.940
5.290
5.630
5.970
6.320
6.670
7.030
7.360
7.720
8.060
8.420
8.760
9.120
9.460
9.820
10.160
10.520
10.860
11.210
11.550
11.920
12.260
12.610
12.950
13.300
13.650
14.000
14.350
14.700
15.050
15.390
15.730
16.090
16.420
16.780
17.130
17.480
17.840
18.190
18.530
18.890
19.230
19.580
19.930
20.280
20.620
20.980
21.310
21.660
22.000
22.340
22.680
23.050
23.410
23.760
24.110
24.470
24.810
25.170
25.510
25.870
26.210
26.560
26.900
27.250
27.600
27.950
28.300
28.650
28.990
29.340
29.690
30.020
