0.270
0.570
0.880
1.170
1.480
1.770
2.070
2.370
2.670
2.980
3.270
3.580
3.870
4.180
4.470
4.780
5.080
5.400
5.700
6.010
6.300
6.600
6.900
7.200
7.490
7.790
8.090
8.390
8.690
8.990
9.270
9.580
9.870
10.180
10.480
10.790
11.100
11.400
11.690
12.000
12.300
12.600
12.900
13.190
13.490
13.800
14.090
14.400
14.700
15.000
15.300
15.600
15.890
16.190
16.490
16.790
17.090
17.390
17.700
17.990
18.290
18.600
18.900
19.190
19.490
19.790
20.090
20.400
20.700
21.000
21.300
21.600
21.890
22.200
22.490
22.790
23.090
23.390
23.690
24.010
24.320
24.610
24.910
25.220
25.510
25.820
26.110
26.410
26.700
27.000
27.300
27.600
27.900
28.200
28.500
28.800
29.100
29.400
29.700
30.000
30.290
30.590
30.890
31.200
31.500
