0.130
0.420
0.690
0.970
1.250
1.550
1.830
2.120
2.410
2.690
2.960
3.250
3.530
3.810
4.090
4.370
4.640
4.920
5.200
5.480
5.770
6.050
6.340
6.620
6.910
7.180
7.460
7.740
8.020
8.310
8.590
8.880
9.160
9.450
9.750
10.040
10.330
10.610
10.890
11.170
11.450
11.730
12.010
12.290
12.560
12.840
13.120
13.410
13.680
13.970
14.260
14.550
14.840
15.110
15.400
15.670
15.960
16.230
16.520
16.800
17.090
17.380
17.660
17.950
18.240
18.520
18.800
19.080
19.370
19.640
19.930
20.210
20.500
20.780
21.070
21.350
21.630
21.920
22.200
22.480
22.760
23.050
23.330
23.610
23.890
24.170
24.460
24.730
25.020
25.300
25.590
25.870
26.160
26.440
26.720
27.000
27.290
27.570
27.850
28.140
28.420
28.700
28.980
29.260
29.550
29.830
