0.050
0.390
0.750
1.100
1.460
1.810
2.170
2.520
2.890
3.250
3.600
3.960
4.310
4.670
5.030
5.380
5.740
6.100
6.460
6.810
7.170
7.530
7.890
8.240
8.600
8.980
9.320
9.670
10.030
10.390
10.750
11.100
11.460
11.820
12.180
12.530
12.890
13.240
13.610
13.960
14.320
14.690
15.030
15.390
15.750
16.110
16.460
16.820
17.160
17.520
17.890
18.250
18.610
18.960
19.320
19.670
20.030
20.380
20.750
21.110
21.470
21.820
22.180
22.530
22.890
23.230
23.610
23.950
24.320
24.670
25.020
25.360
25.730
26.080
26.440
26.800
27.170
27.520
27.870
28.240
28.600
28.950
29.310
29.670
30.020
30.380
30.730
31.070
31.450
