0.090
0.380
0.690
0.980
1.290
1.600
1.910
2.220
2.520
2.830
3.140
3.460
3.750
4.050
4.360
4.660
4.970
5.280
5.580
5.900
6.190
6.500
6.800
7.100
7.410
7.710
8.020
8.330
8.640
8.950
9.260
9.560
9.870
10.170
10.460
10.760
11.060
11.360
11.670
11.980
12.280
12.580
12.880
13.180
13.480
13.780
14.090
14.390
14.690
15.000
15.300
15.610
15.910
16.220
16.520
16.820
17.120
17.430
17.740
18.050
18.350
18.660
18.970
19.270
19.570
19.870
20.160
20.460
20.760
21.070
21.380
21.700
22.010
22.320
22.630
22.930
23.240
23.540
23.840
24.150
24.440
24.750
25.050
25.350
25.650
25.950
26.240
26.550
26.860
27.160
27.470
27.770
28.070
28.360
28.660
28.960
29.270
29.570
29.870
30.160
30.460
30.760
31.060
31.360
31.670
