0.150
0.510
0.850
1.200
1.540
1.890
2.240
2.590
2.960
3.290
3.630
3.980
4.330
4.670
5.020
5.360
5.720
6.080
6.440
6.780
7.130
7.480
7.840
8.180
8.530
8.900
9.230
9.600
9.940
10.290
10.650
10.990
11.320
11.660
12.000
12.350
12.700
13.050
13.400
13.750
14.100
14.450
14.800
15.120
15.450
15.780
16.100
16.440
16.760
17.110
17.460
17.790
18.140
18.490
18.850
19.200
19.550
19.900
20.230
20.590
20.930
21.290
21.630
21.970
22.310
22.660
22.990
23.350
23.680
24.020
24.370
24.710
25.050
25.390
25.730
26.070
26.390
26.750
27.080
27.420
27.760
28.100
28.460
28.800
29.150
29.500
29.840
30.190
30.520
30.840
31.160
31.470
