0.050
0.350
0.660
0.950
1.250
1.550
1.850
2.130
2.420
2.710
3.010
3.290
3.590
3.880
4.180
4.470
4.780
5.060
5.360
5.650
5.960
6.260
6.550
6.850
7.140
7.430
7.730
8.020
8.310
8.600
8.890
9.190
9.490
9.780
10.080
10.370
10.660
10.950
11.240
11.530
11.830
12.110
12.400
12.690
12.980
13.270
13.560
13.850
14.140
14.440
14.740
15.030
15.330
15.620
15.910
16.200
16.500
16.790
17.090
17.380
17.690
17.990
18.290
18.580
18.880
19.180
19.480
19.780
20.080
20.380
20.680
20.970
21.270
21.560
21.850
22.160
22.450
22.750
23.050
23.340
23.630
23.930
24.220
24.510
24.810
25.100
25.400
25.680
25.970
26.260
26.560
26.850
27.130
27.430
27.730
28.020
28.310
28.600
28.890
29.180
29.470
29.770
30.060
30.350
30.640
30.930
31.210
31.500
