0.100
0.400
0.700
1.000
1.300
1.600
1.890
2.180
2.470
2.770
3.060
3.350
3.660
3.950
4.240
4.540
4.830
5.120
5.420
5.710
6.020
6.320
6.600
6.890
7.180
7.470
7.770
8.060
8.340
8.640
8.930
9.230
9.550
9.850
10.150
10.440
10.720
11.000
11.290
11.560
11.870
12.170
12.460
12.760
13.060
13.350
13.650
13.940
14.230
14.530
14.830
15.120
15.410
15.710
16.000
16.290
16.570
16.870
17.160
17.450
17.750
18.050
18.350
18.640
18.940
19.240
19.530
19.820
20.110
20.410
20.700
20.990
21.280
21.580
21.870
22.170
22.470
22.760
23.050
23.350
23.640
23.930
24.220
24.510
24.800
25.100
25.400
25.700
25.990
26.290
26.580
26.880
27.170
27.450
27.740
28.040
28.320
28.610
28.900
29.200
29.490
29.780
30.070
30.360
30.650
30.930
31.230
31.510
