0.150
0.470
0.830
1.150
1.490
1.850
2.170
2.510
2.850
3.190
3.510
3.850
4.160
4.510
4.860
5.200
5.520
5.860
6.180
6.520
6.850
7.160
7.490
7.820
8.170
8.480
8.810
9.160
9.490
9.840
10.170
10.480
10.810
11.150
11.480
11.810
12.170
12.500
12.830
13.180
13.500
13.840
14.170
14.480
14.820
15.180
15.500
15.850
16.180
16.530
16.860
17.180
17.510
17.850
18.180
18.510
18.850
19.190
19.510
19.850
20.180
20.510
20.830
21.180
21.500
21.850
22.180
22.510
22.840
23.180
23.500
23.850
24.170
24.490
24.840
25.160
25.480
25.830
26.140
26.480
26.820
27.150
27.490
27.840
28.170
28.510
28.860
29.180
29.510
29.860
30.170
30.500
30.830
31.160
31.480
