0.070
0.410
0.770
1.100
1.430
1.800
2.140
2.490
2.850
3.190
3.530
3.890
4.230
4.580
4.930
5.290
5.610
5.960
6.310
6.650
7.000
7.340
7.690
8.050
8.410
8.760
9.110
9.460
9.800
10.140
10.480
10.820
11.160
11.500
11.830
12.170
12.530
12.870
13.200
13.520
13.860
14.200
14.540
14.890
15.220
15.570
15.900
16.230
16.570
16.910
17.260
17.610
17.940
18.270
18.610
18.940
19.280
19.630
19.960
20.290
20.650
20.990
21.320
21.670
21.990
22.330
22.690
23.030
23.380
23.720
24.050
24.380
24.720
25.080
25.440
25.780
26.120
26.450
26.790
27.120
27.460
27.780
28.130
28.470
28.800
29.140
29.480
29.830
30.180
30.500
30.820
31.150
31.470
31.780
