0.030
0.380
0.700
1.050
1.390
1.740
2.070
2.410
2.750
3.080
3.420
3.750
4.070
4.410
4.740
5.070
5.390
5.730
6.050
6.380
6.720
7.050
7.380
7.710
8.030
8.360
8.710
9.060
9.400
9.730
10.060
10.390
10.720
11.060
11.390
11.720
12.050
12.380
12.730
13.060
13.400
13.730
14.070
14.410
14.750
15.070
15.400
15.730
16.060
16.390
16.720
17.060
17.400
17.730
18.050
18.390
18.720
19.060
19.380
19.710
20.040
20.400
20.720
21.060
21.390
21.720
22.050
22.370
22.720
23.050
23.390
23.720
24.050
24.400
24.730
25.070
25.400
25.730
26.060
26.400
26.720
27.060
27.380
27.710
28.060
28.400
28.740
29.070
29.400
29.730
30.060
30.390
30.720
31.040
31.360
31.670
