0.030
0.510
0.970
1.460
1.850
2.240
2.660
3.060
3.450
3.860
4.230
4.620
5.030
5.390
5.730
6.020
6.310
6.600
6.900
7.180
7.470
7.770
8.070
8.360
8.660
8.960
9.250
9.550
9.830
10.130
10.410
10.700
10.980
11.260
11.540
11.840
12.120
12.410
12.690
12.980
13.270
13.560
13.840
14.140
14.420
14.720
15.000
15.290
15.580
15.850
16.150
16.440
16.730
17.020
17.310
17.600
17.890
18.180
18.470
18.760
19.040
19.330
19.620
19.910
20.200
20.480
20.770
21.070
21.360
21.650
21.930
22.220
22.510
22.790
23.070
23.370
23.660
23.950
24.240
24.520
24.810
25.090
25.370
25.660
25.960
26.240
26.520
26.810
27.090
27.380
27.670
27.970
28.250
28.540
28.830
29.120
29.410
29.710
29.990
30.300
30.590
30.890
31.190
31.500
