0.070
0.380
0.680
0.970
1.280
1.570
1.870
2.160
2.460
2.760
3.050
3.360
3.670
3.980
4.290
4.590
4.900
5.190
5.500
5.780
6.080
6.360
6.660
6.940
7.240
7.540
7.830
8.120
8.410
8.700
8.990
9.280
9.580
9.870
10.160
10.450
10.740
11.030
11.320
11.610
11.900
12.190
12.480
12.770
13.060
13.360
13.660
13.950
14.240
14.530
14.830
15.110
15.400
15.690
15.980
16.280
16.570
16.860
17.150
17.450
17.740
18.030
18.320
18.610
18.890
19.180
19.480
19.770
20.060
20.350
20.650
20.950
21.240
21.520
21.820
22.110
22.390
22.680
22.970
23.280
23.570
23.870
24.170
24.470
24.760
25.050
25.350
25.640
25.930
26.220
26.520
26.810
27.110
27.400
27.690
27.980
28.270
28.560
28.840
29.140
29.430
29.730
30.030
30.320
30.630
30.920
31.230
31.520
