0.130
0.490
0.850
1.220
1.590
1.940
2.290
2.660
3.020
3.380
3.750
4.110
4.480
4.840
5.200
5.570
5.930
6.290
6.650
7.010
7.370
7.730
8.080
8.430
8.800
9.160
9.520
9.870
10.250
10.610
10.960
11.320
11.670
12.040
12.400
12.760
13.120
13.480
13.840
14.190
14.550
14.900
15.260
15.630
15.980
16.350
16.710
17.040
17.410
17.760
18.130
18.490
18.840
19.200
19.560
19.920
20.280
20.640
21.010
21.360
21.720
22.070
22.450
22.790
23.160
23.510
23.870
24.250
24.610
24.980
25.340
25.700
26.050
26.410
26.770
27.130
27.500
27.850
28.210
28.570
28.920
29.280
29.660
30.010
30.360
30.740
31.090
31.450
