0.070
0.410
0.760
1.110
1.450
1.790
2.140
2.480
2.830
3.170
3.520
3.870
4.210
4.550
4.900
5.240
5.580
5.930
6.280
6.620
6.970
7.320
7.660
8.010
8.340
8.680
9.030
9.390
9.720
10.050
10.400
10.740
11.080
11.420
11.790
12.130
12.480
12.810
13.170
13.510
13.850
14.210
14.550
14.890
15.250
15.590
15.940
16.280
16.620
16.960
17.310
17.640
18.000
18.350
18.690
19.030
19.370
19.700
20.050
20.400
20.750
21.100
21.450
21.770
22.130
22.470
22.810
23.170
23.510
23.850
24.200
24.550
24.890
25.240
25.570
25.900
26.260
26.600
26.940
27.290
27.640
28.000
28.350
28.710
29.040
29.380
29.720
30.060
30.400
30.730
31.080
31.400
31.710
