0.020
0.320
0.620
0.920
1.210
1.520
1.820
2.120
2.440
2.750
3.060
3.360
3.670
3.970
4.280
4.570
4.870
5.170
5.470
5.770
6.070
6.370
6.680
6.980
7.270
7.570
7.870
8.160
8.450
8.740
9.030
9.320
9.620
9.910
10.210
10.500
10.810
11.100
11.400
11.690
11.990
12.280
12.580
12.870
13.180
13.480
13.780
14.070
14.380
14.670
14.950
15.250
15.530
15.840
16.140
16.440
16.730
17.040
17.330
17.630
17.920
18.220
18.510
18.820
19.120
19.420
19.720
20.010
20.310
20.620
20.910
21.200
21.490
21.790
22.080
22.370
22.660
22.950
23.230
23.540
23.830
24.130
24.420
24.710
25.010
25.310
25.600
25.900
26.200
26.500
26.800
27.100
27.400
27.700
28.000
28.310
28.610
28.900
29.200
29.490
29.790
30.070
