0.040
0.390
0.730
1.070
1.400
1.750
2.100
2.450
2.800
3.120
3.470
3.810
4.150
4.500
4.830
5.180
5.510
5.850
6.200
6.570
6.910
7.240
7.570
7.920
8.250
8.590
8.940
9.280
9.630
9.960
10.310
10.650
10.990
11.310
11.670
11.990
12.340
12.680
13.030
13.360
13.720
14.070
14.420
14.770
15.110
15.460
15.800
16.140
16.490
16.830
17.170
17.500
17.850
18.190
18.530
18.870
19.210
19.550
19.890
20.230
20.580
20.920
21.260
21.620
21.950
22.290
22.630
22.970
23.320
23.670
24.000
24.340
24.680
25.020
25.360
25.700
26.050
26.390
26.720
27.060
27.410
27.750
28.090
28.410
28.760
29.100
29.450
29.800
30.130
30.490
30.830
31.150
31.480
