0.040
0.450
0.900
1.320
1.760
2.160
2.590
3.020
3.440
3.880
4.320
4.730
5.180
5.590
6.020
6.430
6.840
7.290
7.700
8.140
8.580
8.980
9.400
9.810
10.230
10.640
11.070
11.480
11.900
12.310
12.740
13.140
13.550
13.970
14.410
14.830
15.240
15.660
16.080
16.490
16.920
17.340
17.770
18.190
18.610
19.020
19.440
19.850
20.270
20.700
21.150
21.560
21.970
22.390
22.830
23.240
23.660
24.090
24.510
24.910
25.340
25.760
26.170
26.580
26.990
27.430
27.850
28.260
28.680
29.090
29.520
29.970
30.400
30.810
31.260
31.670
