0.170
0.490
0.830
1.170
1.540
1.890
2.230
2.580
2.920
3.300
3.640
4.000
4.360
4.740
5.100
5.440
5.780
6.130
6.470
6.800
7.130
7.470
7.790
8.130
8.450
8.790
9.130
9.460
9.800
10.120
10.450
10.780
11.100
11.440
11.770
12.120
12.440
12.780
13.120
13.450
13.760
14.100
14.440
14.760
15.090
15.430
15.760
16.080
16.410
16.740
17.070
17.400
17.740
18.070
18.430
18.750
19.070
19.410
19.730
20.070
20.410
20.720
21.050
21.390
21.710
22.040
22.370
22.700
23.010
23.340
23.650
23.970
24.300
24.620
24.940
25.280
25.590
25.920
26.250
26.590
26.920
27.250
27.570
27.900
28.240
28.570
28.890
29.230
29.550
29.900
30.220
30.530
30.850
31.180
31.500
