0.070
0.410
0.730
1.070
1.400
1.730
2.090
2.440
2.770
3.120
3.450
3.810
4.130
4.480
4.810
5.160
5.510
5.840
6.180
6.530
6.860
7.190
7.530
7.870
8.220
8.550
8.920
9.270
9.610
9.950
10.270
10.610
10.970
11.290
11.640
11.970
12.330
12.660
13.000
13.340
13.670
14.000
14.340
14.680
15.020
15.360
15.700
16.030
16.380
16.720
17.070
17.420
17.760
18.110
18.450
18.790
19.120
19.460
19.800
20.130
20.490
20.820
21.150
21.490
21.840
22.180
22.550
22.890
23.240
23.580
23.910
24.250
24.590
24.920
25.260
25.600
25.940
26.260
26.600
26.940
27.280
27.630
27.980
28.330
28.680
29.020
29.360
29.710
30.040
30.380
30.720
31.090
31.440
