0.050
0.400
0.740
1.070
1.410
1.750
2.080
2.420
2.760
3.110
3.450
3.790
4.130
4.470
4.820
5.160
5.500
5.840
6.170
6.520
6.850
7.190
7.530
7.870
8.210
8.540
8.890
9.230
9.560
9.900
10.240
10.580
10.930
11.270
11.610
11.960
12.290
12.630
12.970
13.290
13.620
13.970
14.300
14.650
15.000
15.340
15.670
16.020
16.370
16.690
17.050
17.380
17.720
18.050
18.380
18.710
19.050
19.400
19.750
20.090
20.430
20.780
21.130
21.470
21.810
22.160
22.490
22.820
23.150
23.480
23.810
24.160
24.510
24.850
25.200
25.540
25.890
26.220
26.560
26.890
27.250
27.580
27.920
28.270
28.600
28.940
29.280
29.610
29.950
