0.030
0.360
0.720
1.050
1.390
1.720
2.080
2.400
2.760
3.080
3.440
3.780
4.110
4.450
4.790
5.130
5.470
5.810
6.150
6.480
6.820
7.160
7.500
7.840
8.180
8.510
8.850
9.190
9.530
9.870
10.220
10.550
10.900
11.240
11.560
11.900
12.250
12.580
12.930
13.260
13.600
13.930
14.280
14.620
14.960
15.290
15.630
15.970
16.310
16.650
16.990
17.320
17.670
18.010
18.350
18.680
19.020
19.360
19.700
20.040
20.380
20.720
21.060
21.400
21.740
22.070
22.420
22.750
23.100
23.440
23.780
24.120
24.450
24.780
25.130
25.460
25.810
26.150
26.490
26.820
27.160
27.500
27.840
28.180
28.520
28.850
29.200
29.540
29.860
30.210
30.520
30.850
31.170
31.480
