0.060
0.370
0.660
0.970
1.260
1.570
1.860
2.170
2.470
2.770
3.070
3.370
3.670
3.970
4.260
4.560
4.860
5.170
5.470
5.770
6.060
6.360
6.650
6.950
7.240
7.550
7.840
8.130
8.420
8.720
9.010
9.290
9.590
9.900
10.190
10.490
10.770
11.070
11.360
11.650
11.950
12.250
12.540
12.850
13.150
13.440
13.720
14.010
14.310
14.620
14.910
15.210
15.500
15.800
16.090
16.390
16.680
16.990
17.280
17.580
17.870
18.170
18.450
18.740
19.040
19.330
19.620
19.920
20.210
20.500
20.790
21.080
21.370
21.670
21.950
22.250
22.530
22.820
23.110
23.400
23.700
24.000
24.300
24.600
24.890
25.180
25.470
25.760
26.050
26.350
26.630
26.930
27.220
27.510
27.790
28.090
28.370
28.670
28.960
29.250
29.540
29.830
30.120
30.410
30.700
30.990
31.280
31.560
