0.170
0.500
0.840
1.220
1.570
1.930
2.270
2.620
2.970
3.330
3.680
4.030
4.370
4.730
5.070
5.410
5.760
6.110
6.460
6.810
7.160
7.520
7.870
8.210
8.550
8.910
9.250
9.590
9.940
10.290
10.630
10.990
11.330
11.700
12.030
12.400
12.750
13.110
13.450
13.800
14.140
14.500
14.840
15.190
15.530
15.900
16.240
16.590
16.940
17.300
17.640
17.980
18.330
18.690
19.040
19.390
19.730
20.090
20.430
20.790
21.130
21.480
21.810
22.160
22.530
22.890
23.250
23.590
23.940
24.290
24.640
24.990
25.340
25.690
26.040
26.380
26.720
27.080
27.410
27.760
28.120
28.470
28.820
29.160
29.500
29.850
