0.120
0.480
0.860
1.210
1.560
1.940
2.290
2.640
2.980
3.340
3.700
4.050
4.410
4.760
5.120
5.470
5.830
6.200
6.570
6.920
7.280
7.650
7.990
8.340
8.700
9.060
9.430
9.770
10.130
10.490
10.840
11.190
11.560
11.910
12.270
12.620
12.990
13.360
13.710
14.060
14.430
14.780
15.130
15.480
15.850
16.200
16.560
16.910
17.280
17.630
17.980
18.340
18.700
19.060
19.410
19.770
20.110
20.470
20.830
21.180
21.540
21.900
22.250
22.620
22.980
23.330
23.690
24.050
24.410
24.760
25.130
25.480
25.840
26.190
26.540
26.900
27.270
27.620
27.970
28.330
28.690
29.040
29.400
29.760
30.120
30.490
30.840
31.190
31.550
