0.130
0.440
0.770
1.120
1.430
1.770
2.110
2.440
2.750
3.090
3.410
3.740
4.070
4.410
4.750
5.080
5.410
5.750
6.070
6.400
6.730
7.050
7.400
7.740
8.070
8.390
8.730
9.060
9.390
9.720
10.040
10.380
10.720
11.070
11.400
11.750
12.090
12.430
12.760
13.090
13.410
13.740
14.080
14.410
14.750
15.090
15.420
15.750
16.090
16.440
16.780
17.110
17.440
17.780
18.100
18.440
18.770
19.120
19.460
19.790
20.130
20.490
20.830
21.160
21.500
21.840
22.180
22.520
22.870
23.190
23.540
23.870
24.210
24.540
24.880
25.200
25.540
25.880
26.210
26.550
26.890
27.220
27.560
27.900
28.240
28.570
28.910
29.230
29.570
29.890
30.220
30.550
30.880
31.200
31.520
