0.040
0.330
0.620
0.930
1.220
1.520
1.820
2.120
2.430
2.730
3.030
3.320
3.620
3.920
4.230
4.520
4.830
5.130
5.430
5.720
6.030
6.330
6.630
6.920
7.220
7.520
7.830
8.130
8.430
8.730
9.030
9.330
9.630
9.950
10.250
10.550
10.850
11.140
11.440
11.740
12.030
12.330
12.620
12.930
13.220
13.530
13.830
14.120
14.420
14.720
15.020
15.330
15.630
15.930
16.230
16.530
16.830
17.130
17.430
17.720
18.020
18.320
18.620
18.920
19.220
19.530
19.830
20.130
20.430
20.730
21.030
21.330
21.620
21.920
22.220
22.520
22.830
23.150
23.440
23.740
24.040
24.340
24.650
24.950
25.240
25.540
25.840
26.130
26.430
26.720
27.000
27.310
27.600
27.910
28.210
28.520
28.830
29.130
29.440
29.750
30.070
30.370
30.660
30.960
31.260
31.560
