0.030
0.340
0.690
1.020
1.350
1.680
2.000
2.330
2.660
2.990
3.320
3.640
3.990
4.300
4.630
4.960
5.280
5.620
5.950
6.280
6.630
6.990
7.330
7.680
8.030
8.380
8.750
9.100
9.430
9.770
10.120
10.450
10.810
11.150
11.460
11.800
12.120
12.450
12.800
13.130
13.450
13.790
14.110
14.470
14.800
15.140
15.480
15.810
16.140
16.480
16.810
17.160
17.490
17.820
18.170
18.500
18.840
19.170
19.500
19.830
20.150
20.480
20.830
21.160
21.490
21.830
22.150
22.500
22.830
23.140
23.470
23.800
24.140
24.490
24.830
25.160
25.490
25.840
26.160
26.490
26.830
27.150
27.490
27.830
28.170
28.500
28.830
29.170
29.500
29.840
