0.040
0.400
0.770
1.130
1.490
1.850
2.210
2.580
2.950
3.300
3.670
4.030
4.390
4.750
5.110
5.460
5.800
6.140
6.490
6.840
7.200
7.560
7.920
8.280
8.640
8.990
9.340
9.700
10.050
10.410
10.760
11.120
11.460
11.810
12.160
12.500
12.860
13.220
13.580
13.930
14.290
14.640
15.000
15.350
15.710
16.060
16.420
16.770
17.120
17.470
17.820
18.170
18.520
18.870
19.210
19.570
19.930
20.280
20.650
20.980
21.340
21.690
22.050
22.380
22.730
23.090
23.440
23.800
24.150
24.500
24.870
25.210
25.550
25.900
26.250
26.610
26.970
27.320
27.650
28.020
28.360
28.710
29.060
29.410
29.760
30.120
30.470
30.820
31.150
31.500
