0.020
0.340
0.680
1.010
1.350
1.700
2.040
2.370
2.710
3.050
3.390
3.730
4.080
4.410
4.750
5.080
5.420
5.760
6.110
6.440
6.780
7.120
7.450
7.800
8.140
8.470
8.810
9.150
9.480
9.830
10.170
10.500
10.850
11.190
11.520
11.860
12.200
12.540
12.880
13.220
13.560
13.890
14.230
14.570
14.910
15.260
15.590
15.930
16.270
16.600
16.940
17.290
17.620
17.960
18.310
18.640
18.980
19.320
19.660
20.000
20.340
20.680
21.020
21.360
21.690
22.030
22.370
22.710
23.050
23.390
23.730
24.060
24.400
24.750
25.080
25.420
25.760
26.110
26.440
26.780
27.120
27.460
27.790
28.130
28.470
28.810
29.150
29.490
29.840
30.180
30.510
30.840
31.160
31.470
