0.180
0.550
0.930
1.290
1.650
2.030
2.380
2.750
3.110
3.480
3.850
4.200
4.560
4.930
5.300
5.660
6.040
6.400
6.770
7.140
7.510
7.870
8.260
8.610
8.960
9.330
9.700
10.060
10.420
10.800
11.180
11.530
11.900
12.270
12.650
13.020
13.380
13.750
14.140
14.490
14.860
15.210
15.580
15.930
16.320
16.670
17.040
17.420
17.770
18.130
18.490
18.870
19.240
19.610
19.970
20.330
20.680
21.050
21.430
21.790
22.160
22.530
22.900
23.260
23.610
23.980
24.350
24.700
25.080
25.450
25.820
26.160
26.530
26.890
27.260
27.630
28.000
28.360
28.720
29.070
29.450
29.800
30.170
30.510
30.870
31.200
31.520
