0.100
0.470
0.840
1.190
1.540
1.880
2.200
2.560
2.920
3.260
3.600
3.950
4.310
4.650
4.970
5.330
5.660
5.980
6.310
6.640
6.980
7.300
7.630
7.960
8.320
8.650
8.980
9.310
9.650
9.970
10.310
10.640
10.980
11.310
11.640
11.970
12.310
12.640
12.970
13.320
13.650
13.970
14.310
14.630
14.960
15.300
15.630
15.940
16.280
16.620
16.950
17.280
17.610
17.940
18.270
18.610
18.950
19.290
19.610
19.940
20.270
20.600
20.940
21.270
21.620
21.960
22.310
22.650
22.970
23.310
23.640
23.960
24.310
24.640
24.970
25.310
25.640
25.970
26.310
26.640
26.980
27.310
27.620
27.970
28.310
28.640
28.990
29.310
29.630
29.970
30.310
30.620
30.940
31.270
31.590
