0.190
0.500
0.800
1.120
1.430
1.740
2.040
2.360
2.660
2.980
3.280
3.590
3.900
4.210
4.520
4.820
5.120
5.420
5.730
6.020
6.320
6.620
6.930
7.230
7.530
7.830
8.130
8.430
8.720
9.020
9.310
9.610
9.900
10.190
10.490
10.790
11.080
11.380
11.680
11.980
12.280
12.590
12.880
13.180
13.470
13.770
14.060
14.350
14.630
14.930
15.220
15.520
15.820
16.130
16.410
16.700
16.990
17.290
17.570
17.880
18.170
18.470
18.750
19.050
19.330
19.630
19.910
20.210
20.490
20.790
21.080
21.370
21.660
21.950
22.240
22.530
22.810
23.110
23.420
23.710
24.020
24.310
24.620
24.910
25.210
25.500
25.790
26.080
26.380
26.670
26.960
27.250
27.540
27.830
28.130
28.440
28.740
29.040
29.320
29.620
29.900
30.200
30.490
30.780
31.070
31.350
31.640
