0.000
0.280
0.570
0.860
1.150
1.450
1.740
2.050
2.330
2.630
2.910
3.210
3.490
3.790
4.080
4.390
4.690
4.990
5.280
5.570
5.860
6.150
6.450
6.740
7.020
7.320
7.610
7.900
8.190
8.490
8.780
9.080
9.380
9.690
9.990
10.290
10.590
10.890
11.180
11.480
11.770
12.070
12.350
12.650
12.940
13.240
13.530
13.830
14.120
14.420
14.710
15.000
15.300
15.600
15.890
16.190
16.490
16.780
17.070
17.360
17.640
17.940
18.220
18.530
18.820
19.120
19.410
19.710
19.990
20.290
20.580
20.880
21.170
21.480
21.760
22.060
22.350
22.660
22.950
23.250
23.540
23.840
24.120
24.420
24.710
25.000
25.300
25.600
25.890
26.190
26.480
26.780
27.060
27.360
27.650
27.940
28.240
28.540
28.840
29.140
29.430
29.740
30.030
30.340
30.630
30.930
31.230
31.530
