0.150
0.480
0.840
1.180
1.500
1.850
2.200
2.520
2.850
3.190
3.510
3.840
4.200
4.550
4.900
5.240
5.580
5.930
6.280
6.620
6.980
7.330
7.670
8.020
8.380
8.730
9.090
9.440
9.790
10.130
10.480
10.830
11.190
11.550
11.890
12.270
12.610
12.940
13.280
13.630
13.980
14.320
14.670
15.020
15.370
15.720
16.080
16.410
16.770
17.120
17.460
17.820
18.160
18.510
18.860
19.210
19.560
19.910
20.260
20.610
20.970
21.320
21.660
22.000
22.370
22.710
23.060
23.400
23.740
24.090
24.440
24.780
25.130
25.480
25.830
26.190
26.540
26.890
27.260
27.610
27.960
28.310
28.660
29.020
29.360
29.700
30.050
