0.090
0.440
0.790
1.120
1.470
1.810
2.150
2.490
2.820
3.160
3.510
3.840
4.180
4.520
4.860
5.190
5.540
5.880
6.220
6.550
6.890
7.220
7.560
7.910
8.250
8.590
8.930
9.260
9.600
9.950
10.270
10.620
10.970
11.300
11.640
11.980
12.310
12.650
12.990
13.330
13.670
14.000
14.340
14.680
15.020
15.360
15.680
16.030
16.380
16.720
17.050
17.390
17.740
18.070
18.410
18.740
19.080
19.420
19.770
20.100
20.430
20.780
21.120
21.450
21.800
22.130
22.470
22.810
23.140
23.500
23.830
24.160
24.510
24.860
25.200
25.540
25.880
26.210
26.540
26.870
27.210
27.560
27.900
28.240
28.580
28.920
29.260
29.600
29.940
30.290
30.620
30.960
31.290
31.620
