0.100
0.450
0.800
1.130
1.460
1.790
2.130
2.450
2.770
3.100
3.430
3.760
4.100
4.430
4.760
5.090
5.430
5.760
6.090
6.420
6.760
7.090
7.430
7.770
8.100
8.420
8.750
9.100
9.420
9.760
10.080
10.420
10.750
11.090
11.430
11.760
12.100
12.430
12.760
13.090
13.430
13.770
14.100
14.420
14.750
15.080
15.420
15.750
16.090
16.420
16.740
17.070
17.410
17.740
18.060
18.400
18.740
19.080
19.420
19.750
20.080
20.420
20.740
21.070
21.400
21.720
22.050
22.380
22.700
23.040
23.360
23.690
24.030
24.370
24.700
25.010
25.340
25.670
26.010
26.350
26.680
27.010
27.360
27.680
28.010
28.350
28.670
29.000
29.350
29.680
30.000
30.340
30.650
30.980
31.290
31.610
