0.210
0.550
0.910
1.260
1.600
1.940
2.290
2.620
2.960
3.290
3.640
3.980
4.310
4.650
5.000
5.330
5.660
5.990
6.320
6.650
6.980
7.310
7.640
7.980
8.300
8.640
8.970
9.310
9.640
9.970
10.300
10.630
10.960
11.300
11.630
11.950
12.280
12.610
12.940
13.300
13.630
13.960
14.300
14.640
14.980
15.330
15.660
16.000
16.330
16.660
17.000
17.320
17.670
18.010
18.320
18.660
18.980
19.340
19.670
20.010
20.320
20.670
21.000
21.350
21.680
22.020
22.360
22.670
23.010
23.330
23.670
24.010
24.360
24.680
25.000
25.340
25.670
26.010
26.350
26.680
27.010
27.350
27.680
28.010
28.340
28.680
29.020
29.350
29.680
30.010
30.330
30.650
30.970
31.290
31.600
