0.070
0.360
0.650
0.940
1.230
1.520
1.810
2.100
2.380
2.670
2.960
3.260
3.550
3.850
4.150
4.450
4.730
5.030
5.320
5.610
5.910
6.200
6.490
6.790
7.070
7.370
7.670
7.970
8.270
8.560
8.860
9.160
9.460
9.760
10.050
10.350
10.640
10.930
11.230
11.530
11.820
12.120
12.410
12.700
13.000
13.280
13.570
13.870
14.160
14.450
14.730
15.040
15.340
15.630
15.910
16.210
16.500
16.790
17.100
17.400
17.700
18.000
18.280
18.570
18.870
19.160
19.450
19.760
20.050
20.350
20.640
20.930
21.220
21.510
21.800
22.100
22.400
22.700
22.980
23.270
23.570
23.860
24.150
24.440
24.730
25.030
25.330
25.620
25.920
26.220
26.510
26.810
27.090
27.390
27.690
27.980
28.280
28.590
28.870
29.160
29.450
29.750
30.040
30.330
30.610
30.910
31.200
31.490
