0.080
0.430
0.770
1.120
1.470
1.820
2.170
2.520
2.880
3.220
3.570
3.920
4.270
4.620
4.970
5.320
5.710
6.060
6.420
6.760
7.120
7.470
7.810
8.170
8.510
8.870
9.220
9.560
9.910
10.270
10.610
10.960
11.310
11.670
12.010
12.370
12.710
13.060
13.410
13.760
14.110
14.460
14.810
15.160
15.510
15.860
16.210
16.560
16.910
17.260
17.610
17.960
18.310
18.660
19.010
19.360
19.700
20.060
20.400
20.750
21.110
21.460
21.810
22.160
22.500
22.860
23.200
23.550
23.900
24.260
24.600
24.950
25.300
25.650
26.000
26.350
26.700
27.060
27.400
27.750
28.100
28.450
28.800
29.150
29.500
29.840
