0.060
0.410
0.750
1.100
1.450
1.800
2.140
2.490
2.830
3.170
3.500
3.840
4.180
4.550
4.900
5.230
5.580
5.930
6.270
6.610
6.960
7.300
7.630
7.990
8.330
8.690
9.030
9.350
9.690
10.030
10.370
10.710
11.070
11.410
11.740
12.080
12.420
12.750
13.100
13.420
13.760
14.110
14.440
14.770
15.100
15.450
15.760
16.110
16.440
16.760
17.090
17.420
17.750
18.070
18.420
18.760
19.100
19.450
19.770
20.110
20.450
20.800
21.150
21.490
21.840
22.190
22.540
22.880
23.230
23.570
23.930
24.270
24.620
24.980
25.320
25.680
26.030
26.360
26.710
27.050
27.380
27.730
28.070
28.420
28.760
29.080
29.440
29.790
30.130
30.470
30.840
31.190
31.540
