0.170
0.460
0.760
1.070
1.360
1.660
1.960
2.260
2.560
2.870
3.170
3.450
3.750
4.040
4.320
4.620
4.920
5.220
5.510
5.810
6.110
6.400
6.690
6.980
7.280
7.570
7.860
8.150
8.440
8.740
9.030
9.340
9.640
9.940
10.240
10.530
10.840
11.130
11.420
11.710
11.990
12.280
12.570
12.870
13.160
13.460
13.750
14.060
14.350
14.640
14.930
15.230
15.510
15.810
16.100
16.380
16.670
16.960
17.260
17.550
17.840
18.140
18.440
18.740
19.040
19.340
19.640
19.930
20.220
20.510
20.800
21.090
21.390
21.680
21.980
22.280
22.570
22.870
23.170
23.470
23.770
24.070
24.360
24.660
24.960
25.260
25.550
25.850
26.140
26.430
26.730
27.020
27.320
27.610
27.910
28.220
28.520
28.810
29.110
29.410
29.700
29.990
30.280
30.560
30.860
31.170
31.480
