0.070
0.360
0.640
0.950
1.240
1.540
1.830
2.130
2.420
2.710
3.000
3.290
3.600
3.900
4.190
4.490
4.780
5.080
5.360
5.660
5.960
6.260
6.550
6.850
7.140
7.440
7.720
8.020
8.310
8.610
8.900
9.200
9.490
9.780
10.080
10.370
10.660
10.950
11.250
11.550
11.840
12.140
12.430
12.730
13.020
13.310
13.600
13.900
14.200
14.490
14.780
15.070
15.370
15.660
15.950
16.250
16.540
16.840
17.140
17.430
17.720
18.020
18.300
18.600
18.890
19.190
19.490
19.780
20.070
20.370
20.650
20.950
21.250
21.550
21.840
22.140
22.450
22.730
23.020
23.320
23.610
23.900
24.190
24.490
24.790
25.080
25.380
25.670
25.960
26.250
26.550
26.840
27.120
27.420
27.710
28.010
28.310
28.600
28.900
29.200
29.480
29.780
30.070
30.360
30.650
30.940
31.220
31.520
