0.050
0.460
0.860
1.240
1.630
2.020
2.430
2.820
3.210
3.600
3.970
4.370
4.770
5.170
5.570
5.980
6.370
6.770
7.150
7.540
7.930
8.340
8.720
9.120
9.490
9.910
10.300
10.690
11.080
11.480
11.850
12.260
12.660
13.060
13.460
13.840
14.230
14.640
15.020
15.420
15.810
16.200
16.600
16.990
17.380
17.770
18.170
18.550
18.950
19.340
19.730
20.120
20.530
20.930
21.320
21.730
22.110
22.500
22.890
23.290
23.680
24.080
24.460
24.860
25.240
25.650
26.040
26.440
26.840
27.220
27.610
28.010
28.410
28.800
29.190
29.580
29.970
30.370
30.770
31.160
31.560
