0.240
0.570
0.920
1.240
1.600
1.920
2.270
2.610
2.950
3.290
3.630
3.970
4.310
4.650
4.990
5.330
5.670
6.010
6.350
6.690
7.030
7.370
7.710
8.060
8.390
8.740
9.080
9.420
9.760
10.100
10.440
10.780
11.120
11.460
11.800
12.140
12.480
12.830
13.170
13.510
13.850
14.190
14.530
14.870
15.210
15.560
15.890
16.240
16.570
16.920
17.260
17.600
17.940
18.280
18.620
18.960
19.300
19.640
19.980
20.320
20.660
21.010
21.340
21.690
22.030
22.370
22.710
23.050
23.390
23.730
24.070
24.410
24.750
25.100
25.430
25.780
26.110
26.460
26.800
27.140
27.480
27.820
28.160
28.500
28.840
29.180
29.520
29.860
