0.070
0.460
0.850
1.240
1.620
2.010
2.380
2.760
3.140
3.520
3.900
4.290
4.660
5.040
5.410
5.790
6.170
6.530
6.920
7.290
7.660
8.040
8.410
8.790
9.170
9.540
9.920
10.310
10.670
11.050
11.410
11.800
12.170
12.540
12.910
13.270
13.650
14.030
14.400
14.780
15.140
15.530
15.900
16.280
16.640
17.030
17.390
17.780
18.150
18.520
18.890
19.270
19.650
20.020
20.380
20.760
21.130
21.510
21.890
22.280
22.660
23.030
23.410
23.780
24.170
24.540
24.910
25.280
25.650
26.030
26.400
26.780
27.160
27.530
27.900
28.280
28.660
29.030
29.410
29.780
30.170
30.580
30.970
31.380
