0.030
0.370
0.730
1.070
1.410
1.750
2.090
2.430
2.770
3.110
3.460
3.800
4.140
4.480
4.820
5.160
5.500
5.840
6.190
6.520
6.860
7.200
7.540
7.880
8.230
8.570
8.910
9.250
9.590
9.930
10.270
10.610
10.960
11.300
11.640
11.980
12.320
12.660
13.010
13.350
13.680
14.040
14.380
14.710
15.050
15.380
15.720
16.060
16.400
16.750
17.100
17.430
17.780
18.110
18.450
18.790
19.140
19.470
19.820
20.160
20.500
20.830
21.180
21.520
21.870
22.200
22.540
22.880
23.220
23.560
23.900
24.250
24.590
24.930
25.270
25.610
25.950
26.290
26.630
26.970
27.320
27.660
28.000
28.340
28.680
29.020
29.360
29.710
30.050
30.390
30.740
31.090
31.460
