0.060
0.370
0.670
0.970
1.270
1.580
1.890
2.200
2.520
2.830
3.130
3.450
3.760
4.060
4.380
4.680
4.990
5.280
5.590
5.890
6.200
6.520
6.830
7.140
7.470
7.780
8.110
8.400
8.700
9.000
9.300
9.600
9.900
10.210
10.500
10.810
11.110
11.400
11.700
12.000
12.300
12.600
12.910
13.200
13.510
13.800
14.110
14.400
14.680
14.990
15.290
15.580
15.890
16.180
16.490
16.790
17.080
17.390
17.690
17.970
18.270
18.550
18.860
19.160
19.460
19.750
20.050
20.350
20.650
20.950
21.230
21.520
21.810
22.110
22.400
22.710
23.000
23.300
23.590
23.880
24.180
24.470
24.760
25.050
25.340
25.630
25.920
26.200
26.490
26.800
27.110
27.410
27.720
28.030
28.330
28.630
28.940
29.240
29.540
29.840
30.140
