0.060
0.440
0.820
1.170
1.540
1.890
2.260
2.600
2.950
3.300
3.660
4.020
4.380
4.730
5.100
5.460
5.810
6.170
6.530
6.880
7.240
7.600
7.960
8.320
8.680
9.030
9.390
9.750
10.110
10.470
10.830
11.180
11.540
11.890
12.250
12.610
12.970
13.330
13.680
14.040
14.400
14.760
15.110
15.480
15.830
16.190
16.550
16.910
17.270
17.620
17.980
18.340
18.700
19.050
19.410
19.770
20.130
20.490
20.850
21.200
21.570
21.920
22.280
22.640
22.990
23.350
23.710
24.070
24.430
24.780
25.140
25.500
25.860
26.210
26.570
26.930
27.290
27.650
28.000
28.370
28.720
29.080
29.440
29.790
