0.000
0.420
0.830
1.250
1.640
2.050
2.450
2.840
3.230
3.630
4.040
4.430
4.820
5.250
5.660
6.060
6.460
6.870
7.270
7.680
8.080
8.490
8.890
9.270
9.690
10.070
10.470
10.860
11.240
11.660
12.060
12.450
12.840
13.250
13.650
14.050
14.450
14.850
15.250
15.650
16.050
16.450
16.840
17.250
17.640
18.040
18.440
18.840
19.250
19.640
20.040
20.440
20.840
21.240
21.640
22.040
22.440
22.840
23.240
23.640
24.040
24.440
24.840
25.230
25.620
26.030
26.430
26.840
27.240
27.630
28.030
28.430
28.830
29.230
29.620
30.030
30.420
30.820
31.230
31.640
