0.320
0.710
1.130
1.530
1.970
2.390
2.800
3.220
3.630
4.020
4.450
4.860
5.250
5.660
6.080
6.520
6.920
7.320
7.750
8.150
8.550
8.970
9.380
9.760
10.180
10.590
11.000
11.400
11.820
12.230
12.640
13.050
13.460
13.880
14.290
14.700
15.110
15.520
15.930
16.340
16.750
17.160
17.570
17.980
18.390
18.800
19.210
19.620
20.030
20.440
20.850
21.260
21.670
22.080
22.490
22.890
23.310
23.730
24.140
24.540
24.950
25.360
25.770
26.180
26.590
27.000
27.420
27.820
28.240
28.650
29.060
29.470
29.880
30.300
30.700
31.080
31.500
