0.000
0.340
0.650
0.990
1.320
1.660
1.990
2.350
2.680
3.010
3.360
3.710
4.040
4.380
4.720
5.060
5.400
5.740
6.090
6.420
6.770
7.100
7.440
7.780
8.120
8.470
8.800
9.130
9.480
9.810
10.150
10.490
10.830
11.160
11.500
11.830
12.180
12.510
12.850
13.190
13.530
13.870
14.210
14.540
14.890
15.240
15.580
15.920
16.250
16.590
16.930
17.280
17.600
17.940
18.290
18.620
18.970
19.310
19.640
19.980
20.320
20.670
21.010
21.340
21.680
22.000
22.350
22.680
23.020
23.360
23.690
24.030
24.380
24.710
25.040
25.400
25.730
26.070
26.420
26.760
27.090
27.430
27.770
28.110
28.450
28.780
29.120
29.460
29.810
30.150
30.490
30.830
31.150
31.480
