0.240
0.600
0.970
1.330
1.680
2.040
2.400
2.760
3.120
3.480
3.840
4.200
4.550
4.920
5.300
5.650
6.010
6.370
6.730
7.110
7.470
7.830
8.180
8.540
8.890
9.260
9.610
9.980
10.330
10.700
11.050
11.410
11.780
12.130
12.490
12.850
13.200
13.570
13.920
14.280
14.650
15.000
15.350
15.710
16.070
16.430
16.780
17.140
17.500
17.860
18.210
18.570
18.930
19.280
19.630
19.990
20.340
20.700
21.050
21.410
21.760
22.110
22.460
22.820
23.170
23.520
23.890
24.250
24.590
24.940
25.300
25.660
26.010
26.360
26.710
27.060
27.400
27.760
28.120
28.480
28.830
29.200
29.550
29.910
30.220
30.540
30.860
31.190
31.500
