0.260
0.620
0.960
1.310
1.670
2.030
2.370
2.720
3.070
3.420
3.770
4.120
4.460
4.820
5.160
5.510
5.860
6.210
6.560
6.910
7.250
7.610
7.950
8.300
8.650
9.000
9.350
9.700
10.040
10.400
10.740
11.100
11.440
11.790
12.140
12.490
12.840
13.190
13.540
13.890
14.240
14.580
14.930
15.280
15.630
15.980
16.330
16.680
17.020
17.380
17.720
18.070
18.420
18.770
19.120
19.470
19.810
20.160
20.510
20.860
21.210
21.560
21.910
22.270
22.620
22.970
23.310
23.660
24.010
24.350
24.700
25.050
25.390
25.750
26.090
26.440
26.790
27.140
27.490
27.840
28.180
28.540
28.880
29.230
29.580
29.930
30.280
30.630
30.980
31.330
31.640
