0.170
0.460
0.750
1.040
1.330
1.630
1.920
2.210
2.510
2.800
3.100
3.400
3.680
3.980
4.260
4.550
4.840
5.130
5.430
5.710
6.010
6.310
6.600
6.890
7.170
7.460
7.760
8.040
8.340
8.630
8.930
9.230
9.530
9.840
10.140
10.440
10.740
11.040
11.340
11.630
11.930
12.220
12.520
12.800
13.100
13.380
13.670
13.970
14.260
14.570
14.860
15.170
15.450
15.740
16.040
16.320
16.610
16.920
17.220
17.520
17.810
18.090
18.390
18.670
18.970
19.270
19.560
19.860
20.160
20.450
20.740
21.040
21.330
21.640
21.930
22.230
22.510
22.810
23.090
23.380
23.680
23.970
24.270
24.570
24.860
25.160
25.450
25.750
26.030
26.330
26.630
26.940
27.230
27.510
27.800
28.090
28.380
28.670
28.970
29.260
29.560
29.850
30.150
30.440
30.740
31.020
31.310
31.610
