0.050
0.400
0.720
1.050
1.390
1.720
2.060
2.410
2.740
3.090
3.420
3.750
4.090
4.420
4.760
5.100
5.420
5.770
6.100
6.430
6.780
7.120
7.460
7.800
8.140
8.480
8.820
9.170
9.500
9.840
10.180
10.520
10.870
11.210
11.540
11.880
12.210
12.550
12.910
13.230
13.560
13.900
14.230
14.570
14.920
15.250
15.580
15.930
16.270
16.600
16.940
17.290
17.620
17.970
18.310
18.650
19.000
19.330
19.660
20.010
20.360
20.700
21.040
21.380
21.720
22.060
22.380
22.720
23.060
23.400
23.720
24.070
24.400
24.730
25.090
25.430
25.760
26.110
26.440
26.780
27.130
27.460
27.790
28.140
28.470
28.820
29.150
29.490
29.830
30.170
30.520
30.840
31.160
31.470
