0.080
0.360
0.660
0.940
1.250
1.540
1.850
2.140
2.430
2.730
3.010
3.300
3.600
3.890
4.180
4.470
4.760
5.050
5.360
5.660
5.960
6.250
6.540
6.840
7.130
7.430
7.720
8.010
8.310
8.600
8.890
9.180
9.480
9.780
10.070
10.360
10.660
10.950
11.260
11.540
11.840
12.130
12.420
12.720
13.010
13.310
13.600
13.900
14.190
14.470
14.760
15.050
15.360
15.650
15.950
16.240
16.540
16.830
17.120
17.410
17.710
18.010
18.310
18.610
18.890
19.190
19.480
19.760
20.060
20.360
20.660
20.950
21.250
21.550
21.840
22.130
22.430
22.720
23.010
23.300
23.590
23.890
24.190
24.490
24.780
25.080
25.380
25.680
25.970
26.260
26.550
26.850
27.130
27.430
27.720
28.010
28.290
28.590
28.900
29.200
29.500
29.800
30.090
30.380
30.660
30.960
31.250
31.540
