0.050
0.350
0.660
0.950
1.250
1.550
1.840
2.130
2.430
2.710
3.010
3.290
3.590
3.870
4.180
4.470
4.770
5.060
5.350
5.640
5.950
6.250
6.550
6.840
7.140
7.430
7.730
8.020
8.310
8.600
8.890
9.190
9.490
9.780
10.070
10.360
10.660
10.950
11.240
11.530
11.820
12.110
12.390
12.690
12.980
13.270
13.560
13.850
14.140
14.440
14.750
15.030
15.320
15.620
15.910
16.200
16.500
16.800
17.090
17.390
17.700
17.990
18.290
18.590
18.890
19.180
19.480
19.770
20.080
20.370
20.680
20.970
21.270
21.570
21.870
22.160
22.460
22.750
23.040
23.340
23.630
23.930
24.230
24.520
24.810
25.100
25.400
25.680
25.970
26.270
26.560
26.850
27.130
27.430
27.730
28.020
28.310
28.600
28.900
29.180
29.470
29.760
30.060
30.350
30.630
30.930
31.210
31.510
