0.040
0.410
0.740
1.090
1.430
1.790
2.130
2.490
2.830
3.180
3.540
3.880
4.230
4.590
4.940
5.300
5.660
6.020
6.360
6.700
7.040
7.390
7.730
8.080
8.430
8.790
9.130
9.480
9.820
10.170
10.520
10.870
11.220
11.570
11.920
12.260
12.610
12.960
13.310
13.640
14.000
14.340
14.700
15.060
15.390
15.740
16.100
16.430
16.770
17.140
17.480
17.820
18.180
18.530
18.890
19.240
19.570
19.940
20.280
20.620
20.970
21.320
21.670
22.020
22.370
22.730
23.080
23.430
23.770
24.140
24.480
24.850
25.200
25.540
25.880
26.210
26.550
26.900
27.260
27.620
27.970
28.310
28.670
29.010
29.360
29.700
30.050
30.380
30.700
31.020
31.330
31.650
