0.330
0.680
1.030
1.380
1.730
2.090
2.430
2.780
3.140
3.480
3.830
4.180
4.530
4.890
5.230
5.580
5.930
6.290
6.630
6.980
7.330
7.680
8.030
8.380
8.720
9.080
9.430
9.780
10.140
10.520
10.910
11.290
11.660
12.040
12.410
12.770
13.120
13.470
13.820
14.180
14.540
14.910
15.270
15.650
16.010
16.400
16.780
17.170
17.530
17.910
18.280
18.640
19.020
19.380
19.740
20.110
20.460
20.830
21.190
21.560
21.910
22.260
22.620
22.960
23.320
23.660
24.000
24.340
24.700
25.030
25.370
25.720
26.070
26.430
26.790
27.160
27.530
27.890
28.250
28.610
28.960
29.330
29.700
30.060
30.420
30.760
31.110
31.460
