0.070
0.390
0.730
1.040
1.370
1.710
2.030
2.370
2.690
3.030
3.360
3.680
4.020
4.370
4.690
5.040
5.370
5.720
6.050
6.370
6.700
7.030
7.360
7.700
8.020
8.370
8.690
9.010
9.350
9.680
10.020
10.360
10.700
11.020
11.370
11.710
12.050
12.390
12.720
13.060
13.400
13.730
14.050
14.390
14.700
15.040
15.390
15.730
16.070
16.390
16.730
17.050
17.380
17.710
18.050
18.400
18.730
19.070
19.400
19.730
20.060
20.400
20.730
21.070
21.410
21.720
22.060
22.390
22.730
23.060
23.390
23.730
24.060
24.400
24.730
25.060
25.390
25.730
26.060
26.390
26.720
27.060
27.390
27.730
28.060
28.380
28.720
29.050
29.370
29.720
30.060
30.390
30.720
31.030
31.360
31.680
