0.050
0.350
0.650
0.940
1.240
1.540
1.850
2.140
2.440
2.740
3.020
3.320
3.600
3.900
4.180
4.480
4.770
5.070
5.350
5.650
5.930
6.230
6.520
6.810
7.090
7.390
7.680
7.970
8.260
8.550
8.840
9.120
9.410
9.720
10.000
10.300
10.590
10.880
11.170
11.460
11.740
12.040
12.330
12.620
12.910
13.200
13.480
13.770
14.060
14.360
14.650
14.950
15.240
15.540
15.830
16.130
16.410
16.710
16.990
17.290
17.580
17.880
18.170
18.470
18.770
19.050
19.340
19.640
19.930
20.220
20.510
20.820
21.110
21.410
21.700
22.000
22.290
22.580
22.870
23.150
23.440
23.750
24.040
24.340
24.630
24.920
25.210
25.510
25.790
26.090
26.380
26.670
26.960
27.250
27.540
27.820
28.120
28.410
28.700
29.010
29.300
29.600
29.890
30.190
30.470
30.760
31.060
31.350
31.640
