0.330
0.700
1.030
1.390
1.740
2.070
2.410
2.750
3.090
3.440
3.780
4.150
4.490
4.840
5.190
5.530
5.870
6.210
6.540
6.890
7.220
7.560
7.900
8.250
8.590
8.940
9.290
9.630
9.980
10.320
10.670
11.020
11.380
11.720
12.050
12.400
12.770
13.110
13.460
13.810
14.140
14.490
14.830
15.180
15.530
15.870
16.220
16.560
16.900
17.250
17.600
17.950
18.280
18.630
18.980
19.330
19.680
20.040
20.380
20.730
21.050
21.410
21.760
22.110
22.450
22.800
23.140
23.490
23.840
24.180
24.510
24.860
25.190
25.540
25.890
26.230
26.590
26.950
27.300
27.640
27.980
28.320
28.660
29.010
29.360
29.710
30.060
30.400
30.710
31.030
31.350
31.680
