0.260
0.570
0.860
1.160
1.460
1.770
2.060
2.370
2.660
2.960
3.260
3.560
3.860
4.170
4.460
4.780
5.080
5.380
5.690
5.980
6.280
6.590
6.890
7.190
7.490
7.790
8.080
8.380
8.680
8.980
9.270
9.570
9.880
10.170
10.470
10.770
11.080
11.370
11.680
11.980
12.290
12.590
12.890
13.190
13.490
13.790
14.080
14.380
14.690
14.980
15.280
15.580
15.890
16.170
16.470
16.760
17.070
17.360
17.670
17.980
18.280
18.590
18.890
19.180
19.480
19.780
20.080
20.380
20.680
20.980
21.290
21.590
21.880
22.180
22.480
22.790
23.090
23.390
23.680
23.990
24.290
24.580
24.890
25.180
25.480
25.780
26.080
26.380
26.690
26.990
27.300
27.610
27.910
28.210
28.500
28.800
29.100
29.400
29.700
30.000
30.310
30.610
30.910
31.210
31.500
