0.030
0.360
0.720
1.060
1.430
1.770
2.120
2.490
2.840
3.190
3.560
3.920
4.280
4.640
5.000
5.330
5.690
6.030
6.380
6.750
7.080
7.450
7.790
8.130
8.450
8.810
9.160
9.500
9.840
10.190
10.560
10.910
11.250
11.600
11.910
12.240
12.590
12.920
13.250
13.560
13.910
14.240
14.590
14.920
15.250
15.570
15.890
16.230
16.550
16.890
17.230
17.550
17.880
18.230
18.570
18.890
19.210
19.550
19.890
20.200
20.550
20.870
21.190
21.520
21.850
22.180
22.520
22.850
23.180
23.500
23.840
24.180
24.500
24.820
25.160
25.490
25.820
26.160
26.490
26.810
27.160
27.490
27.830
28.140
28.480
28.810
29.160
29.500
29.830
