0.040
0.380
0.720
1.060
1.390
1.730
2.070
2.410
2.750
3.090
3.420
3.750
4.070
4.410
4.740
5.070
5.390
5.730
6.050
6.380
6.720
7.050
7.380
7.700
8.030
8.370
8.720
9.060
9.400
9.720
10.060
10.390
10.720
11.060
11.390
11.720
12.060
12.380
12.720
13.050
13.400
13.730
14.070
14.400
14.740
15.070
15.390
15.730
16.060
16.380
16.720
17.060
17.390
17.730
18.050
18.390
18.720
19.050
19.370
19.710
20.040
20.390
20.720
21.060
21.380
21.710
22.050
22.370
22.720
23.050
23.390
23.720
24.050
24.400
24.730
25.070
25.400
25.730
26.060
26.400
26.720
27.050
27.380
27.710
28.060
28.400
28.730
29.070
29.400
29.730
30.050
30.390
30.730
31.070
31.390
31.710
