0.060
0.400
0.770
1.120
1.490
1.850
2.210
2.580
2.940
3.300
3.650
4.000
4.340
4.700
5.070
5.420
5.790
6.130
6.490
6.850
7.190
7.570
7.910
8.280
8.630
9.000
9.350
9.710
10.060
10.430
10.780
11.150
11.500
11.860
12.230
12.580
12.930
13.290
13.650
14.010
14.360
14.730
15.070
15.440
15.780
16.150
16.510
16.870
17.220
17.590
17.940
18.300
18.650
19.020
19.370
19.730
20.090
20.450
20.810
21.160
21.510
21.880
22.230
22.600
22.940
23.310
23.660
24.030
24.380
24.750
25.090
25.460
25.810
26.180
26.530
26.890
27.240
27.610
27.960
28.330
28.690
29.040
29.400
29.760
30.110
