0.030
0.360
0.710
1.040
1.380
1.720
2.050
2.390
2.730
3.060
3.410
3.750
4.080
4.420
4.770
5.100
5.440
5.780
6.120
6.450
6.790
7.130
7.470
7.820
8.160
8.500
8.840
9.190
9.530
9.870
10.190
10.530
10.870
11.200
11.540
11.880
12.220
12.570
12.920
13.250
13.580
13.930
14.260
14.600
14.940
15.280
15.620
15.960
16.310
16.650
16.990
17.330
17.670
18.010
18.350
18.690
19.010
19.350
19.690
20.030
20.370
20.710
21.050
21.390
21.720
22.070
22.400
22.740
23.080
23.430
23.760
24.110
24.440
24.770
25.120
25.460
25.790
26.130
26.470
26.810
27.140
27.480
27.830
28.170
28.500
28.840
29.180
29.530
29.870
30.210
30.540
30.890
31.210
31.530
