0.070
0.370
0.680
0.970
1.270
1.570
1.870
2.170
2.470
2.780
3.080
3.370
3.670
3.980
4.280
4.570
4.880
5.170
5.480
5.780
6.070
6.390
6.680
6.980
7.280
7.590
7.890
8.180
8.480
8.780
9.090
9.380
9.680
9.980
10.280
10.590
10.880
11.190
11.490
11.790
12.090
12.390
12.700
12.990
13.290
13.590
13.890
14.190
14.500
14.800
15.100
15.400
15.700
16.010
16.300
16.600
16.900
17.210
17.510
17.800
18.100
18.410
18.700
19.000
19.310
19.610
19.910
20.210
20.510
20.810
21.110
21.410
21.710
22.020
22.330
22.620
22.920
23.220
23.520
23.820
24.120
24.420
24.730
25.020
25.320
25.630
25.920
26.220
26.530
26.830
27.130
27.430
27.720
28.030
28.330
28.630
28.930
29.240
29.540
29.850
