0.250
0.600
0.950
1.290
1.640
2.000
2.340
2.700
3.040
3.390
3.740
4.090
4.440
4.800
5.140
5.500
5.840
6.190
6.540
6.900
7.240
7.600
7.940
8.290
8.640
9.000
9.340
9.690
10.030
10.400
10.740
11.100
11.430
11.790
12.140
12.480
12.830
13.180
13.530
13.890
14.230
14.590
14.930
15.290
15.630
15.990
16.330
16.680
17.030
17.390
17.730
18.070
18.420
18.780
19.130
19.470
19.820
20.170
20.520
20.870
21.220
21.570
21.930
22.270
22.620
22.970
23.320
23.670
24.020
24.370
24.720
25.070
25.420
25.770
26.120
26.470
26.820
27.170
27.520
27.870
28.220
28.570
28.920
29.260
29.620
29.960
