0.030
0.360
0.710
1.030
1.360
1.690
2.010
2.350
2.670
2.990
3.320
3.630
3.960
4.300
4.640
4.980
5.300
5.650
6.000
6.320
6.660
7.000
7.330
7.660
8.000
8.320
8.650
8.990
9.330
9.650
9.990
10.320
10.640
10.980
11.320
11.650
12.000
12.320
12.650
12.990
13.330
13.660
14.000
14.340
14.670
15.010
15.340
15.670
16.010
16.340
16.680
17.010
17.340
17.670
18.010
18.340
18.660
18.990
19.320
19.660
20.000
20.310
20.660
20.990
21.320
21.660
21.990
22.330
22.650
22.990
23.320
23.660
23.990
24.320
24.660
25.000
25.330
25.660
25.990
26.310
26.660
26.990
27.300
27.660
28.000
28.310
28.660
28.990
29.320
29.660
30.000
30.340
30.660
30.980
31.290
31.610
