0.070
0.430
0.770
1.110
1.450
1.780
2.110
2.470
2.820
3.160
3.500
3.850
4.190
4.530
4.870
5.210
5.550
5.900
6.230
6.580
6.920
7.260
7.600
7.960
8.290
8.630
8.970
9.310
9.660
10.000
10.330
10.680
11.020
11.360
11.710
12.050
12.390
12.730
13.070
13.410
13.760
14.100
14.440
14.780
15.130
15.470
15.800
16.150
16.490
16.830
17.180
17.520
17.860
18.190
18.530
18.880
19.220
19.570
19.900
20.250
20.590
20.930
21.280
21.620
21.960
22.300
22.640
22.980
23.320
23.660
24.010
24.350
24.690
25.030
25.380
25.720
26.060
26.400
26.740
27.080
27.420
27.770
28.100
28.450
28.790
29.130
29.480
29.820
