0.070
0.370
0.670
0.980
1.270
1.580
1.870
2.160
2.450
2.740
3.040
3.330
3.620
3.900
4.190
4.480
4.780
5.070
5.360
5.650
5.940
6.230
6.530
6.830
7.120
7.410
7.700
8.000
8.280
8.580
8.870
9.160
9.440
9.740
10.030
10.320
10.600
10.900
11.180
11.480
11.770
12.060
12.350
12.640
12.920
13.220
13.490
13.780
14.080
14.370
14.650
14.950
15.230
15.520
15.800
16.090
16.380
16.660
16.950
17.240
17.530
17.820
18.110
18.400
18.690
18.980
19.270
19.570
19.860
20.150
20.430
20.720
21.010
21.300
21.590
21.870
22.160
22.430
22.720
23.010
23.300
23.590
23.890
24.170
24.460
24.750
25.040
25.340
25.620
25.910
26.190
26.480
26.760
27.040
27.330
27.620
27.910
28.200
28.490
28.770
29.060
29.340
29.630
29.910
30.180
30.460
30.750
31.020
31.300
31.580
