0.310
0.660
1.000
1.340
1.690
2.040
2.380
2.720
3.070
3.410
3.760
4.110
4.450
4.790
5.140
5.480
5.830
6.180
6.520
6.860
7.210
7.550
7.900
8.250
8.580
8.950
9.280
9.630
9.980
10.330
10.660
11.010
11.350
11.690
12.030
12.380
12.730
13.070
13.410
13.760
14.090
14.440
14.810
15.140
15.480
15.830
16.160
16.510
16.870
17.210
17.570
17.900
18.250
18.600
18.940
19.290
19.630
19.960
20.320
20.660
21.010
21.350
21.710
22.030
22.380
22.730
23.070
23.420
23.760
24.120
24.460
24.810
25.150
25.490
25.840
26.180
26.530
26.890
27.220
27.570
27.930
28.260
28.600
28.940
29.290
29.630
29.970
