0.350
0.720
1.070
1.420
1.760
2.100
2.420
2.780
3.100
3.450
3.800
4.160
4.520
4.870
5.220
5.570
5.890
6.230
6.580
6.920
7.270
7.610
7.960
8.300
8.640
8.990
9.350
9.710
10.030
10.370
10.710
11.060
11.410
11.750
12.100
12.440
12.780
13.130
13.470
13.820
14.150
14.510
14.850
15.190
15.540
15.890
16.220
16.570
16.930
17.280
17.610
17.960
18.290
18.640
19.000
19.330
19.680
20.050
20.380
20.720
21.060
21.400
21.750
22.110
22.440
22.790
23.140
23.480
23.820
24.150
24.500
24.830
25.200
25.530
25.890
26.230
26.580
26.920
27.260
27.610
27.960
28.310
28.650
28.980
29.340
29.670
30.020
30.350
30.660
30.990
31.300
31.630
