0.210
0.580
0.980
1.360
1.730
2.090
2.480
2.830
3.200
3.570
3.950
4.320
4.700
5.060
5.430
5.820
6.200
6.590
6.970
7.340
7.720
8.080
8.470
8.840
9.220
9.600
9.970
10.340
10.710
11.090
11.470
11.860
12.220
12.610
12.980
13.360
13.730
14.100
14.490
14.860
15.240
15.610
15.990
16.360
16.730
17.110
17.500
17.870
18.240
18.620
19.000
19.370
19.750
20.120
20.500
20.870
21.260
21.630
22.000
22.370
22.750
23.130
23.500
23.880
24.260
24.640
25.010
25.370
25.760
26.130
26.510
26.890
27.270
27.650
28.010
28.390
28.760
29.140
29.520
29.900
30.290
30.650
31.040
31.410
