0.040
0.350
0.650
0.940
1.250
1.550
1.850
2.140
2.440
2.720
3.010
3.300
3.600
3.890
4.180
4.470
4.760
5.050
5.360
5.650
5.960
6.250
6.540
6.840
7.130
7.430
7.720
8.010
8.310
8.600
8.890
9.190
9.490
9.790
10.070
10.360
10.660
10.950
11.250
11.550
11.840
12.140
12.430
12.720
13.010
13.310
13.590
13.890
14.180
14.470
14.760
15.050
15.350
15.650
15.940
16.240
16.540
16.830
17.120
17.420
17.710
18.010
18.310
18.610
18.890
19.190
19.480
19.760
20.060
20.360
20.660
20.950
21.250
21.550
21.840
22.130
22.430
22.720
23.010
23.320
23.620
23.900
24.190
24.490
24.780
25.080
25.380
25.670
25.970
26.260
26.550
26.840
27.130
27.430
27.720
28.010
28.290
28.590
28.900
29.200
29.500
29.800
30.090
30.390
30.690
30.990
31.290
31.590
