0.070
0.410
0.750
1.080
1.410
1.740
2.060
2.390
2.730
3.050
3.380
3.710
4.040
4.370
4.700
5.020
5.360
5.690
6.010
6.340
6.670
7.010
7.350
7.690
8.030
8.370
8.710
9.030
9.350
9.690
10.010
10.360
10.700
11.050
11.380
11.710
12.030
12.360
12.690
13.020
13.350
13.680
14.010
14.330
14.660
14.990
15.320
15.650
15.970
16.300
16.640
16.960
17.300
17.640
17.970
18.290
18.620
18.960
19.280
19.620
19.930
20.270
20.600
20.930
21.250
21.600
21.930
22.250
22.570
22.910
23.240
23.560
23.890
24.210
24.540
24.880
25.200
25.530
25.850
26.200
26.540
26.880
27.220
27.560
27.900
28.230
28.550
28.880
29.210
29.540
29.860
30.210
30.530
30.850
31.170
31.490
