0.060
0.370
0.670
0.990
1.290
1.610
1.930
2.260
2.580
2.900
3.210
3.520
3.820
4.140
4.450
4.760
5.060
5.360
5.650
5.950
6.260
6.560
6.860
7.150
7.460
7.740
8.040
8.330
8.620
8.900
9.190
9.480
9.770
10.060
10.360
10.640
10.940
11.230
11.520
11.800
12.100
12.380
12.680
12.970
13.270
13.560
13.850
14.140
14.430
14.720
15.010
15.310
15.590
15.880
16.150
16.440
16.730
17.020
17.320
17.610
17.900
18.180
18.480
18.750
19.040
19.330
19.620
19.900
20.190
20.480
20.770
21.070
21.390
21.700
22.000
22.310
22.620
22.940
23.230
23.530
23.830
24.130
24.430
24.720
25.010
25.310
25.590
25.880
26.180
26.470
26.750
27.060
27.360
27.640
27.930
28.220
28.520
28.800
29.100
29.390
29.680
29.960
