0.060
0.350
0.660
0.940
1.240
1.520
1.820
2.100
2.400
2.680
2.980
3.270
3.570
3.860
4.170
4.460
4.770
5.070
5.360
5.660
5.960
6.260
6.540
6.850
7.140
7.440
7.730
8.020
8.320
8.610
8.900
9.200
9.490
9.790
10.080
10.370
10.660
10.960
11.240
11.540
11.820
12.120
12.410
12.710
13.010
13.310
13.610
13.900
14.200
14.510
14.800
15.100
15.390
15.690
15.970
16.270
16.570
16.880
17.170
17.470
17.770
18.060
18.340
18.640
18.940
19.240
19.530
19.820
20.110
20.410
20.700
20.990
21.270
21.570
21.860
22.150
22.430
22.720
23.010
23.300
23.620
23.930
24.230
24.530
24.830
25.130
25.430
25.730
26.010
26.310
26.590
26.890
27.180
27.470
27.770
28.060
28.360
28.660
28.950
29.250
29.540
29.830
