0.040
0.370
0.710
1.040
1.370
1.710
2.040
2.350
2.690
3.030
3.360
3.720
4.040
4.370
4.710
5.040
5.360
5.710
6.040
6.370
6.710
7.040
7.370
7.720
8.050
8.380
8.710
9.060
9.370
9.720
10.040
10.360
10.710
11.030
11.350
11.710
12.040
12.360
12.710
13.040
13.360
13.720
14.050
14.400
14.720
15.060
15.380
15.710
16.040
16.370
16.720
17.040
17.370
17.690
18.040
18.350
18.700
19.030
19.350
19.700
20.020
20.360
20.700
21.020
21.360
21.700
22.030
22.360
22.700
23.030
23.360
23.710
24.030
24.370
24.710
25.040
25.360
25.700
26.040
26.360
26.690
27.030
27.360
27.700
28.030
28.360
28.700
29.040
29.360
29.700
30.040
30.370
30.720
31.040
31.360
31.680
