0.190
0.520
0.860
1.200
1.540
1.880
2.220
2.560
2.890
3.240
3.580
3.910
4.250
4.600
4.930
5.270
5.610
5.950
6.290
6.630
6.970
7.310
7.650
7.980
8.320
8.660
9.000
9.340
9.680
10.010
10.350
10.700
11.030
11.370
11.720
12.050
12.390
12.730
13.060
13.410
13.750
14.080
14.430
14.770
15.100
15.440
15.780
16.120
16.460
16.800
17.130
17.470
17.820
18.150
18.490
18.830
19.170
19.510
19.850
20.180
20.530
20.870
21.210
21.550
21.890
22.220
22.560
22.900
23.240
23.580
23.920
24.250
24.590
24.930
25.260
25.610
25.950
26.290
26.640
26.980
27.330
27.670
28.010
28.330
28.670
29.000
29.340
29.670
30.010
30.350
30.680
31.050
31.420
