0.100
0.430
0.780
1.130
1.490
1.820
2.170
2.510
2.860
3.200
3.550
3.890
4.250
4.580
4.930
5.270
5.610
5.970
6.340
6.690
7.040
7.390
7.740
8.090
8.430
8.790
9.160
9.510
9.850
10.200
10.540
10.900
11.240
11.600
11.950
12.300
12.650
13.000
13.350
13.700
14.050
14.400
14.750
15.110
15.460
15.810
16.150
16.500
16.860
17.210
17.550
17.900
18.250
18.600
18.950
19.300
19.660
20.000
20.360
20.710
21.070
21.420
21.750
22.110
22.450
22.820
23.170
23.520
23.870
24.220
24.570
24.920
25.270
25.620
25.960
26.320
26.670
27.020
27.370
27.720
28.070
28.430
28.780
29.130
29.480
29.830
30.180
30.530
30.880
31.230
31.580
