0.120
0.460
0.840
1.190
1.550
1.910
2.250
2.620
2.960
3.320
3.660
4.000
4.360
4.720
5.070
5.410
5.760
6.120
6.460
6.810
7.170
7.530
7.860
8.220
8.570
8.930
9.270
9.620
9.970
10.330
10.670
11.020
11.370
11.730
12.060
12.430
12.770
13.130
13.470
13.830
14.170
14.530
14.870
15.230
15.570
15.930
16.280
16.630
16.980
17.340
17.680
18.040
18.380
18.740
19.090
19.440
19.790
20.150
20.490
20.850
21.190
21.550
21.890
22.250
22.590
22.950
23.290
23.650
24.000
24.350
24.700
25.060
25.400
25.760
26.110
26.460
26.800
27.160
27.510
27.860
28.210
28.570
28.920
29.270
29.610
29.950
30.310
30.670
31.020
31.360
31.710
