0.050
0.410
0.750
1.100
1.450
1.800
2.140
2.500
2.850
3.190
3.540
3.880
4.250
4.600
4.940
5.290
5.630
5.980
6.330
6.680
7.030
7.380
7.720
8.070
8.420
8.770
9.120
9.470
9.810
10.170
10.510
10.870
11.210
11.560
11.910
12.260
12.610
12.960
13.300
13.660
14.000
14.350
14.700
15.050
15.400
15.750
16.100
16.450
16.800
17.150
17.490
17.840
18.190
18.540
18.890
19.240
19.590
19.930
20.280
20.630
20.980
21.330
21.680
22.030
22.380
22.730
23.070
23.430
23.770
24.120
24.470
24.830
25.170
25.520
25.860
26.220
26.560
26.910
27.270
27.620
27.960
28.310
28.650
29.010
29.350
29.700
30.050
30.410
30.770
31.100
31.470
