0.040
0.360
0.690
1.010
1.370
1.700
2.050
2.380
2.720
3.060
3.430
3.780
4.120
4.450
4.790
5.130
5.470
5.810
6.150
6.480
6.820
7.160
7.500
7.830
8.180
8.510
8.850
9.190
9.530
9.870
10.220
10.550
10.890
11.240
11.560
11.900
12.250
12.580
12.920
13.260
13.600
13.930
14.280
14.610
14.960
15.300
15.630
15.970
16.310
16.650
16.990
17.330
17.670
18.010
18.350
18.680
19.020
19.360
19.700
20.040
20.380
20.720
21.060
21.400
21.750
22.080
22.420
22.750
23.110
23.440
23.770
24.110
24.450
24.790
25.130
25.460
25.810
26.150
26.490
26.820
27.160
27.510
27.840
28.180
28.520
28.850
29.200
29.540
29.870
30.210
30.570
30.920
31.260
31.620
