0.150
0.510
0.870
1.250
1.620
1.990
2.380
2.750
3.110
3.480
3.850
4.220
4.590
4.960
5.330
5.710
6.070
6.440
6.820
7.180
7.550
7.930
8.300
8.680
9.040
9.410
9.780
10.150
10.520
10.890
11.270
11.640
12.000
12.370
12.750
13.130
13.490
13.850
14.230
14.600
14.970
15.340
15.710
16.080
16.440
16.810
17.170
17.530
17.880
18.250
18.630
19.010
19.370
19.740
20.120
20.490
20.850
21.220
21.600
21.970
22.340
22.710
23.090
23.450
23.830
24.190
24.570
24.940
25.310
25.680
26.060
26.420
26.800
27.170
27.540
27.910
28.280
28.660
29.030
29.400
29.770
30.140
30.520
30.890
31.280
