0.230
0.540
0.830
1.130
1.430
1.710
2.010
2.300
2.600
2.890
3.190
3.480
3.780
4.070
4.370
4.660
4.970
5.250
5.550
5.830
6.130
6.410
6.710
7.000
7.310
7.590
7.890
8.170
8.480
8.770
9.070
9.350
9.650
9.950
10.250
10.540
10.850
11.130
11.430
11.710
12.010
12.290
12.590
12.880
13.190
13.480
13.770
14.070
14.350
14.660
14.960
15.260
15.540
15.830
16.120
16.410
16.710
17.010
17.300
17.610
17.910
18.190
18.480
18.780
19.070
19.360
19.670
19.960
20.250
20.540
20.830
21.120
21.420
21.710
22.000
22.300
22.580
22.880
23.180
23.480
23.770
24.070
24.370
24.660
24.960
25.240
25.530
25.830
26.120
26.410
26.710
27.020
27.310
27.600
27.900
28.190
28.480
28.760
29.060
29.350
29.650
29.940
30.240
30.540
30.840
31.150
31.440
31.750
