0.020
0.340
0.680
1.020
1.340
1.660
2.010
2.340
2.660
2.990
3.320
3.640
3.990
4.300
4.630
4.960
5.280
5.620
5.950
6.290
6.620
6.980
7.330
7.680
8.030
8.380
8.750
9.110
9.430
9.790
10.120
10.460
10.810
11.140
11.460
11.800
12.120
12.460
12.800
13.130
13.450
13.790
14.110
14.460
14.810
15.140
15.470
15.810
16.140
16.480
16.820
17.160
17.490
17.830
18.170
18.500
18.840
19.170
19.510
19.830
20.150
20.490
20.830
21.170
21.490
21.840
22.160
22.490
22.830
23.140
23.480
23.820
24.140
24.490
24.830
25.160
25.500
25.830
26.160
26.490
26.830
27.150
27.490
27.830
28.170
28.490
28.820
29.170
29.480
29.830
30.140
