0.070
0.410
0.730
1.050
1.380
1.720
2.040
2.370
2.710
3.040
3.360
3.690
4.030
4.360
4.680
5.020
5.350
5.680
6.020
6.350
6.670
7.010
7.330
7.650
7.990
8.340
8.670
9.000
9.320
9.680
10.010
10.350
10.690
11.020
11.350
11.680
12.020
12.360
12.680
13.030
13.360
13.690
14.040
14.370
14.690
15.030
15.360
15.700
16.040
16.370
16.700
17.040
17.370
17.700
18.040
18.380
18.710
19.040
19.370
19.710
20.060
20.380
20.710
21.050
21.380
21.710
22.050
22.380
22.710
23.060
23.380
23.710
24.050
24.380
24.710
25.050
25.380
25.710
26.060
26.380
26.720
27.060
27.370
27.710
28.050
28.390
28.720
29.070
29.390
29.730
30.070
30.380
30.710
31.030
31.340
31.670
