0.070
0.410
0.750
1.110
1.450
1.800
2.160
2.500
2.840
3.200
3.550
3.900
4.240
4.590
4.940
5.290
5.640
5.990
6.340
6.690
7.030
7.380
7.740
8.080
8.430
8.780
9.130
9.480
9.830
10.180
10.530
10.880
11.220
11.570
11.920
12.270
12.620
12.960
13.310
13.670
14.010
14.350
14.710
15.060
15.410
15.750
16.100
16.460
16.800
17.160
17.500
17.850
18.200
18.550
18.900
19.250
19.590
19.940
20.290
20.640
20.990
21.330
21.690
22.040
22.380
22.730
23.080
23.430
23.770
24.130
24.480
24.830
25.170
25.520
25.870
26.230
26.570
26.920
27.270
27.620
27.960
28.320
28.660
29.020
29.360
29.710
30.060
30.420
30.780
31.110
31.460
