0.380
0.740
1.120
1.510
1.890
2.270
2.620
3.000
3.360
3.740
4.110
4.500
4.870
5.250
5.610
5.970
6.340
6.720
7.080
7.480
7.850
8.230
8.600
8.970
9.340
9.710
10.090
10.460
10.830
11.200
11.570
11.940
12.300
12.680
13.060
13.430
13.800
14.180
14.540
14.930
15.290
15.660
16.030
16.410
16.770
17.140
17.510
17.890
18.250
18.620
19.000
19.370
19.740
20.120
20.500
20.870
21.240
21.610
21.980
22.360
22.730
23.110
23.470
23.850
24.220
24.580
24.950
25.330
25.700
26.060
26.440
26.810
27.190
27.550
27.920
28.300
28.670
29.040
29.410
29.780
30.120
30.490
