0.310
0.670
1.000
1.340
1.670
2.030
2.380
2.720
3.050
3.400
3.720
4.080
4.400
4.750
5.080
5.430
5.770
6.110
6.450
6.790
7.130
7.480
7.810
8.160
8.500
8.830
9.170
9.500
9.850
10.200
10.540
10.890
11.220
11.560
11.900
12.250
12.580
12.930
13.260
13.610
13.940
14.290
14.630
14.970
15.310
15.650
15.990
16.340
16.700
17.030
17.370
17.710
18.040
18.380
18.720
19.050
19.400
19.760
20.090
20.450
20.770
21.120
21.450
21.810
22.150
22.490
22.830
23.170
23.510
23.830
24.180
24.530
24.860
25.210
25.530
25.890
26.210
26.570
26.900
27.250
27.580
27.940
28.270
28.620
28.950
29.310
29.640
29.990
