0.060
0.410
0.750
1.080
1.430
1.770
2.110
2.450
2.790
3.130
3.480
3.820
4.160
4.500
4.840
5.180
5.520
5.870
6.210
6.550
6.890
7.240
7.580
7.930
8.260
8.610
8.950
9.280
9.610
9.950
10.290
10.640
10.980
11.320
11.670
12.010
12.350
12.690
13.030
13.370
13.710
14.060
14.400
14.740
15.080
15.420
15.760
16.100
16.450
16.790
17.130
17.470
17.810
18.160
18.500
18.840
19.180
19.520
19.860
20.200
20.550
20.890
21.230
21.570
21.910
22.250
22.600
22.940
23.280
23.620
23.960
24.300
24.650
24.990
25.330
25.670
26.010
26.360
26.700
27.040
27.380
27.730
28.070
28.410
28.750
29.090
29.430
29.780
30.110
