0.010
0.300
0.610
0.910
1.210
1.510
1.810
2.110
2.410
2.700
3.010
3.300
3.610
3.900
4.210
4.510
4.800
5.100
5.410
5.700
6.000
6.300
6.600
6.900
7.200
7.500
7.810
8.100
8.410
8.700
9.010
9.300
9.610
9.910
10.210
10.510
10.810
11.110
11.410
11.710
12.010
12.300
12.610
12.910
13.210
13.510
13.800
14.100
14.400
14.700
15.010
15.300
15.610
15.910
16.200
16.510
16.810
17.100
17.410
17.700
18.000
18.300
18.600
18.900
19.200
19.500
19.810
20.100
20.410
20.700
21.000
21.300
21.610
21.910
22.210
22.510
22.810
23.110
23.410
23.700
24.000
24.310
24.610
24.910
25.210
25.500
25.810
26.110
26.410
26.710
27.010
27.310
27.610
27.910
28.210
28.500
28.810
29.110
29.410
29.700
30.000
30.300
30.600
30.910
31.210
31.510
