0.280
0.750
1.230
1.680
2.150
2.610
3.040
3.510
3.940
4.410
4.870
5.340
5.770
6.240
6.590
6.930
7.280
7.620
7.950
8.300
8.630
8.990
9.340
9.680
10.020
10.350
10.680
11.020
11.360
11.710
12.060
12.400
12.730
13.080
13.410
13.760
14.100
14.450
14.790
15.140
15.460
15.820
16.150
16.500
16.830
17.190
17.530
17.860
18.200
18.540
18.880
19.230
19.560
19.910
20.260
20.600
20.920
21.270
21.610
21.960
22.290
22.630
22.990
23.330
23.670
24.010
24.370
24.700
25.030
25.370
25.710
26.070
26.400
26.760
27.090
27.430
27.780
28.130
28.450
28.790
29.130
29.490
29.820
30.150
30.500
