0.060
0.360
0.660
0.950
1.260
1.570
1.890
2.210
2.540
2.850
3.160
3.460
3.780
4.080
4.390
4.700
5.000
5.300
5.590
5.890
6.200
6.530
6.850
7.160
7.470
7.790
8.100
8.400
8.700
8.990
9.290
9.590
9.890
10.190
10.490
10.810
11.110
11.400
11.700
12.010
12.300
12.600
12.910
13.210
13.510
13.800
14.110
14.410
14.700
15.000
15.300
15.600
15.910
16.200
16.490
16.780
17.080
17.370
17.670
17.960
18.270
18.560
18.860
19.160
19.460
19.760
20.060
20.360
20.660
20.950
21.230
21.520
21.810
22.100
22.390
22.690
22.980
23.290
23.590
23.880
24.180
24.480
24.770
25.060
25.350
25.630
25.920
26.210
26.510
26.820
27.120
27.410
27.720
28.020
28.320
28.630
28.940
29.250
29.550
29.860
