0.030
0.360
0.700
1.030
1.360
1.710
2.050
2.400
2.740
3.060
3.410
3.760
4.080
4.420
4.770
5.110
5.450
5.790
6.140
6.480
6.810
7.160
7.500
7.830
8.150
8.500
8.840
9.180
9.500
9.850
10.180
10.520
10.870
11.190
11.530
11.880
12.200
12.540
12.900
13.230
13.560
13.920
14.240
14.580
14.930
15.260
15.590
15.950
16.280
16.610
16.970
17.290
17.630
17.980
18.310
18.650
19.000
19.340
19.670
20.030
20.350
20.680
21.030
21.360
21.700
22.050
22.380
22.720
23.070
23.400
23.730
24.090
24.410
24.760
25.110
25.440
25.770
26.120
26.450
26.790
27.140
27.470
27.810
28.160
28.490
28.830
29.170
29.510
29.850
30.200
30.520
30.840
31.150
31.470
