0.040
0.380
0.710
1.040
1.390
1.720
2.050
2.380
2.720
3.030
3.370
3.690
4.020
4.360
4.700
5.020
5.360
5.700
6.020
6.360
6.700
7.030
7.360
7.700
8.030
8.360
8.700
9.030
9.370
9.700
10.040
10.370
10.710
11.030
11.370
11.700
12.030
12.360
12.700
13.030
13.360
13.700
14.020
14.360
14.700
15.020
15.360
15.700
16.020
16.370
16.710
17.030
17.370
17.700
18.030
18.370
18.700
19.020
19.370
19.710
20.030
20.390
20.730
21.050
21.380
21.710
22.030
22.370
22.710
23.030
23.370
23.700
24.050
24.390
24.730
25.050
25.390
25.720
26.040
26.380
26.720
27.030
27.370
27.700
28.020
28.360
28.700
29.030
29.370
29.700
30.030
30.390
30.720
31.040
31.350
31.680
