0.040
0.380
0.710
1.030
1.360
1.690
2.030
2.340
2.670
3.000
3.310
3.630
3.950
4.270
4.590
4.910
5.240
5.560
5.880
6.200
6.520
6.830
7.170
7.490
7.820
8.150
8.470
8.810
9.140
9.460
9.790
10.120
10.430
10.760
11.090
11.410
11.750
12.070
12.390
12.710
13.040
13.350
13.680
14.010
14.330
14.670
14.990
15.310
15.640
15.980
16.320
16.630
16.960
17.280
17.610
17.930
18.250
18.580
18.890
19.230
19.550
19.890
20.220
20.550
20.880
21.210
21.540
21.860
22.180
22.510
22.830
23.160
23.480
23.820
24.160
24.490
24.800
25.140
25.470
25.800
26.130
26.440
26.770
27.100
27.430
27.770
28.100
28.440
28.760
29.090
29.420
29.740
30.070
30.410
30.730
31.050
31.360
31.690
