0.330
0.710
1.130
1.530
1.970
2.380
2.800
3.220
3.630
4.030
4.440
4.860
5.260
5.680
6.080
6.520
6.920
7.320
7.750
8.150
8.550
8.980
9.380
9.770
10.190
10.600
11.000
11.400
11.820
12.230
12.640
13.050
13.460
13.880
14.290
14.680
15.110
15.520
15.930
16.340
16.740
17.160
17.570
17.970
18.390
18.800
19.210
19.610
20.030
20.440
20.850
21.260
21.670
22.080
22.490
22.900
23.310
23.730
24.140
24.550
24.950
25.360
25.780
26.190
26.590
27.000
27.420
27.820
28.240
28.650
29.060
29.460
29.880
30.300
30.700
31.100
31.510
