0.040
0.400
0.750
1.100
1.440
1.790
2.120
2.460
2.810
3.140
3.480
3.810
4.150
4.490
4.830
5.170
5.510
5.850
6.170
6.520
6.870
7.190
7.530
7.870
8.190
8.520
8.860
9.200
9.540
9.890
10.230
10.560
10.900
11.240
11.570
11.900
12.240
12.590
12.930
13.260
13.590
13.930
14.280
14.620
14.960
15.300
15.630
15.970
16.310
16.650
16.990
17.330
17.670
18.010
18.340
18.680
19.020
19.350
19.690
20.020
20.360
20.700
21.050
21.390
21.720
22.050
22.390
22.730
23.060
23.400
23.740
24.070
24.420
24.760
25.100
25.440
25.790
26.120
26.460
26.800
27.140
27.480
27.820
28.150
28.500
28.840
29.190
29.530
29.870
30.230
30.560
30.910
31.240
31.560
