0.120
0.420
0.700
1.000
1.290
1.580
1.870
2.170
2.470
2.760
3.060
3.350
3.650
3.940
4.230
4.520
4.830
5.120
5.430
5.720
6.020
6.320
6.630
6.930
7.230
7.520
7.820
8.120
8.400
8.710
9.010
9.310
9.610
9.900
10.210
10.500
10.800
11.100
11.390
11.670
11.980
12.280
12.580
12.880
13.170
13.470
13.760
14.050
14.350
14.650
14.950
15.240
15.540
15.840
16.150
16.450
16.730
17.030
17.320
17.620
17.920
18.210
18.520
18.810
19.100
19.390
19.690
19.980
20.270
20.550
20.840
21.140
21.430
21.730
22.030
22.320
22.610
22.900
23.190
23.470
23.780
24.080
24.380
24.680
24.980
25.270
25.570
25.870
26.170
26.460
26.760
27.050
27.340
27.630
27.920
28.200
28.500
28.790
29.080
29.370
29.670
29.970
30.270
30.560
30.860
31.170
31.490
