0.100
0.400
0.700
1.000
1.300
1.600
1.890
2.180
2.480
2.770
3.060
3.360
3.660
3.950
4.240
4.530
4.830
5.120
5.420
5.710
6.020
6.320
6.600
6.890
7.180
7.480
7.760
8.060
8.340
8.640
8.930
9.230
9.550
9.860
10.150
10.450
10.720
11.000
11.290
11.560
11.860
12.160
12.450
12.760
13.060
13.350
13.650
13.940
14.240
14.530
14.820
15.110
15.410
15.710
16.010
16.290
16.580
16.870
17.170
17.460
17.750
18.050
18.350
18.640
18.940
19.240
19.530
19.820
20.110
20.410
20.700
20.990
21.280
21.570
21.870
22.170
22.460
22.760
23.050
23.350
23.640
23.930
24.220
24.510
24.810
25.110
25.400
25.700
26.000
26.290
26.580
26.880
27.160
27.450
27.740
28.020
28.290
28.580
28.880
29.190
29.490
29.790
30.070
30.370
30.650
30.940
31.230
31.520
