0.090
0.380
0.670
0.950
1.240
1.530
1.820
2.120
2.410
2.690
2.980
3.280
3.560
3.840
4.130
4.400
4.690
4.990
5.270
5.550
5.840
6.120
6.410
6.690
6.980
7.280
7.570
7.850
8.130
8.420
8.700
8.990
9.270
9.570
9.860
10.150
10.440
10.730
11.020
11.310
11.590
11.880
12.170
12.460
12.740
13.020
13.300
13.580
13.870
14.170
14.460
14.750
15.040
15.320
15.620
15.900
16.190
16.470
16.760
17.060
17.340
17.630
17.930
18.200
18.480
18.770
19.060
19.350
19.640
19.930
20.210
20.510
20.800
21.080
21.360
21.640
21.920
22.210
22.490
22.770
23.060
23.340
23.630
23.930
24.220
24.510
24.810
25.110
25.410
25.710
26.020
26.320
26.610
26.920
27.220
27.520
27.820
28.110
28.410
28.720
29.000
29.290
29.580
29.870
30.160
30.450
30.740
31.040
31.330
31.620
