0.150
0.450
0.730
1.020
1.310
1.600
1.890
2.190
2.480
2.770
3.060
3.350
3.640
3.930
4.220
4.510
4.800
5.110
5.410
5.700
6.010
6.300
6.610
6.900
7.200
7.500
7.790
8.080
8.370
8.660
8.950
9.250
9.540
9.840
10.130
10.430
10.710
11.010
11.310
11.610
11.910
12.210
12.510
12.800
13.100
13.380
13.670
13.960
14.250
14.550
14.850
15.150
15.450
15.730
16.030
16.320
16.620
16.920
17.210
17.500
17.800
18.090
18.380
18.680
18.970
19.270
19.560
19.850
20.140
20.440
20.730
21.030
21.330
21.610
21.910
22.200
22.490
22.780
23.070
23.370
23.660
23.970
24.260
24.560
24.860
25.150
25.450
25.730
26.030
26.330
26.630
26.910
27.200
27.500
27.790
28.080
28.380
28.670
28.970
29.260
29.550
29.850
30.140
30.420
30.720
31.010
31.300
31.590
