0.010
0.290
0.580
0.880
1.160
1.460
1.740
2.040
2.330
2.620
2.910
3.210
3.500
3.810
4.100
4.410
4.690
4.990
5.280
5.570
5.860
6.160
6.450
6.750
7.030
7.320
7.610
7.910
8.200
8.490
8.780
9.080
9.380
9.690
9.990
10.290
10.590
10.890
11.180
11.480
11.770
12.070
12.350
12.660
12.950
13.240
13.530
13.830
14.110
14.420
14.710
15.010
15.290
15.600
15.890
16.190
16.490
16.790
17.070
17.360
17.650
17.940
18.230
18.530
18.820
19.120
19.410
19.710
20.000
20.300
20.590
20.880
21.170
21.470
21.760
22.070
22.360
22.660
22.950
23.250
23.540
23.830
24.120
24.420
24.720
25.020
25.310
25.600
25.890
26.190
26.470
26.770
27.060
27.350
27.640
27.940
28.240
28.550
28.840
29.150
29.430
29.730
30.010
30.310
30.600
30.900
31.190
31.490
