0.200
0.500
0.810
1.130
1.430
1.750
2.050
2.360
2.670
2.980
3.280
3.590
3.890
4.210
4.520
4.820
5.120
5.420
5.730
6.020
6.320
6.620
6.930
7.230
7.530
7.830
8.130
8.430
8.720
9.020
9.310
9.610
9.890
10.190
10.490
10.790
11.090
11.380
11.690
11.980
12.280
12.580
12.880
13.180
13.470
13.770
14.060
14.350
14.640
14.930
15.220
15.530
15.820
16.130
16.410
16.710
16.990
17.300
17.590
17.890
18.170
18.460
18.750
19.050
19.330
19.630
19.910
20.200
20.490
20.790
21.080
21.370
21.660
21.950
22.240
22.530
22.810
23.110
23.410
23.710
24.020
24.310
24.620
24.910
25.210
25.510
25.800
26.090
26.380
26.680
26.970
27.260
27.540
27.840
28.140
28.450
28.740
29.030
29.320
29.620
29.900
30.190
30.480
30.770
31.070
31.350
31.640
