0.040
0.390
0.730
1.060
1.410
1.740
2.070
2.420
2.760
3.100
3.440
3.780
4.120
4.460
4.790
5.140
5.470
5.810
6.160
6.490
6.830
7.170
7.510
7.840
8.180
8.520
8.860
9.200
9.540
9.870
10.220
10.560
10.890
11.240
11.580
11.910
12.260
12.600
12.940
13.290
13.610
13.960
14.310
14.630
14.970
15.310
15.640
15.980
16.330
16.660
17.020
17.360
17.680
18.020
18.370
18.700
19.060
19.400
19.720
20.050
20.390
20.730
21.070
21.410
21.750
22.090
22.430
22.760
23.110
23.450
23.780
24.120
24.470
24.800
25.140
25.480
25.810
26.160
26.500
26.840
27.180
27.510
27.830
28.180
28.510
28.850
29.180
29.530
29.870
30.190
30.520
30.830
31.160
31.470
