0.170
0.530
0.870
1.190
1.550
1.880
2.230
2.580
2.920
3.300
3.640
4.020
4.360
4.730
5.090
5.440
5.780
6.130
6.470
6.810
7.130
7.470
7.800
8.130
8.450
8.790
9.130
9.460
9.790
10.120
10.440
10.770
11.100
11.440
11.770
12.120
12.440
12.780
13.100
13.450
13.770
14.100
14.440
14.760
15.090
15.430
15.760
16.090
16.400
16.740
17.070
17.410
17.730
18.060
18.390
18.730
19.050
19.400
19.730
20.070
20.410
20.730
21.050
21.380
21.710
22.040
22.370
22.690
23.020
23.340
23.650
23.970
24.290
24.620
24.930
25.260
25.600
25.920
26.240
26.580
26.920
27.250
27.580
27.900
28.230
28.570
28.890
29.230
29.540
29.870
30.200
30.510
30.840
31.160
31.480
