0.070
0.400
0.740
1.070
1.400
1.740
2.080
2.410
2.740
3.080
3.420
3.750
4.080
4.410
4.750
5.080
5.410
5.750
6.090
6.410
6.750
7.080
7.420
7.750
8.080
8.430
8.760
9.090
9.420
9.760
10.090
10.420
10.760
11.100
11.420
11.760
12.090
12.430
12.760
13.100
13.420
13.770
14.090
14.430
14.760
15.100
15.430
15.770
16.110
16.440
16.760
17.110
17.430
17.780
18.100
18.450
18.770
19.110
19.440
19.780
20.110
20.450
20.780
21.120
21.460
21.790
22.110
22.460
22.790
23.120
23.450
23.790
24.120
24.460
24.790
25.130
25.450
25.800
26.120
26.470
26.790
27.130
27.460
27.800
28.130
28.470
28.800
29.140
29.470
29.810
30.120
30.450
