0.290
0.620
0.970
1.320
1.650
1.990
2.330
2.670
3.010
3.350
3.690
4.040
4.380
4.700
5.050
5.400
5.770
6.110
6.450
6.790
7.130
7.470
7.800
8.150
8.480
8.830
9.160
9.500
9.840
10.180
10.520
10.860
11.200
11.540
11.870
12.220
12.550
12.900
13.230
13.570
13.910
14.250
14.580
14.930
15.260
15.610
15.940
16.280
16.620
16.960
17.290
17.640
17.970
18.310
18.650
19.000
19.330
19.680
20.010
20.350
20.690
21.030
21.360
21.710
22.050
22.390
22.720
23.070
23.400
23.740
24.080
24.420
24.760
25.100
25.440
25.780
26.110
26.460
26.790
27.130
27.470
27.810
28.140
28.480
28.820
29.170
29.500
29.860
30.180
30.500
30.820
31.140
31.470
31.780
