0.130
0.420
0.690
0.970
1.250
1.550
1.830
2.120
2.400
2.690
2.970
3.250
3.530
3.810
4.090
4.370
4.640
4.920
5.200
5.480
5.770
6.040
6.340
6.630
6.900
7.180
7.470
7.740
8.020
8.310
8.590
8.880
9.160
9.450
9.740
10.040
10.320
10.600
10.890
11.170
11.450
11.730
12.010
12.280
12.560
12.840
13.120
13.410
13.680
13.970
14.260
14.540
14.840
15.110
15.400
15.670
15.960
16.230
16.520
16.800
17.090
17.380
17.660
17.950
18.240
18.520
18.800
19.080
19.370
19.640
19.930
20.210
20.500
20.780
21.070
21.360
21.630
21.930
22.210
22.490
22.770
23.050
23.330
23.610
23.890
24.170
24.460
24.730
25.020
25.300
25.580
25.860
26.160
26.440
26.730
27.010
27.300
27.570
27.860
28.140
28.420
28.700
28.980
29.260
29.560
29.840
