0.350
0.780
1.210
1.670
2.090
2.560
2.990
3.460
3.880
4.340
4.760
5.230
5.660
6.130
6.550
7.000
7.450
7.900
8.360
8.800
9.250
9.690
10.150
10.590
11.030
11.480
11.930
12.380
12.820
13.260
13.710
14.160
14.610
15.040
15.500
15.940
16.390
16.830
17.280
17.720
18.180
18.620
19.060
19.510
19.960
20.400
20.850
21.290
21.730
22.160
22.610
23.060
23.500
23.950
24.390
24.840
25.280
25.730
26.180
26.620
27.070
27.520
27.960
28.410
28.840
29.290
29.740
30.190
30.640
31.090
31.530
31.970
32.420
32.870
33.310
33.740
