0.020
0.360
0.700
1.040
1.380
1.720
2.060
2.400
2.740
3.080
3.430
3.760
4.100
4.430
4.760
5.120
5.450
5.800
6.130
6.470
6.820
7.160
7.490
7.830
8.180
8.500
8.850
9.200
9.530
9.870
10.210
10.550
10.890
11.230
11.570
11.900
12.230
12.570
12.920
13.270
13.600
13.940
14.290
14.620
14.960
15.300
15.650
15.980
16.320
16.660
17.000
17.340
17.670
18.010
18.370
18.700
19.050
19.380
19.710
20.050
20.400
20.730
21.080
21.430
21.760
22.100
22.440
22.790
23.130
23.460
23.790
24.130
24.470
24.790
25.140
25.480
25.820
26.160
26.500
26.850
27.190
27.530
27.860
28.200
28.540
28.880
29.220
29.570
29.890
30.240
30.570
30.890
31.220
31.540
