0.070
0.410
0.750
1.110
1.450
1.790
2.140
2.480
2.840
3.170
3.520
3.870
4.210
4.560
4.900
5.240
5.580
5.930
6.280
6.620
6.970
7.320
7.660
8.010
8.350
8.680
9.030
9.390
9.710
10.060
10.400
10.740
11.080
11.410
11.780
12.130
12.480
12.820
13.170
13.510
13.870
14.210
14.550
14.890
15.240
15.580
15.930
16.280
16.620
16.960
17.300
17.640
18.000
18.350
18.700
19.030
19.370
19.700
20.050
20.400
20.750
21.100
21.450
21.780
22.130
22.460
22.810
23.170
23.510
23.860
24.210
24.560
24.890
25.230
25.570
25.910
26.260
26.610
26.940
27.290
27.640
28.000
28.350
28.700
29.040
29.380
29.720
30.060
30.410
30.740
31.060
31.380
31.690
