0.040
0.410
0.770
1.120
1.460
1.810
2.150
2.500
2.880
3.220
3.580
3.980
4.360
4.730
5.120
5.480
5.840
6.180
6.520
6.880
7.260
7.620
7.970
8.340
8.700
9.080
9.440
9.790
10.150
10.520
10.860
11.230
11.590
11.970
12.320
12.680
13.050
13.410
13.760
14.140
14.490
14.860
15.220
15.570
15.940
16.290
16.640
17.020
17.380
17.740
18.100
18.460
18.820
19.170
19.520
19.900
20.260
20.620
20.960
21.330
21.700
22.080
22.440
22.790
23.150
23.520
23.890
24.250
24.630
24.980
25.350
25.700
26.070
26.420
26.780
27.150
27.510
27.870
28.210
28.590
28.940
29.300
29.640
29.980
30.290
30.620
30.940
31.250
31.580
