0.290
0.580
0.860
1.150
1.430
1.710
2.000
2.280
2.570
2.870
3.160
3.440
3.730
4.020
4.320
4.600
4.900
5.190
5.480
5.760
6.060
6.350
6.640
6.930
7.220
7.500
7.790
8.080
8.370
8.670
8.950
9.240
9.530
9.820
10.110
10.400
10.680
10.970
11.260
11.550
11.830
12.130
12.410
12.710
12.990
13.280
13.570
13.850
14.140
14.420
14.710
14.990
15.280
15.570
15.860
16.150
16.450
16.730
17.030
17.310
17.600
17.900
18.180
18.480
18.760
19.050
19.340
19.630
19.920
20.210
20.490
20.780
21.070
21.370
21.650
21.940
22.230
22.510
22.790
23.080
23.370
23.670
23.960
24.250
24.520
24.810
25.090
25.380
25.670
25.960
26.250
26.540
26.820
27.110
27.400
27.690
27.990
28.280
28.570
28.860
29.140
29.440
29.720
