0.140
0.440
0.730
1.030
1.330
1.640
1.940
2.240
2.540
2.840
3.140
3.440
3.740
4.030
4.340
4.630
4.940
5.250
5.550
5.850
6.150
6.450
6.750
7.060
7.350
7.660
7.950
8.260
8.550
8.860
9.150
9.460
9.750
10.060
10.360
10.660
10.950
11.250
11.550
11.860
12.150
12.450
12.750
13.050
13.350
13.650
13.950
14.260
14.560
14.860
15.150
15.450
15.750
16.060
16.350
16.660
16.950
17.250
17.550
17.860
18.150
18.450
18.750
19.060
19.350
19.660
19.950
20.260
20.550
20.860
21.150
21.460
21.750
22.060
22.350
22.650
22.950
23.240
23.550
23.850
24.150
24.450
24.750
25.050
25.340
25.650
25.950
26.250
26.550
26.850
27.140
27.450
27.750
28.050
28.350
28.650
28.950
29.250
29.550
29.850
30.150
30.440
30.760
31.070
31.380
31.680
