0.700
1.490
2.320
3.140
3.970
4.810
5.700
6.550
7.400
8.230
9.030
9.820
10.630
11.420
12.240
13.140
14.010
14.860
15.680
16.510
17.410
18.220
19.110
19.940
20.740
21.620
22.410
23.260
24.080
24.920
25.760
26.630
27.460
28.270
29.120
29.890
30.730
31.570
32.410
33.290
34.220
35.110
35.950
36.840
37.690
38.580
39.450
40.300
41.210
42.110
42.940
43.870
44.720
45.530
46.410
47.230
48.070
48.960
49.800
50.640
51.470
52.320
53.170
54.090
54.950
55.800
56.660
57.540
58.410
59.290
60.210
61.060
61.970
62.740
63.590
64.350
