0.410
0.880
1.350
1.800
2.270
2.740
3.200
3.650
4.110
4.580
5.030
5.490
5.950
6.400
6.880
7.310
7.780
8.230
8.690
9.150
9.610
10.070
10.530
10.980
11.450
11.880
12.350
12.800
13.260
13.720
14.180
14.640
15.100
15.540
16.000
16.440
16.910
17.340
17.810
18.260
18.690
19.160
19.600
20.050
20.500
20.970
21.430
21.920
22.370
22.840
23.310
23.760
24.210
24.680
25.120
25.570
26.010
26.460
26.890
27.330
27.780
28.230
28.670
29.130
29.580
30.040
30.500
30.960
31.400
31.850
32.310
32.750
33.200
33.640
34.090
34.540
34.980
35.430
35.890
36.340
36.780
37.240
37.690
38.140
38.580
39.030
39.500
39.920
40.360
40.810
41.250
41.680
42.140
42.580
43.020
43.470
43.920
44.370
44.820
45.260
45.710
46.190
46.670
47.140
47.590
48.020
48.490
