0.340
0.870
1.410
1.960
2.480
3.020
3.560
4.100
4.640
5.180
5.710
6.250
6.790
7.330
7.860
8.410
8.930
9.470
10.020
10.540
11.080
11.620
12.160
12.680
13.220
13.750
14.290
14.810
15.350
15.880
16.420
16.950
17.480
18.020
18.530
19.080
19.600
20.130
20.680
21.220
21.760
22.300
22.830
23.360
23.910
24.440
24.990
25.520
26.040
26.580
27.100
27.640
28.180
28.700
29.240
29.780
30.320
30.860
31.400
31.930
32.480
33.010
33.550
34.090
34.620
35.130
35.680
36.210
36.760
37.280
37.820
38.360
38.910
39.430
39.990
40.510
41.070
41.590
42.130
42.670
43.200
43.730
44.280
44.800
45.330
45.860
46.390
46.930
47.470
48.000
48.530
49.070
49.610
50.130
50.670
51.210
51.710
52.260
52.780
53.310
53.830
54.390
54.930
