0.150
0.640
1.120
1.620
2.080
2.570
3.040
3.520
3.990
4.450
4.920
5.390
5.850
6.310
6.760
7.240
7.710
8.170
8.650
9.130
9.620
10.090
10.580
11.040
11.530
12.000
12.460
12.930
13.390
13.840
14.290
14.770
15.250
15.700
16.190
16.630
17.100
17.580
18.030
18.530
19.020
19.510
19.960
20.450
20.920
21.380
21.850
22.370
22.860
23.330
23.830
24.310
24.820
25.290
25.770
26.290
26.780
27.270
27.730
28.240
28.720
29.190
29.660
30.110
30.580
31.040
31.480
31.960
32.430
32.900
33.360
33.850
34.320
34.780
35.240
35.730
36.190
36.670
37.130
37.600
38.040
38.490
38.930
39.410
39.860
40.330
40.790
41.260
41.730
42.170
42.610
43.100
43.570
44.040
44.490
44.970
45.440
45.900
46.340
46.810
47.300
47.770
48.230
48.700
