0.240
0.570
0.930
1.270
1.640
1.990
2.360
2.710
3.070
3.420
3.780
4.120
4.500
4.850
5.220
5.560
5.940
6.290
6.660
7.010
7.360
7.730
8.080
8.440
8.800
9.150
9.520
9.870
10.230
10.570
10.940
11.300
11.660
12.010
12.380
12.730
13.090
13.440
13.790
14.130
14.490
14.860
15.230
15.560
15.920
16.260
16.630
16.960
17.320
17.670
18.030
18.390
18.730
19.090
19.430
19.790
20.150
20.500
20.840
21.190
21.550
21.900
22.250
22.610
22.960
23.330
23.700
24.040
24.390
24.740
25.100
25.440
25.800
26.150
26.500
26.850
27.210
27.560
27.920
28.260
28.620
28.980
29.320
29.680
30.040
30.390
30.750
31.100
31.460
31.810
32.170
32.520
32.880
33.220
33.590
33.940
34.300
34.660
35.020
35.370
35.730
36.080
36.440
36.780
37.140
37.500
37.840
38.190
38.540
38.890
39.260
39.620
39.980
40.330
40.680
41.040
41.420
41.760
42.120
42.470
42.820
43.170
43.540
43.890
44.260
44.610
44.950
45.300
45.660
46.010
46.360
46.700
47.050
47.400
47.750
48.090
48.460
48.790
49.150
49.500
49.860
50.210
50.560
50.900
51.260
51.620
51.990
52.330
52.670
53.030
53.410
53.750
54.120
54.470
54.810
55.160
55.530
55.860
56.220
56.580
56.930
57.280
57.630
57.970
58.320
