0.280
0.730
1.170
1.610
2.050
2.490
2.930
3.370
3.810
4.250
4.700
5.140
5.580
6.020
6.460
6.900
7.340
7.780
8.230
8.670
9.110
9.550
9.990
10.430
10.870
11.310
11.760
12.200
12.640
13.080
13.520
13.960
14.400
14.840
15.290
15.730
16.170
16.600
17.050
17.490
17.930
18.380
18.820
19.260
19.700
20.140
20.580
21.020
21.470
21.900
22.350
22.780
23.220
23.660
24.110
24.550
24.980
25.430
25.870
26.310
26.750
27.190
27.630
28.070
28.510
28.950
29.400
29.840
30.280
30.720
31.160
31.600
32.040
32.480
32.920
33.360
33.800
34.240
34.690
35.130
35.570
36.010
36.450
36.890
37.330
37.770
38.210
38.650
39.090
39.540
39.980
40.420
40.860
41.300
41.740
42.180
42.620
43.060
