0.170
0.650
1.130
1.630
2.100
2.570
3.070
3.570
4.050
4.530
5.010
5.510
6.020
6.500
6.960
7.420
7.890
8.390
8.850
9.340
9.840
10.360
10.870
11.350
11.820
12.300
12.760
13.220
13.650
14.120
14.550
15.040
15.520
16.000
16.480
16.960
17.430
17.920
18.390
18.900
19.360
19.880
20.360
20.860
21.340
21.840
22.320
22.860
23.370
23.850
24.320
24.790
25.290
25.770
26.270
26.810
27.360
27.860
28.390
28.880
29.370
29.860
30.320
30.800
31.300
31.780
32.260
32.760
33.250
33.720
34.200
34.690
35.180
35.650
36.130
36.620
37.130
37.610
38.090
38.550
39.020
39.490
39.960
40.390
40.840
41.320
41.780
42.270
42.750
43.230
43.760
44.290
44.790
45.260
45.740
46.220
46.700
47.170
47.640
48.120
