0.570
1.240
1.900
2.570
3.210
3.870
4.520
5.140
5.790
6.420
7.080
7.730
8.380
9.050
9.700
10.350
11.010
11.670
12.330
12.970
13.610
14.280
14.930
15.550
16.210
16.840
17.500
18.140
18.790
19.460
20.100
20.740
21.370
22.030
22.690
23.350
23.990
24.630
25.250
25.890
26.530
27.180
27.820
28.450
29.100
29.760
30.410
31.060
31.720
32.370
33.020
33.670
34.310
34.960
35.600
36.230
36.860
37.480
38.150
38.790
39.440
40.100
40.750
41.380
42.030
42.670
43.330
43.970
44.600
45.260
45.900
46.530
47.170
47.810
48.460
49.110
49.750
50.410
51.050
51.690
52.330
52.990
53.650
54.310
54.940
55.560
