0.070
0.820
1.490
2.210
2.920
3.620
4.330
5.030
5.740
6.450
7.170
7.900
8.670
9.410
10.130
10.820
11.540
12.260
12.990
13.710
14.430
15.130
15.850
16.590
17.290
18.000
18.770
19.490
20.180
20.870
21.540
22.190
22.880
23.590
24.270
24.960
25.630
26.360
27.010
27.740
28.400
29.080
29.750
30.450
31.130
31.820
32.490
33.170
33.840
34.530
35.210
35.890
36.570
37.260
37.920
38.600
39.290
39.980
40.670
41.370
42.070
42.760
43.440
44.130
44.810
45.490
46.170
46.850
47.550
48.240
48.910
49.580
50.280
50.970
51.650
52.350
53.030
53.720
54.410
55.100
55.810
