0.310
0.920
1.500
2.090
2.660
3.250
3.820
4.390
4.970
5.550
6.130
6.730
7.300
7.870
8.430
9.010
9.570
10.140
10.700
11.300
11.850
12.420
12.980
13.550
14.130
14.690
15.240
15.840
16.410
16.990
17.540
18.120
18.690
19.270
19.840
20.450
21.020
21.600
22.140
22.720
23.300
23.870
24.430
25.010
25.590
26.160
26.710
27.300
27.870
28.440
29.000
29.590
30.150
30.710
31.270
31.840
32.420
32.990
33.540
34.120
34.700
35.280
35.820
36.400
36.980
37.560
38.110
38.680
39.260
39.830
40.380
40.960
41.540
42.110
42.680
43.250
43.840
44.400
44.950
45.540
46.110
46.680
47.240
47.820
48.400
48.970
49.510
50.100
50.680
51.260
51.840
52.410
53.000
53.580
54.160
54.740
55.320
55.900
56.470
57.060
57.650
58.220
58.800
59.360
59.950
60.520
61.090
61.680
62.250
62.830
63.400
63.970
64.570
65.150
65.740
66.310
66.900
67.460
68.030
68.630
69.220
69.800
70.370
70.960
