0.230
0.700
1.140
1.590
2.030
2.490
2.940
3.390
3.840
4.280
4.730
5.190
5.620
6.070
6.520
6.960
7.410
7.870
8.310
8.760
9.200
9.650
10.110
10.570
11.020
11.470
11.920
12.370
12.830
13.280
13.730
14.180
14.630
15.090
15.550
15.990
16.460
16.910
17.350
17.790
18.230
18.690
19.130
19.570
20.030
20.470
20.950
21.400
21.860
22.330
22.770
23.230
23.670
24.120
24.580
25.030
25.490
25.970
26.420
26.850
27.310
27.760
28.210
28.660
29.100
29.550
30.010
30.460
30.900
31.340
31.800
32.240
32.700
33.150
33.610
34.040
34.470
34.910
35.360
35.800
36.250
36.690
37.150
37.580
38.030
38.480
38.920
39.370
39.810
40.250
40.700
41.160
41.610
42.060
42.500
42.950
43.370
43.810
44.270
44.690
45.140
45.600
46.060
46.490
46.940
47.390
47.810
