0.220
0.710
1.200
1.720
2.220
2.750
3.250
3.760
4.240
4.720
5.220
5.700
6.210
6.730
7.210
7.710
8.210
8.710
9.180
9.680
10.200
10.700
11.180
11.690
12.190
12.700
13.190
13.710
14.200
14.720
15.220
15.720
16.210
16.720
17.210
17.720
18.210
18.710
19.230
19.730
20.200
20.730
21.230
21.700
22.220
22.750
23.220
23.730
24.230
24.720
25.200
25.700
26.190
26.700
27.180
27.690
28.190
28.670
29.190
29.680
30.180
30.660
31.170
31.690
32.170
32.670
33.130
33.640
34.140
34.660
35.160
35.670
36.170
36.670
37.160
37.660
38.150
38.640
39.130
39.630
40.130
40.630
41.120
41.610
42.120
42.610
43.090
43.610
44.110
44.610
45.110
45.590
46.090
46.580
47.080
47.580
48.090
48.570
49.050
49.540
50.040
50.540
51.030
51.530
52.020
52.510
52.990
