0.110
0.570
1.040
1.490
1.940
2.420
2.890
3.390
3.900
4.400
4.920
5.420
5.910
6.400
6.870
7.400
7.890
8.370
8.900
9.400
9.890
10.400
10.870
11.380
11.890
12.360
12.890
13.370
13.870
14.380
14.850
15.360
15.830
16.320
16.820
17.320
17.810
18.310
18.820
19.290
19.810
20.300
20.790
21.310
21.810
22.310
22.780
23.270
23.750
24.240
24.740
25.240
25.730
26.200
26.700
27.180
27.660
28.160
28.630
29.140
29.630
30.110
30.620
31.090
31.560
32.050
32.550
33.040
33.520
34.030
34.490
35.010
35.470
35.960
36.440
36.940
37.420
37.880
38.370
38.880
39.350
39.860
40.320
40.830
41.310
41.810
42.290
42.750
43.230
43.720
