0.090
0.710
1.350
1.960
2.590
3.210
3.840
4.470
5.090
5.710
6.350
6.970
7.600
8.210
8.850
9.470
10.100
10.720
11.350
11.970
12.610
13.220
13.860
14.480
15.100
15.720
16.350
16.980
17.610
18.220
18.860
19.480
20.110
20.730
21.370
21.980
22.620
23.240
23.860
24.470
25.110
25.730
26.370
26.990
27.620
28.230
28.870
29.490
30.120
30.740
31.370
31.990
32.620
33.240
33.880
34.500
35.130
35.740
36.370
37.000
37.630
38.240
38.880
39.500
40.140
40.740
41.380
41.990
42.640
43.230
43.880
44.510
45.130
45.750
46.370
47.010
47.630
48.260
48.890
49.510
50.130
50.760
51.370
52.010
52.620
53.260
53.900
54.520
55.140
55.760
56.400
57.020
57.640
