0.110
0.830
1.580
2.330
3.030
3.760
4.510
5.250
5.990
6.720
7.500
8.250
9.000
9.720
10.460
11.210
11.940
12.650
13.400
14.150
14.880
15.620
16.350
17.100
17.870
18.600
19.330
20.110
20.850
21.580
22.320
23.060
23.790
24.530
25.280
26.000
26.750
27.480
28.230
29.000
29.750
30.520
31.300
32.140
32.960
33.740
34.490
35.280
36.140
36.930
37.770
38.540
39.280
40.030
40.810
41.600
42.330
43.070
43.800
44.540
45.290
46.100
46.870
47.650
48.430
49.160
49.910
50.670
51.430
52.190
52.940
53.670
54.430
55.190
55.920
