0.190
0.650
1.100
1.540
1.960
2.410
2.880
3.330
3.790
4.250
4.690
5.150
5.610
6.060
6.520
6.970
7.410
7.850
8.310
8.750
9.170
9.610
10.070
10.520
10.970
11.410
11.880
12.310
12.760
13.200
13.650
14.090
14.530
14.970
15.430
15.860
16.310
16.750
17.200
17.650
18.090
18.540
18.990
19.440
19.880
20.340
20.780
21.230
21.680
22.140
22.580
23.020
23.450
23.900
24.350
24.790
25.240
25.700
26.130
26.570
27.020
27.460
27.930
28.380
28.830
29.270
29.720
30.140
30.590
31.020
31.470
31.920
32.380
32.810
33.280
33.700
34.140
34.600
35.020
35.480
35.900
36.360
36.800
37.220
37.680
38.110
38.560
39.020
39.460
39.900
40.360
40.820
41.270
41.710
42.150
42.620
43.050
43.500
43.940
44.380
44.800
45.240
45.680
46.140
46.570
47.020
47.470
47.920
48.350
48.800
49.240
49.710
50.150
