0.000
0.490
0.990
1.490
1.990
2.490
2.990
3.490
3.990
4.490
4.990
5.490
5.980
6.480
6.980
7.480
7.980
8.480
8.980
9.480
9.980
10.480
10.970
11.480
11.980
12.480
12.970
13.480
13.980
14.480
14.970
15.470
15.970
16.470
16.970
17.470
17.970
18.470
18.970
19.470
19.970
20.470
20.970
21.470
21.970
22.470
22.970
23.470
23.970
24.470
24.970
25.470
25.970
26.470
26.970
27.470
27.970
28.470
28.960
29.470
29.970
30.470
30.970
31.470
31.970
32.470
32.960
33.470
33.970
34.470
34.970
35.470
35.960
36.470
36.970
37.470
37.970
38.470
38.960
39.470
39.970
40.470
40.970
41.470
41.960
42.470
42.960
43.470
43.960
44.460
44.950
45.460
45.960
46.470
46.960
47.460
47.960
48.460
48.960
49.460
49.960
50.460
50.960
51.460
51.960
52.460
52.960
