0.020
0.470
0.920
1.380
1.840
2.290
2.750
3.200
3.650
4.110
4.570
5.020
5.490
5.950
6.400
6.850
7.310
7.770
8.230
8.700
9.150
9.600
10.060
10.510
10.980
11.420
11.890
12.340
12.800
13.260
13.720
14.170
14.620
15.070
15.530
15.990
16.450
16.910
17.370
17.830
18.280
18.750
19.200
19.670
20.130
20.580
21.040
21.480
21.940
22.400
22.860
23.320
23.780
24.230
24.690
25.140
25.600
26.070
26.530
26.990
27.450
27.920
28.380
28.840
29.300
29.770
30.240
30.700
31.150
31.610
32.090
32.540
33.010
33.460
33.930
34.380
34.860
35.320
35.790
36.230
36.690
37.150
37.620
38.070
38.540
39.020
39.480
39.930
40.380
40.860
41.330
41.800
42.260
42.730
43.200
43.660
44.130
44.590
