0.220
0.780
1.310
1.890
2.420
2.970
3.540
4.080
4.630
5.170
5.710
6.260
6.800
7.330
7.860
8.410
8.960
9.490
10.040
10.580
11.110
11.690
12.250
12.800
13.350
13.890
14.470
15.000
15.560
16.110
16.660
17.220
17.770
18.350
18.920
19.480
20.050
20.630
21.190
21.760
22.340
22.890
23.470
24.030
24.590
25.160
25.740
26.300
26.870
27.450
28.000
28.570
29.140
29.700
30.280
30.840
31.400
31.980
32.550
33.130
33.690
34.280
34.840
35.410
35.980
36.550
37.120
37.700
38.260
38.840
39.420
40.000
40.570
41.150
41.710
42.270
42.840
43.420
43.970
44.550
45.110
45.690
46.280
46.850
47.420
47.990
48.550
49.110
49.680
50.250
50.820
51.380
51.940
52.510
53.100
53.660
54.230
54.810
55.360
55.940
56.500
57.060
57.650
58.200
58.770
59.340
