0.270
1.060
1.830
2.590
3.360
4.120
4.930
5.660
6.460
7.210
8.010
8.740
9.540
10.330
11.110
11.900
12.660
13.460
14.230
15.030
15.810
16.650
17.410
18.190
18.960
19.750
20.510
21.280
22.070
22.900
23.740
24.580
25.450
26.240
27.130
27.960
28.730
29.510
30.310
31.090
31.890
32.680
33.450
34.190
34.960
35.750
36.520
37.270
38.060
38.800
39.570
40.380
41.130
41.880
42.680
43.480
44.240
45.040
45.830
46.630
47.440
48.210
48.960
49.680
50.420
51.200
51.920
52.670
53.380
54.160
54.880
55.620
56.320
57.070
57.770
58.480
59.270
60.040
60.770
61.550
62.280
63.050
63.830
64.570
65.340
66.120
66.810
67.580
68.290
69.010
69.750
70.520
71.250
72.040
