0.220
0.580
0.960
1.340
1.730
2.100
2.510
2.890
3.280
3.670
4.040
4.420
4.800
5.180
5.560
5.940
6.320
6.700
7.080
7.460
7.830
8.200
8.570
8.950
9.320
9.710
10.090
10.470
10.830
11.200
11.580
11.950
12.330
12.710
13.080
13.440
13.830
14.190
14.570
14.960
15.320
15.700
16.070
16.440
16.810
17.180
17.550
17.940
18.310
18.680
19.070
19.430
19.810
20.170
20.560
20.930
21.310
21.690
22.060
22.440
22.810
23.180
23.550
23.930
24.310
24.690
25.060
25.430
25.800
26.170
26.550
26.930
27.300
27.680
28.050
28.420
28.800
29.180
29.540
29.930
30.290
30.650
31.030
31.410
31.780
32.150
32.500
32.870
33.250
33.620
33.980
34.360
34.720
35.100
35.460
35.830
36.200
36.580
36.930
37.300
37.660
38.030
38.380
38.750
39.120
39.500
39.860
40.220
40.600
40.970
41.310
41.690
42.060
42.430
42.790
43.170
43.520
43.900
44.240
44.630
44.980
45.360
45.730
46.100
46.460
