0.440
0.970
1.480
2.020
2.550
3.050
3.560
4.100
4.600
5.140
5.670
6.190
6.670
7.200
7.690
8.200
8.690
9.180
9.680
10.200
10.690
11.210
11.710
12.240
12.790
13.340
13.850
14.370
14.870
15.390
15.900
16.420
16.930
17.450
17.960
18.450
18.980
19.500
20.040
20.540
21.070
21.580
22.090
22.610
23.120
23.640
24.160
24.690
25.190
25.710
26.240
26.780
27.300
27.840
28.390
28.930
29.420
29.940
30.460
30.940
31.470
32.000
32.520
33.050
33.570
34.100
34.620
35.130
35.660
36.170
36.700
37.210
37.750
38.270
38.790
39.300
39.830
40.340
40.850
41.380
41.920
42.430
42.960
43.460
43.980
44.490
45.030
45.540
46.070
46.560
47.090
47.610
48.160
48.700
49.200
49.720
50.250
50.760
51.290
51.820
52.350
52.860
53.400
53.930
54.440
54.990
55.500
56.020
56.520
57.050
57.570
58.070
58.580
59.090
