0.070
0.510
0.950
1.370
1.800
2.230
2.640
3.050
3.470
3.920
4.360
4.800
5.240
5.670
6.120
6.560
6.990
7.430
7.860
8.280
8.710
9.150
9.580
10.020
10.440
10.890
11.310
11.740
12.160
12.600
13.020
13.450
13.890
14.320
14.750
15.200
15.620
16.070
16.510
16.940
17.370
17.800
18.220
18.650
19.090
19.510
19.950
20.400
20.820
21.260
21.710
22.130
22.560
23.000
23.420
23.860
24.290
24.730
25.180
25.620
26.040
26.480
26.930
27.360
27.800
28.230
28.670
29.100
29.540
29.980
30.430
30.880
31.310
31.750
32.200
32.630
33.080
33.510
33.930
34.380
34.800
35.250
35.690
36.140
36.560
37.000
37.450
37.870
38.310
38.740
39.200
39.630
40.060
40.500
40.930
41.360
41.800
42.230
42.680
43.110
43.530
43.960
44.400
44.830
45.260
45.700
46.130
46.580
47.010
47.450
47.880
48.310
48.740
49.160
49.590
50.030
50.480
50.910
51.350
51.780
52.210
52.650
53.090
53.520
53.940
54.360
54.790
55.220
55.650
56.110
56.530
56.980
57.390
57.830
58.270
58.700
59.140
59.580
60.000
60.440
60.850
61.290
61.730
62.170
62.590
63.030
63.420
