0.260
0.820
1.410
1.990
2.590
3.240
3.850
4.390
4.970
5.510
6.060
6.640
7.200
7.770
8.320
8.890
9.450
10.000
10.550
11.110
11.670
12.230
12.790
13.350
13.900
14.460
15.020
15.570
16.130
16.670
17.220
17.780
18.330
18.890
19.440
20.010
20.560
21.120
21.680
22.230
22.780
23.330
23.890
24.440
25.010
25.560
26.110
26.670
27.220
27.770
28.330
28.870
29.430
29.990
30.550
31.100
31.630
32.180
32.740
33.280
33.810
34.360
34.920
35.460
36.000
36.560
37.100
37.630
38.190
38.720
39.270
39.800
40.340
40.910
41.460
42.000
42.520
43.060
43.630
44.180
44.730
45.280
45.820
46.360
46.880
47.430
47.990
48.540
49.080
49.630
50.180
50.710
51.280
51.840
52.430
52.980
53.500
54.050
54.580
55.140
55.730
56.290
56.810
57.380
57.940
58.490
59.050
59.590
60.150
60.710
61.250
61.820
