1.010
2.100
3.080
4.000
5.000
5.930
6.900
7.920
8.830
9.740
10.730
11.660
12.600
13.560
14.520
15.430
16.390
17.280
18.120
18.960
19.620
20.280
20.940
21.600
22.280
22.930
23.560
24.230
24.910
25.640
26.320
26.930
27.580
28.230
28.850
29.540
30.180
30.820
31.470
32.150
32.760
33.440
34.080
34.710
35.400
36.040
36.700
37.320
38.000
38.610
39.270
39.920
40.610
41.260
41.940
42.670
43.360
44.020
44.910
45.800
46.780
47.690
48.550
49.400
50.280
51.120
51.920
52.600
53.270
53.980
54.650
55.310
56.020
56.710
57.400
58.080
58.730
59.390
