0.270
0.810
1.350
1.900
2.440
2.980
3.520
4.070
4.620
5.160
5.710
6.260
6.800
7.340
7.890
8.440
8.980
9.530
10.070
10.610
11.160
11.710
12.250
12.800
13.340
13.890
14.430
14.980
15.520
16.060
16.600
17.140
17.690
18.230
18.780
19.320
19.850
20.400
20.940
21.490
22.020
22.570
23.120
23.660
24.200
24.740
25.290
25.830
26.360
26.890
27.430
27.950
28.490
29.030
29.560
30.100
30.630
31.170
31.710
32.240
32.780
33.320
33.850
34.390
34.920
35.450
35.990
36.510
37.040
37.570
38.110
38.660
39.180
39.720
40.270
40.810
41.340
41.880
42.420
42.950
43.490
44.020
44.560
45.090
45.620
46.150
46.680
47.210
47.730
48.260
48.820
49.360
49.880
50.430
50.960
51.510
52.040
52.580
53.110
53.650
54.180
54.730
55.250
55.800
56.330
56.870
57.400
57.950
58.490
59.030
59.570
60.110
60.640
61.180
61.700
