0.330
0.770
1.210
1.630
2.070
2.500
2.910
3.360
3.780
4.180
4.610
5.030
5.450
5.880
6.280
6.700
7.110
7.520
7.930
8.350
8.770
9.210
9.620
10.060
10.480
10.910
11.360
11.780
12.200
12.650
13.060
13.490
13.920
14.350
14.780
15.200
15.630
16.050
16.460
16.890
17.310
17.720
18.130
18.550
18.950
19.360
19.770
20.190
20.590
21.010
21.420
21.870
22.300
22.750
23.180
23.630
24.060
24.520
24.950
25.390
25.820
26.260
26.690
27.120
27.570
27.990
28.410
28.850
29.280
29.720
30.140
30.570
31.010
31.460
31.880
32.320
32.740
33.170
33.610
34.040
34.480
34.910
35.350
35.780
36.240
36.690
37.140
37.590
38.030
38.500
38.940
39.420
39.880
40.340
40.780
41.260
41.690
42.150
42.590
43.050
43.500
43.940
44.380
44.830
45.260
45.710
46.140
46.590
47.040
47.470
47.920
48.370
48.810
49.270
49.700
50.150
50.600
51.070
51.510
51.980
52.430
52.880
53.350
53.780
54.230
54.700
55.150
55.600
56.030
56.490
56.940
