0.350
0.800
1.220
1.680
2.130
2.580
3.030
3.480
3.920
4.370
4.810
5.260
5.710
6.160
6.610
7.060
7.500
7.950
8.400
8.840
9.280
9.740
10.180
10.630
11.090
11.540
11.990
12.440
12.880
13.330
13.780
14.230
14.670
15.120
15.550
16.010
16.460
16.920
17.350
17.800
18.240
18.690
19.130
19.570
20.020
20.470
20.920
21.370
21.820
22.280
22.700
23.170
23.610
24.050
24.500
24.960
25.400
25.870
26.320
26.770
27.220
27.670
28.100
28.560
29.010
29.440
29.900
30.350
30.800
31.250
31.690
32.140
32.580
33.030
33.470
33.920
34.370
34.810
35.260
35.710
36.140
36.580
37.050
37.500
37.940
38.400
38.830
39.300
39.740
40.190
40.630
41.090
41.530
41.990
42.430
42.880
43.320
43.780
44.220
44.680
45.120
45.560
46.010
46.460
46.900
47.360
47.800
48.250
48.700
49.140
49.590
50.040
50.480
50.930
51.390
51.830
52.290
52.740
53.180
53.620
54.070
54.520
54.980
55.430
55.860
56.320
56.780
57.220
57.650
58.090
58.530
58.980
59.440
59.900
