0.500
1.170
1.820
2.480
3.120
3.780
4.430
5.090
5.730
6.390
7.040
7.700
8.340
9.000
9.650
10.300
10.950
11.610
12.270
12.920
13.560
14.220
14.880
15.530
16.170
16.830
17.480
18.140
18.790
19.440
20.100
20.750
21.390
22.050
22.710
23.360
24.010
24.660
25.310
25.970
26.610
27.270
27.910
28.580
29.220
29.880
30.540
31.190
31.840
32.490
33.140
33.800
34.450
35.100
35.760
36.410
37.050
37.710
38.360
39.020
39.660
40.320
40.970
41.630
42.280
42.930
43.590
44.240
44.870
45.540
46.190
46.850
47.490
48.150
