0.140
0.610
1.070
1.540
2.000
2.470
2.940
3.400
3.870
4.330
4.800
5.260
5.730
6.190
6.650
7.120
7.590
8.050
8.520
8.980
9.450
9.910
10.380
10.840
11.320
11.780
12.240
12.710
13.170
13.640
14.100
14.570
15.030
15.490
15.960
16.430
16.900
17.360
17.830
18.290
18.750
19.220
19.690
20.150
20.620
21.080
21.550
22.010
22.480
22.940
23.410
23.870
24.340
24.800
25.270
25.730
26.200
26.670
27.130
27.590
28.060
28.530
28.990
29.460
29.920
30.390
30.850
31.320
31.790
32.250
32.720
33.180
33.650
34.110
34.580
35.040
35.510
35.970
36.440
36.900
37.370
37.830
38.300
38.760
39.230
39.700
40.160
40.620
41.090
41.550
42.020
42.490
42.950
43.420
43.880
44.350
44.810
45.280
45.750
46.210
46.680
47.130
47.590
48.070
48.530
49.000
49.470
49.930
50.400
50.860
51.330
51.790
52.260
52.730
53.190
53.650
54.110
54.580
55.050
55.510
55.980
56.450
56.910
57.380
57.850
58.310
58.770
59.240
59.700
60.170
60.640
61.100
