0.430
1.000
1.550
2.120
2.660
3.230
3.780
4.350
4.920
5.470
6.040
6.580
7.150
7.710
8.280
8.840
9.400
9.980
10.540
11.090
11.640
12.200
12.740
13.300
13.860
14.410
14.980
15.540
16.090
16.630
17.190
17.750
18.320
18.880
19.420
19.970
20.510
21.060
21.610
22.160
22.730
23.260
23.830
24.380
24.940
25.480
26.050
26.610
27.180
27.730
28.290
28.860
29.420
29.990
30.550
31.120
31.660
32.210
32.780
33.330
33.860
34.420
34.980
35.550
36.100
36.800
37.460
38.040
38.610
39.160
39.710
40.280
40.830
41.400
41.940
42.500
43.050
43.600
44.160
44.710
45.260
45.830
46.360
46.930
47.490
48.040
48.580
49.130
49.680
50.240
50.780
51.340
51.880
52.440
52.990
53.540
54.090
54.650
55.210
55.760
