0.230
0.680
1.150
1.610
2.070
2.540
2.990
3.460
3.910
4.380
4.840
5.310
5.760
6.230
6.690
7.150
7.610
8.070
8.530
9.000
9.460
9.920
10.380
10.850
11.300
11.750
12.230
12.690
13.150
13.610
14.070
14.540
14.990
15.450
15.920
16.380
16.840
17.310
17.760
18.230
18.690
19.160
19.610
20.080
20.530
21.000
21.460
21.930
22.380
22.840
23.310
23.760
24.230
24.690
25.150
25.610
26.070
26.530
26.990
27.460
27.920
28.380
28.840
29.300
29.770
30.230
30.690
31.150
31.610
32.070
32.540
33.000
33.460
33.920
34.380
34.840
35.300
35.760
36.230
36.690
37.150
37.610
38.070
38.530
39.000
39.460
39.920
40.380
40.840
41.300
41.760
42.230
42.690
43.150
43.610
44.070
44.540
45.000
45.460
45.920
46.380
46.840
47.300
47.770
48.230
48.690
49.150
49.610
50.080
50.540
51.000
51.460
51.920
52.380
52.840
53.320
53.770
54.240
54.690
55.160
55.610
56.080
56.540
57.010
57.460
57.920
58.380
58.850
59.310
