0.070
0.910
1.790
2.650
3.510
4.380
5.220
6.040
6.860
7.630
8.440
9.250
10.070
10.850
11.590
12.410
13.240
14.030
14.850
15.670
16.540
17.370
18.220
19.030
19.830
20.650
21.470
22.270
23.060
23.860
24.670
25.520
26.360
27.180
28.010
28.900
29.860
30.740
31.560
32.360
33.170
33.980
34.770
35.580
36.380
37.160
37.960
38.750
39.600
40.420
41.250
42.080
42.950
43.820
44.660
45.470
46.290
47.080
47.850
48.670
49.460
50.280
51.100
51.920
52.760
53.630
54.460
55.330
56.220
57.070
57.920
58.710
59.510
60.310
61.110
61.960
62.800
63.610
64.440
65.280
66.090
66.870
67.690
68.490
69.330
70.210
71.070
