0.080
0.490
0.890
1.280
1.710
2.110
2.500
2.900
3.320
3.730
4.140
4.550
4.970
5.370
5.750
6.150
6.580
6.990
7.400
7.810
8.200
8.630
9.040
9.430
9.850
10.270
10.690
11.100
11.530
11.950
12.380
12.790
13.200
13.600
14.020
14.410
14.830
15.250
15.690
16.090
16.490
16.910
17.310
17.730
18.130
18.550
18.970
19.380
19.790
20.180
20.590
21.000
21.420
21.820
22.260
22.670
23.080
23.500
23.920
24.320
24.720
25.160
25.580
26.000
26.400
26.820
27.230
27.630
28.040
28.480
28.900
29.300
29.730
30.150
30.570
31.000
31.400
31.830
32.250
32.680
33.150
33.650
34.130
34.540
34.980
35.390
35.810
36.230
36.670
37.070
37.510
37.940
38.380
38.810
39.250
39.680
40.130
40.550
40.980
41.430
41.860
42.280
42.710
43.130
43.570
43.990
44.430
44.850
45.300
45.710
46.150
46.580
47.000
47.440
47.860
48.290
48.720
49.120
49.500
49.900
50.270
50.670
51.070
51.490
51.900
52.330
52.750
53.150
53.590
54.000
54.420
54.830
55.250
55.680
56.100
56.510
56.930
57.370
