0.120
0.490
0.850
1.210
1.590
1.950
2.300
2.660
3.010
3.390
3.760
4.130
4.500
4.860
5.210
5.570
5.930
6.300
6.670
7.050
7.420
7.780
8.130
8.490
8.880
9.250
9.640
10.020
10.400
10.760
11.140
11.490
11.870
12.250
12.620
13.000
13.370
13.740
14.090
14.430
14.790
15.140
15.520
15.890
16.280
16.660
17.040
17.430
17.790
18.180
18.560
18.930
19.300
19.690
20.050
20.450
20.810
21.190
21.570
21.970
22.350
22.710
23.080
23.440
23.810
24.180
24.550
24.920
25.300
25.650
26.010
26.360
26.720
27.060
27.440
27.800
28.180
28.580
28.940
29.330
29.720
30.100
30.460
30.840
31.210
31.590
31.970
32.350
32.710
33.090
33.500
33.890
34.300
34.670
35.040
35.420
35.780
36.160
36.530
36.920
37.290
37.660
38.030
38.400
38.780
39.180
39.560
39.970
40.350
40.730
41.110
41.510
41.870
42.260
42.620
43.000
43.380
43.740
44.120
44.470
44.850
45.240
45.610
45.980
46.370
46.740
47.110
47.460
47.840
48.210
48.570
48.930
49.290
