0.190
0.810
1.440
2.080
2.700
3.320
3.960
4.580
5.200
5.830
6.450
7.070
7.690
8.330
8.950
9.570
10.190
10.820
11.450
12.050
12.690
13.320
13.950
14.560
15.190
15.810
16.450
17.060
17.690
18.310
18.950
19.560
20.190
20.810
21.440
22.060
22.690
23.310
23.940
24.560
25.190
25.810
26.440
27.060
27.690
28.320
28.950
29.560
30.190
30.810
31.440
32.060
32.690
33.320
33.940
34.560
35.190
35.810
36.440
37.060
37.690
38.310
38.950
39.560
40.190
40.810
41.450
42.060
42.690
43.310
43.940
44.560
45.190
45.810
46.440
47.060
47.690
48.310
48.950
49.560
50.190
50.810
51.440
52.070
52.690
53.320
53.950
54.550
55.190
55.810
56.440
57.060
57.690
58.310
58.930
59.560
60.190
60.810
61.440
62.060
62.690
