0.030
0.670
1.290
1.920
2.540
3.170
3.800
4.420
5.040
5.680
6.290
6.910
7.550
8.170
8.800
9.420
10.040
10.670
11.280
11.910
12.550
13.170
13.800
14.430
15.050
15.690
16.280
16.910
17.530
18.180
18.800
19.420
20.050
20.690
21.310
21.940
22.550
23.150
23.800
24.440
25.060
25.680
26.300
26.910
27.540
28.180
28.800
29.420
30.040
30.670
31.290
31.920
32.540
33.190
33.810
34.440
35.070
35.700
36.310
36.940
37.560
38.190
38.800
39.430
40.050
40.670
41.290
41.910
42.540
43.150
43.800
44.440
45.050
45.700
46.300
46.950
47.570
48.200
48.820
49.450
50.070
50.700
51.320
51.940
52.570
53.190
53.790
54.400
55.020
55.630
56.230
56.860
57.470
58.090
58.690
59.260
59.870
60.440
61.020
61.620
62.210
