0.290
1.060
1.880
2.650
3.350
4.100
4.820
5.540
6.260
6.970
7.690
8.390
9.070
9.800
10.550
11.260
11.990
12.720
13.450
14.150
14.850
15.560
16.300
17.000
17.740
18.460
19.160
19.860
20.560
21.270
21.970
22.670
23.390
24.090
24.800
25.570
26.300
27.000
27.760
28.480
29.210
29.930
30.640
31.340
32.050
32.750
33.490
34.200
34.880
35.560
36.260
37.020
37.770
38.540
39.260
39.970
40.690
41.370
42.100
42.810
43.560
44.250
44.990
45.690
46.400
47.150
47.860
48.580
49.320
50.050
50.780
51.520
52.240
52.960
