0.280
0.880
1.470
2.080
2.670
3.260
3.870
4.470
5.070
5.670
6.280
6.890
7.480
8.070
8.670
9.270
9.870
10.490
11.080
11.680
12.280
12.880
13.480
14.090
14.680
15.290
15.890
16.490
17.090
17.690
18.290
18.870
19.470
20.110
20.720
21.330
21.920
22.530
23.130
23.730
24.340
24.940
25.550
26.150
26.750
27.360
27.960
28.560
29.170
29.770
30.380
30.980
31.580
32.180
32.780
33.380
33.990
34.600
35.210
35.790
36.400
37.010
37.600
38.190
38.790
39.400
40.010
40.600
41.200
41.800
42.400
43.000
43.610
44.210
44.820
45.420
46.010
46.610
47.200
47.790
48.360
48.970
49.580
50.180
50.780
51.380
51.970
52.570
53.160
53.750
54.360
