0.100
0.540
0.980
1.420
1.860
2.300
2.740
3.180
3.620
4.060
4.500
4.950
5.390
5.830
6.270
6.710
7.150
7.590
8.030
8.470
8.910
9.350
9.790
10.230
10.670
11.110
11.550
12.000
12.440
12.880
13.320
13.760
14.200
14.640
15.080
15.530
15.970
16.410
16.850
17.290
17.730
18.170
18.610
19.050
19.490
19.930
20.370
20.820
21.260
21.700
22.140
22.580
23.020
23.460
23.900
24.350
24.780
25.220
25.670
26.110
26.550
26.990
27.430
27.870
28.310
28.750
29.190
29.640
30.080
30.520
30.960
31.400
31.840
32.280
32.720
