0.300
0.780
1.280
1.770
2.270
2.770
3.280
3.770
4.280
4.770
5.270
5.780
6.280
6.790
7.280
7.780
8.280
8.780
9.270
9.770
10.270
10.780
11.270
11.770
12.280
12.780
13.260
13.760
14.270
14.760
15.260
15.740
16.250
16.740
17.230
17.730
18.230
18.730
19.220
19.730
20.230
20.730
21.210
21.690
22.200
22.700
23.180
23.670
24.180
24.710
25.190
25.710
26.210
26.700
27.190
27.680
28.170
28.660
29.150
29.630
30.130
30.630
31.130
31.610
32.110
32.600
33.090
33.590
34.100
34.580
35.070
35.560
36.070
36.560
37.060
37.520
38.020
38.510
39.010
39.490
40.010
40.500
40.980
41.480
41.980
42.470
42.960
43.460
43.970
44.460
44.960
45.450
45.960
46.450
46.940
47.430
47.940
48.430
48.920
49.420
49.920
50.420
50.920
51.410
51.920
52.430
52.950
53.450
53.950
54.460
54.920
55.410
55.880
56.370
56.880
57.380
57.870
58.370
58.860
