0.320
0.810
1.300
1.790
2.270
2.740
3.220
3.710
4.200
4.670
5.160
5.640
6.130
6.610
7.110
7.590
8.080
8.580
9.040
9.520
10.010
10.490
10.980
11.470
11.950
12.440
12.930
13.400
13.890
14.370
14.850
15.340
15.820
16.310
16.780
17.260
17.760
18.240
18.720
19.210
19.690
20.170
20.650
21.120
21.600
22.100
22.590
23.080
23.570
24.060
24.540
25.020
25.510
25.990
26.470
26.940
27.450
27.940
28.410
28.910
29.390
29.880
30.360
30.840
31.330
31.820
32.300
32.790
33.270
33.750
34.230
34.720
35.210
35.690
36.170
36.660
37.130
37.620
38.090
38.570
39.050
39.540
40.030
40.520
41.000
41.480
41.960
42.450
42.950
43.420
43.920
44.400
44.880
45.360
45.850
46.340
46.810
47.290
47.780
48.260
48.750
49.230
49.720
50.200
50.680
51.170
51.650
