0.110
0.700
1.280
1.880
2.470
3.060
3.640
4.240
4.830
5.420
6.000
6.600
7.190
7.770
8.360
8.960
9.550
10.140
10.720
11.320
11.900
12.490
13.080
13.680
14.260
14.850
15.440
16.030
16.620
17.210
17.800
18.390
18.980
19.570
20.160
20.750
21.340
21.930
22.520
23.110
23.700
24.280
24.870
25.460
26.060
26.650
27.230
27.830
28.420
29.000
29.590
30.190
30.770
31.360
31.950
32.540
33.130
33.720
34.310
34.900
35.490
36.080
36.670
37.270
37.850
38.440
39.030
39.620
40.210
40.800
41.390
41.980
42.570
43.160
43.740
44.340
44.930
45.510
46.100
46.700
47.290
47.880
48.460
49.060
49.650
50.230
50.820
51.410
52.000
52.590
53.180
