0.110
0.470
0.830
1.210
1.590
1.980
2.350
2.740
3.110
3.500
3.880
4.260
4.640
5.010
5.390
5.770
6.160
6.540
6.910
7.290
7.680
8.060
8.420
8.830
9.210
9.590
9.960
10.350
10.740
11.100
11.480
11.870
12.260
12.620
13.000
13.390
13.770
14.130
14.520
14.900
15.300
15.670
16.050
16.440
16.840
17.210
17.600
18.000
18.400
18.770
19.150
19.540
19.920
20.290
20.680
21.050
21.440
21.810
22.200
22.580
22.960
23.350
23.720
24.090
24.500
24.870
25.250
25.640
26.030
26.410
26.800
27.190
27.560
27.940
28.320
28.700
29.100
29.480
29.860
30.260
30.650
31.040
31.420
31.810
32.200
32.590
32.960
33.340
33.710
34.090
34.440
34.800
35.150
35.520
35.890
36.270
36.660
37.020
37.410
37.780
38.160
38.520
38.900
39.280
39.650
40.020
40.410
40.780
41.160
41.520
41.910
42.290
42.670
43.040
43.430
43.800
44.190
44.550
44.940
45.310
45.690
46.060
46.440
46.810
47.200
47.580
47.970
48.340
48.720
49.090
49.470
49.850
50.240
50.620
51.000
51.370
51.750
52.130
52.510
52.890
53.270
53.640
54.020
54.390
