0.000
0.310
0.650
0.980
1.310
1.650
1.990
2.330
2.660
3.000
3.340
3.670
4.010
4.330
4.680
5.010
5.350
5.680
6.030
6.360
6.700
7.040
7.380
7.720
8.050
8.390
8.720
9.060
9.400
9.740
10.090
10.430
10.780
11.120
11.460
11.800
12.140
12.480
12.830
13.170
13.500
13.840
14.180
14.630
15.070
15.510
15.940
16.390
16.820
17.290
17.740
18.200
18.670
19.130
19.570
20.010
20.470
20.920
21.370
21.820
22.290
22.750
23.190
23.640
24.110
24.560
25.020
25.470
25.950
26.390
26.840
27.300
27.760
28.200
28.660
29.130
29.600
30.070
30.540
31.010
31.490
31.960
32.440
32.900
33.380
33.850
34.320
34.800
35.270
