0.590
1.290
1.990
2.690
3.380
4.070
4.750
5.450
6.130
6.810
7.490
8.180
8.900
9.650
10.450
11.150
11.850
12.560
13.250
13.940
14.630
15.330
16.020
16.720
17.400
18.090
18.790
19.480
20.180
20.870
21.550
22.250
22.930
23.610
24.300
24.990
25.720
26.500
27.230
27.920
28.620
29.310
30.000
30.700
31.400
32.080
32.780
33.470
34.180
34.910
35.650
36.370
37.050
37.740
38.430
39.110
39.790
40.480
41.160
41.850
42.540
43.230
43.930
44.620
45.310
46.000
46.690
47.380
48.080
48.750
49.420
50.110
50.840
51.610
52.320
53.020
53.710
54.400
55.070
