0.360
0.980
1.570
2.170
2.760
3.360
3.930
4.510
5.080
5.670
6.250
6.840
7.430
8.060
8.660
9.270
9.850
10.440
11.020
11.630
12.210
12.790
13.380
13.970
14.540
15.100
15.690
16.260
16.850
17.450
18.020
18.590
19.150
19.770
20.340
20.930
21.530
22.080
22.670
23.250
23.830
24.400
25.000
25.600
26.180
26.760
27.330
27.920
28.490
29.090
29.650
30.230
30.800
31.380
31.980
32.560
33.120
33.730
34.310
34.900
35.450
36.030
36.600
37.190
37.740
38.350
38.910
39.500
40.090
40.670
41.220
41.790
42.370
42.930
43.510
44.050
44.630
45.240
45.790
46.360
46.880
47.460
48.020
48.570
49.130
49.690
50.280
50.820
51.380
51.940
52.520
53.060
53.630
54.200
54.780
55.330
55.890
56.430
56.990
57.560
58.120
58.690
59.260
59.810
60.360
60.910
61.470
62.040
62.600
