0.020
0.390
0.760
1.130
1.480
1.850
2.210
2.580
2.940
3.310
3.690
4.050
4.420
4.770
5.140
5.500
5.860
6.230
6.590
6.950
7.320
7.680
8.050
8.440
8.780
9.150
9.510
9.880
10.250
10.600
10.970
11.330
11.690
12.060
12.430
12.780
13.150
13.520
13.880
14.270
14.610
14.980
15.340
15.710
16.070
16.430
16.800
17.160
17.530
17.900
18.280
18.630
18.980
19.350
19.720
20.090
20.450
20.810
21.190
21.550
21.900
22.270
22.630
23.000
23.360
23.730
24.110
24.460
24.820
25.180
25.550
25.920
26.280
26.650
27.030
27.380
27.740
28.100
28.470
28.830
29.200
29.570
29.950
30.300
30.650
31.020
31.390
31.760
32.120
32.480
