0.460
1.070
1.660
2.270
2.870
3.470
4.110
4.710
5.310
5.910
6.520
7.110
7.730
8.310
8.920
9.510
10.120
10.720
11.330
11.920
12.530
13.130
13.740
14.350
14.960
15.560
16.160
16.790
17.400
17.990
18.570
19.190
19.780
20.400
20.990
21.620
22.220
22.820
23.400
24.010
24.630
25.260
25.870
26.490
27.120
27.750
28.340
28.940
29.550
30.140
30.730
31.320
31.940
32.540
33.140
33.780
34.390
35.000
35.650
36.260
36.860
37.470
38.080
38.690
39.300
39.910
40.550
41.170
41.760
42.380
43.020
43.660
44.300
44.910
45.510
46.130
46.770
47.380
48.010
48.640
49.220
49.840
50.440
51.050
51.620
52.240
52.840
53.440
54.070
54.660
55.300
55.900
56.500
57.100
57.720
58.320
58.920
59.520
