0.430
0.900
1.390
1.870
2.350
2.830
3.320
3.800
4.280
4.760
5.250
5.730
6.210
6.690
7.180
7.660
8.140
8.620
9.110
9.580
10.070
10.550
11.040
11.520
12.000
12.480
12.960
13.440
13.930
14.410
14.890
15.370
15.860
16.340
16.820
17.300
17.790
18.270
18.750
19.230
19.710
20.200
20.680
21.160
21.640
22.120
22.600
23.090
23.570
24.050
24.540
25.010
25.500
25.980
26.460
26.950
27.430
27.910
28.390
28.870
29.360
29.840
30.320
30.810
31.290
31.770
32.250
32.730
33.210
33.690
34.170
34.660
35.150
35.620
36.110
36.590
37.070
37.550
38.040
38.510
39.000
39.480
39.960
40.450
40.930
41.410
41.890
42.380
42.860
43.340
43.830
44.300
44.790
45.270
45.750
46.240
46.720
47.200
47.680
48.160
48.650
49.130
49.620
50.100
50.580
51.060
51.540
52.020
52.500
52.980
53.470
53.950
54.440
54.920
55.400
55.880
56.360
56.840
57.330
57.810
58.300
58.770
59.250
59.740
60.220
60.700
61.190
61.670
62.150
62.630
63.110
