0.430
0.940
1.450
1.980
2.470
2.980
3.490
4.010
4.510
5.010
5.520
6.030
6.520
7.040
7.550
8.080
8.580
9.080
9.590
10.120
10.620
11.130
11.630
12.150
12.640
13.150
13.650
14.170
14.670
15.180
15.700
16.200
16.730
17.230
17.740
18.270
18.770
19.270
19.780
20.310
20.800
21.300
21.800
22.300
22.840
23.360
23.870
24.370
24.890
25.400
25.920
26.440
26.940
27.430
27.960
28.470
28.980
29.470
29.990
30.490
31.020
31.530
32.040
32.540
33.060
33.560
34.080
34.600
35.080
35.600
36.110
36.620
37.130
37.630
38.140
38.650
39.160
39.660
40.190
40.700
41.200
41.680
42.210
42.720
43.230
43.740
44.250
