0.090
0.710
1.340
1.970
2.560
3.190
3.820
4.420
5.050
5.690
6.300
6.920
7.550
8.160
8.750
9.360
9.980
10.630
11.250
11.850
12.490
13.080
13.730
14.320
14.940
15.590
16.210
16.830
17.430
18.040
18.670
19.290
19.900
20.530
21.150
21.810
22.440
23.040
23.700
24.310
24.900
25.490
26.100
26.700
27.290
27.910
28.500
29.080
29.700
30.280
30.900
31.530
32.130
32.730
33.310
33.910
34.510
35.120
35.750
36.390
37.010
37.600
38.390
39.110
39.890
40.680
41.430
42.270
43.090
43.910
44.680
45.560
46.480
47.350
48.300
49.160
50.040
50.860
51.610
52.430
53.210
53.980
54.800
55.530
56.270
57.040
