0.520
1.090
1.700
2.270
2.830
3.420
3.990
4.550
5.120
5.690
6.260
6.810
7.390
7.960
8.530
9.090
9.670
10.240
10.830
11.410
12.000
12.580
13.150
13.730
14.300
14.880
15.450
16.040
16.600
17.160
17.740
18.320
18.890
19.490
20.060
20.630
21.210
21.770
22.360
22.920
23.480
24.050
24.620
25.190
25.750
26.340
26.920
27.500
28.070
28.650
29.230
29.800
30.380
30.940
31.520
32.100
32.660
33.220
33.800
34.380
34.940
35.510
36.080
36.650
37.220
37.800
38.390
38.960
39.550
40.120
40.700
41.260
41.850
42.440
43.020
43.560
44.130
44.710
45.260
45.830
46.410
46.990
47.570
48.150
48.730
