0.020
0.480
0.940
1.410
1.860
2.330
2.790
3.270
3.730
4.200
4.660
5.140
5.590
6.050
6.520
6.990
7.450
7.920
8.380
8.860
9.320
9.780
10.250
10.710
11.170
11.640
12.100
12.580
13.030
13.510
13.970
14.440
14.900
15.360
15.820
16.300
16.760
17.220
17.690
18.160
18.610
19.090
19.550
20.020
20.480
20.930
21.410
21.880
22.340
22.810
23.260
23.740
24.180
24.660
25.130
25.600
26.060
26.530
26.990
27.460
27.920
28.400
28.850
29.320
29.770
30.250
30.700
31.180
31.640
32.110
32.570
33.040
33.500
33.980
34.430
34.900
35.350
35.830
36.300
36.760
37.220
37.690
38.150
38.620
39.080
39.550
40.010
40.480
40.950
41.410
41.870
42.340
42.800
43.270
43.740
44.200
44.660
45.130
45.590
46.060
46.530
47.000
47.460
47.920
48.380
48.850
49.310
49.790
50.240
50.720
51.180
