0.320
0.750
1.210
1.640
2.080
2.530
2.950
3.380
3.800
4.240
4.660
5.080
5.500
5.920
6.320
6.740
7.180
7.630
8.060
8.500
8.950
9.380
9.810
10.240
10.670
11.100
11.560
12.040
12.500
12.920
13.370
13.800
14.240
14.690
15.130
15.570
16.010
16.460
16.890
17.340
17.760
18.200
18.660
19.080
19.500
19.910
20.330
20.770
21.220
21.640
22.090
22.530
22.950
23.390
23.820
24.250
24.670
25.120
25.540
25.960
26.410
26.850
27.290
27.730
28.170
28.600
29.040
29.470
29.910
30.330
30.770
31.200
31.620
32.050
32.480
32.900
33.340
33.780
34.190
34.610
35.020
35.440
35.850
36.250
36.660
37.070
37.490
37.910
38.360
38.780
39.200
39.640
40.080
40.540
41.000
41.450
41.880
42.320
42.760
43.190
43.620
44.020
44.460
44.880
45.290
45.720
46.140
46.530
46.960
47.370
47.780
48.210
48.630
49.060
49.470
49.880
50.320
50.720
51.150
51.570
52.000
52.410
52.820
