0.120
0.440
0.740
1.050
1.370
1.680
1.980
2.280
2.570
2.880
3.170
3.470
3.780
4.080
4.370
4.680
4.990
5.300
5.610
5.910
6.220
6.520
6.820
7.130
7.430
7.730
8.030
8.350
8.660
8.960
9.270
9.580
9.870
10.170
10.470
10.770
11.070
11.380
11.670
11.980
12.280
12.580
12.890
13.210
13.510
13.830
14.130
14.430
14.740
15.050
15.350
15.670
15.970
16.260
16.560
16.880
17.180
17.500
17.800
18.100
18.400
18.710
19.000
19.310
19.610
19.910
20.220
20.530
20.830
21.130
21.440
21.740
22.050
22.360
22.660
22.970
23.290
23.590
23.900
24.210
24.500
24.820
25.120
25.430
25.740
26.040
26.330
26.640
26.950
27.250
27.570
27.860
28.160
28.470
28.770
29.070
29.390
29.690
30.000
30.310
30.630
30.930
31.240
31.540
31.830
32.140
32.460
32.760
33.060
33.370
33.660
33.970
34.280
34.580
34.900
35.200
35.510
35.820
36.130
36.440
36.750
37.070
37.370
37.680
37.990
38.280
38.590
38.900
39.200
39.510
39.820
40.120
40.430
40.730
41.040
41.340
41.660
41.960
42.280
42.590
42.880
43.190
43.500
43.800
44.110
44.420
44.730
45.030
45.340
45.640
45.940
46.250
46.560
46.860
47.180
47.480
47.800
48.100
48.400
48.710
49.010
49.310
49.620
49.930
50.230
50.550
50.860
51.160
51.470
51.780
52.080
52.390
52.700
53.000
53.320
53.630
53.930
54.250
54.560
54.850
55.160
55.470
55.770
56.080
56.400
56.690
57.000
57.310
57.610
57.930
58.240
58.540
58.850
59.160
59.460
59.770
60.060
