0.180
0.650
1.120
1.590
2.100
2.580
3.060
3.540
4.020
4.490
4.970
5.460
5.930
6.420
6.900
7.370
7.850
8.330
8.790
9.270
9.780
10.260
10.750
11.220
11.690
12.170
12.640
13.130
13.590
14.060
14.540
15.010
15.490
15.960
16.450
16.940
17.430
17.920
18.380
18.870
19.350
19.830
20.300
20.770
21.250
21.730
22.220
22.700
23.160
23.640
24.130
24.610
25.070
25.550
26.010
26.500
26.970
27.440
27.920
28.390
28.870
29.340
29.820
30.290
30.760
31.250
31.720
32.180
32.640
33.110
33.580
34.060
34.520
34.990
35.480
35.950
36.430
36.890
37.360
37.810
38.270
38.740
39.220
39.700
40.160
40.620
41.100
41.570
42.050
42.530
43.000
43.480
43.950
44.430
44.910
45.380
45.850
46.320
46.810
47.290
47.760
48.260
48.710
49.190
49.670
50.140
50.610
51.090
51.570
52.050
52.530
52.990
