0.420
0.880
1.350
1.810
2.270
2.740
3.200
3.660
4.110
4.580
5.040
5.490
5.950
6.400
6.870
7.310
7.780
8.230
8.690
9.150
9.610
10.060
10.530
10.980
11.450
11.890
12.350
12.800
13.260
13.720
14.180
14.640
15.100
15.550
16.000
16.450
16.920
17.350
17.820
18.260
18.700
19.170
19.600
20.050
20.510
20.970
21.450
21.920
22.370
22.850
23.310
23.760
24.210
24.680
25.120
25.570
26.010
26.460
26.890
27.330
27.780
28.230
28.670
29.130
29.590
30.040
30.500
30.960
31.400
31.860
32.300
32.760
33.200
33.650
34.100
34.550
34.980
35.440
35.890
36.340
36.780
37.240
37.690
38.140
38.590
39.030
39.500
39.920
40.360
40.810
41.250
41.690
42.140
42.580
43.030
43.470
43.910
44.360
44.820
45.270
45.710
46.190
46.670
47.130
47.590
48.020
48.490
