0.060
0.580
1.090
1.610
2.110
2.630
3.130
3.660
4.160
4.690
5.190
5.710
6.220
6.740
7.240
7.760
8.260
8.780
9.280
9.800
10.310
10.830
11.330
11.840
12.350
12.880
13.380
13.900
14.400
14.920
15.430
15.950
16.460
16.970
17.480
17.990
18.500
19.020
19.520
20.040
20.540
21.060
21.560
22.080
22.580
23.100
23.620
24.120
24.630
25.140
25.640
26.150
26.670
27.180
27.680
28.190
28.700
29.200
29.720
30.240
30.750
31.280
31.800
32.310
32.840
33.350
33.860
34.380
34.900
35.420
35.930
36.470
36.980
37.510
38.020
38.550
39.070
39.600
40.100
40.620
41.120
41.650
42.160
42.690
43.200
43.720
44.220
44.740
45.260
45.780
46.300
46.830
47.350
47.860
48.380
48.920
49.430
