0.160
0.670
1.190
1.710
2.230
2.740
3.260
3.780
4.290
4.810
5.330
5.850
6.370
6.880
7.400
7.910
8.430
8.950
9.470
9.980
10.500
11.020
11.530
12.050
12.570
13.090
13.600
14.120
14.640
15.160
15.670
16.190
16.710
17.230
17.740
18.260
18.780
19.300
19.810
20.330
20.850
21.360
21.880
22.400
22.920
23.430
23.950
24.470
24.990
25.500
26.020
26.540
27.060
27.570
28.090
28.600
29.120
29.640
30.160
30.670
31.200
31.710
32.220
32.740
33.260
33.780
34.300
34.810
35.330
35.850
36.360
36.880
37.400
37.920
38.430
38.950
39.470
39.980
40.500
41.020
41.540
42.050
42.570
43.090
43.610
44.120
44.640
45.160
45.670
46.190
46.710
47.230
47.740
48.260
48.780
49.300
49.810
50.330
50.850
51.360
51.880
52.400
52.910
53.430
53.950
54.470
54.980
