0.290
0.910
1.500
2.070
2.660
3.210
3.790
4.350
4.920
5.450
6.020
6.530
7.100
7.620
8.160
8.690
9.260
9.800
10.340
10.880
11.400
11.970
12.530
13.050
13.600
14.170
14.710
15.220
15.740
16.290
16.800
17.340
17.860
18.400
18.970
19.490
20.050
20.610
21.180
21.740
22.290
22.810
23.380
23.940
24.470
25.010
25.560
26.120
26.650
27.190
27.750
28.280
28.850
29.370
29.930
30.470
31.040
31.590
32.160
32.710
33.270
33.820
34.380
34.920
35.480
36.030
36.590
37.130
37.690
38.220
38.800
39.320
39.880
40.420
40.970
41.520
42.080
42.620
43.180
43.730
44.270
44.810
45.340
45.890
46.420
46.960
47.540
48.080
48.620
49.150
49.690
50.220
50.780
51.330
51.880
52.420
52.960
53.500
54.070
54.590
55.150
55.680
56.240
56.760
57.320
57.830
58.380
58.920
59.480
60.000
60.560
