0.210
0.850
1.440
2.060
2.660
3.270
3.860
4.460
5.060
5.690
6.270
6.870
7.470
8.060
8.660
9.250
9.840
10.440
11.020
11.620
12.210
12.820
13.410
14.020
14.610
15.210
15.790
16.390
16.960
17.570
18.170
18.750
19.350
19.950
20.530
21.130
21.730
22.340
22.930
23.520
24.100
24.690
25.280
25.870
26.450
27.040
27.620
28.200
28.790
29.380
29.960
30.540
31.130
31.720
32.310
32.900
33.480
34.070
34.660
35.250
35.820
36.420
37.010
37.590
38.160
38.760
39.340
39.930
40.500
41.090
41.680
42.250
42.840
43.430
44.010
44.600
45.170
45.750
46.340
46.920
47.490
48.060
48.640
49.230
49.810
50.380
50.980
51.580
52.160
52.740
53.320
53.900
54.460
55.060
55.640
56.230
56.810
57.390
57.960
58.550
59.140
59.730
60.310
60.890
61.480
62.040
