0.160
0.720
1.290
1.820
2.340
2.870
3.390
3.950
4.470
5.000
5.510
6.060
6.580
7.130
7.690
8.220
8.750
9.280
9.820
10.380
10.900
11.420
11.970
12.520
13.080
13.630
14.160
14.680
15.200
15.740
16.260
16.800
17.320
17.890
18.400
18.940
19.480
20.040
20.580
21.110
21.640
22.200
22.740
23.270
23.780
24.340
24.870
25.390
25.920
26.480
27.050
27.630
28.200
28.750
29.310
29.860
30.440
30.950
31.480
32.010
32.560
33.080
33.610
34.130
34.690
35.190
35.740
36.260
36.770
37.290
37.800
38.330
38.880
39.400
39.940
40.450
40.980
41.510
42.010
42.520
43.050
43.570
44.120
44.650
45.190
45.720
46.280
46.800
47.290
47.820
48.340
48.860
49.410
49.940
50.480
51.000
51.500
52.010
52.550
53.070
53.600
54.090
