0.430
1.080
1.740
2.390
3.040
3.690
4.340
5.000
5.640
6.300
6.950
7.610
8.250
8.910
9.560
10.220
10.860
11.520
12.170
12.820
13.470
14.120
14.780
15.430
16.080
16.730
17.390
18.040
18.680
19.340
19.990
20.650
21.290
21.950
22.600
23.260
23.900
24.560
25.210
25.860
26.510
27.160
27.820
28.470
29.120
29.770
30.430
31.080
31.720
32.380
33.030
33.690
34.330
34.990
35.640
36.300
36.940
37.600
38.250
38.900
39.550
40.200
40.860
41.510
42.160
42.810
43.470
44.120
44.760
45.420
46.070
46.730
47.370
48.030
48.680
49.340
49.980
50.640
51.290
51.950
52.590
53.250
