0.440
1.180
1.920
2.620
3.370
4.100
4.850
5.550
6.270
7.010
7.750
8.450
9.160
9.890
10.610
11.330
12.070
12.770
13.540
14.260
14.920
15.570
16.250
16.970
17.710
18.440
19.130
19.860
20.580
21.310
22.090
22.830
23.600
24.290
24.900
25.570
26.240
26.870
27.590
28.330
29.010
29.760
30.500
31.250
32.010
32.730
33.450
34.180
34.890
35.620
36.410
37.170
37.950
38.710
39.510
40.280
41.020
41.770
42.540
43.300
44.040
44.760
45.520
46.220
46.980
47.740
48.500
49.240
50.000
50.730
51.450
52.200
52.980
53.710
54.440
