0.340
0.820
1.300
1.780
2.260
2.740
3.220
3.690
4.170
4.650
5.130
5.610
6.080
6.560
7.040
7.510
7.990
8.470
8.950
9.420
9.900
10.380
10.860
11.340
11.810
12.290
12.770
13.240
13.720
14.200
14.680
15.150
15.630
16.110
16.590
17.060
17.540
18.020
18.500
18.970
19.450
19.930
20.420
20.880
21.360
21.830
22.320
22.790
23.270
23.750
24.230
24.700
25.180
25.650
26.140
26.610
27.090
27.560
28.050
28.520
29.000
29.470
29.960
30.430
30.910
31.380
31.870
32.340
32.820
33.290
33.780
34.240
34.730
35.200
35.690
36.160
36.640
37.110
37.600
38.070
38.550
39.030
39.500
39.980
40.450
40.940
41.420
41.890
42.360
42.840
43.330
43.800
44.280
44.750
45.230
45.710
46.190
46.660
47.150
47.620
48.100
48.570
