0.540
1.150
1.740
2.350
2.970
3.560
4.180
4.800
5.270
5.740
6.200
6.680
7.130
7.620
8.070
8.560
9.020
9.520
10.020
10.500
10.990
11.450
11.930
12.440
12.930
13.390
13.880
14.400
14.930
15.440
15.950
16.430
16.930
17.440
17.950
18.430
18.960
19.480
19.970
20.480
21.020
21.510
22.030
22.550
23.100
23.620
24.110
24.620
25.150
25.640
26.150
26.630
27.150
27.640
28.120
28.650
29.150
29.640
30.130
30.620
31.130
31.650
32.130
32.660
33.150
33.670
34.180
34.710
35.380
36.030
36.730
37.450
38.340
39.220
40.030
40.930
41.780
42.660
43.470
44.340
45.160
46.030
46.780
