0.360
0.900
1.380
1.900
2.380
2.880
3.360
3.850
4.330
4.810
5.310
5.810
6.310
6.800
7.270
7.750
8.250
8.730
9.200
9.690
10.160
10.620
11.100
11.630
12.160
12.650
13.200
13.680
14.140
14.620
15.090
15.540
16.010
16.480
16.960
17.430
17.900
18.370
18.850
19.320
19.790
20.260
20.730
21.230
21.730
22.220
22.680
23.170
23.640
24.140
24.600
25.100
25.580
26.050
26.510
26.990
27.470
27.920
28.400
28.870
29.350
29.820
30.310
30.790
31.280
31.770
32.260
32.730
33.230
33.710
34.200
34.680
35.170
35.640
36.120
36.610
37.090
37.550
38.030
38.530
39.000
39.480
39.960
40.430
40.900
41.380
41.840
42.330
42.810
43.280
43.790
44.270
44.760
45.250
45.740
46.200
46.670
47.140
47.610
48.080
48.580
49.060
49.540
50.020
50.520
51.040
51.510
52.020
52.530
53.000
53.500
53.980
54.460
54.960
55.450
55.940
56.410
56.890
57.360
57.850
58.330
58.840
