0.340
0.880
1.410
1.950
2.490
3.030
3.560
4.110
4.640
5.180
5.720
6.260
6.800
7.340
7.860
8.410
8.930
9.480
10.020
10.540
11.080
11.620
12.150
12.690
13.220
13.760
14.290
14.810
15.350
15.880
16.420
16.950
17.480
18.020
18.530
19.070
19.600
20.130
20.680
21.220
21.760
22.300
22.840
23.370
23.910
24.450
24.990
25.520
26.050
26.590
27.110
27.650
28.180
28.710
29.250
29.780
30.330
30.860
31.400
31.930
32.480
33.010
33.550
34.090
34.620
35.150
35.670
36.210
36.760
37.290
37.820
38.360
38.910
39.430
39.980
40.510
41.070
41.590
42.130
42.660
43.200
43.720
44.280
44.790
45.330
45.870
46.390
46.940
47.470
48.010
48.530
49.070
49.610
50.130
50.670
51.210
51.720
52.270
52.790
53.300
53.830
54.380
54.930
