0.030
0.520
1.000
1.460
1.930
2.410
2.900
3.370
3.850
4.320
4.820
5.340
5.840
6.330
6.810
7.300
7.790
8.290
8.790
9.290
9.790
10.280
10.770
11.270
11.760
12.260
12.740
13.230
13.720
14.210
14.700
15.200
15.690
16.190
16.670
17.160
17.670
18.160
18.650
19.140
19.630
20.130
20.620
21.120
21.600
22.090
22.580
23.060
23.540
24.030
24.510
25.000
25.480
25.950
26.430
26.920
27.400
27.890
28.370
28.880
29.400
29.910
30.410
30.900
31.390
31.890
32.390
32.890
33.390
33.890
34.380
34.870
35.350
35.830
36.330
36.840
37.340
37.850
38.340
38.830
39.320
39.840
40.330
40.840
41.350
41.850
42.340
42.840
43.330
43.840
44.350
44.840
45.340
45.840
46.340
46.830
47.330
47.810
48.290
48.790
49.280
49.770
50.280
50.780
51.320
51.810
52.320
