0.390
0.870
1.360
1.830
2.320
2.830
3.300
3.790
4.300
4.790
5.270
5.750
6.240
6.720
7.200
7.670
8.150
8.640
9.160
9.650
10.130
10.600
11.070
11.560
12.050
12.510
13.010
13.480
13.990
14.470
14.950
15.430
15.910
16.380
16.860
17.320
17.810
18.310
18.790
19.270
19.760
20.240
20.730
21.220
21.710
22.190
22.650
23.130
23.620
24.110
24.590
25.080
25.590
26.060
26.550
27.060
27.520
27.980
28.460
28.910
29.360
29.820
30.280
30.750
31.220
31.670
32.130
32.580
33.040
33.510
33.980
34.420
34.900
35.360
35.810
36.260
36.730
37.180
37.630
38.070
38.540
38.970
39.430
39.890
40.320
40.770
41.230
41.700
42.160
42.600
43.080
43.520
43.980
44.460
44.920
45.380
45.820
46.260
46.730
47.180
47.630
48.060
48.520
48.980
49.460
49.920
50.380
50.840
51.280
51.760
52.200
52.660
53.110
53.560
54.010
54.480
54.910
55.370
55.810
56.270
56.710
