0.240
0.570
0.930
1.280
1.640
1.990
2.370
2.710
3.070
3.420
3.780
4.130
4.500
4.860
5.220
5.570
5.940
6.290
6.660
7.010
7.370
7.730
8.090
8.430
8.800
9.150
9.520
9.880
10.230
10.570
10.940
11.300
11.660
12.010
12.380
12.730
13.090
13.440
13.790
14.130
14.500
14.860
15.230
15.570
15.930
16.280
16.640
16.980
17.330
17.680
18.040
18.390
18.730
19.090
19.430
19.790
20.140
20.500
20.840
21.190
21.550
21.900
22.260
22.610
22.970
23.330
23.700
24.040
24.400
24.740
25.110
25.450
25.810
26.150
26.500
26.850
27.210
27.560
27.940
28.270
28.620
28.980
29.330
29.680
30.040
30.390
30.750
31.100
31.460
31.820
32.170
32.520
32.880
33.220
33.600
33.950
34.310
34.660
35.020
35.380
35.740
36.080
36.430
36.780
37.150
37.490
37.850
38.190
38.540
38.890
39.270
39.620
39.980
40.330
40.690
41.050
41.420
41.760
42.120
42.470
42.820
43.190
43.550
43.890
44.260
44.610
44.960
45.300
45.670
46.010
46.370
46.700
47.050
47.400
47.760
48.110
48.460
48.800
49.150
49.500
49.860
50.210
50.550
50.910
51.270
51.620
51.990
52.330
52.690
53.070
53.420
53.750
54.120
54.470
54.810
55.160
55.520
55.890
56.230
56.580
56.930
57.280
57.640
57.970
58.340
