0.380
0.940
1.470
2.040
2.660
3.230
3.810
4.400
4.960
5.540
6.140
6.740
7.320
7.920
8.480
9.030
9.600
10.160
10.710
11.260
11.820
12.370
12.980
13.570
14.160
14.740
15.210
15.690
16.170
16.650
17.110
17.570
18.020
18.470
18.910
19.380
19.820
20.260
20.700
21.150
21.600
22.020
22.480
22.920
23.350
23.800
24.220
24.670
25.110
25.540
25.970
26.420
26.850
27.260
27.710
28.140
28.590
29.030
29.440
29.890
30.340
30.760
31.210
31.660
32.100
32.530
32.970
33.420
33.850
34.270
34.710
35.160
35.590
36.030
36.480
36.930
37.340
37.790
38.200
38.660
39.100
39.530
39.960
40.410
40.850
41.280
41.710
42.150
42.580
43.030
43.490
43.940
44.390
44.820
45.250
45.700
46.150
46.600
47.030
47.470
47.890
48.330
48.760
49.210
49.650
50.090
50.500
50.930
51.360
51.810
52.230
52.660
53.090
53.530
53.960
54.380
54.820
55.250
55.670
56.110
56.540
56.950
57.380
57.810
