0.440
1.420
2.380
3.310
4.250
5.210
6.160
7.050
7.920
8.830
9.720
10.720
11.650
12.610
13.560
14.520
15.430
16.380
17.300
18.120
18.950
19.610
20.290
20.950
21.590
22.280
22.930
23.560
24.200
24.680
25.150
25.640
26.100
26.580
27.110
27.600
28.130
28.600
29.070
29.530
29.960
30.400
30.830
31.260
31.680
32.130
32.540
33.000
33.420
33.860
34.310
34.760
35.190
35.630
36.040
36.480
36.920
37.330
37.770
38.210
38.620
39.050
39.500
39.920
40.380
40.820
41.250
41.690
42.140
42.620
43.060
43.540
44.000
44.440
44.910
45.370
45.820
46.280
46.760
47.220
47.660
48.120
48.550
48.960
49.390
49.820
50.280
50.700
51.160
51.630
52.100
52.580
53.050
53.500
53.980
54.420
54.890
55.320
55.770
56.230
56.700
57.170
57.610
58.070
58.510
58.970
59.410
59.860
