0.240
0.710
1.160
1.630
2.070
2.520
2.950
3.390
3.830
4.290
4.730
5.200
5.650
6.070
6.460
6.890
7.300
7.710
8.100
8.510
8.930
9.360
9.770
10.200
10.640
11.040
11.480
11.900
12.320
12.720
13.160
13.590
14.010
14.430
14.860
15.300
15.740
16.160
16.590
17.010
17.450
17.870
18.290
18.700
19.140
19.560
20.000
20.420
20.870
21.320
21.760
22.160
22.590
23.000
23.430
23.860
24.280
24.680
25.100
25.530
25.950
26.400
26.840
27.280
27.710
28.140
28.560
28.960
29.390
29.810
30.230
30.670
31.110
31.540
31.970
32.390
32.790
33.230
33.650
34.060
34.500
34.910
35.340
35.770
36.220
36.650
37.080
37.500
37.940
38.350
38.780
39.220
39.630
40.050
40.480
40.900
41.320
41.770
42.200
42.610
43.060
43.470
43.900
44.350
44.760
45.190
45.640
46.070
46.530
46.970
47.400
47.810
48.240
48.650
49.100
49.520
49.950
50.380
50.800
51.240
51.700
52.130
52.580
53.020
53.440
53.870
54.290
54.690
55.100
55.520
55.950
56.410
56.850
57.280
57.680
58.110
58.520
58.940
59.390
59.810
60.240
60.670
61.100
61.520
61.940
