0.440
1.110
1.750
2.410
2.970
3.590
4.170
4.760
5.350
5.990
6.670
7.350
8.050
8.720
9.410
10.010
10.600
11.170
11.770
12.350
12.890
13.470
14.040
14.650
15.200
15.760
16.340
16.930
17.510
18.090
18.660
19.220
19.810
20.390
20.980
21.540
22.130
22.700
23.270
23.830
24.390
24.940
25.530
26.070
26.640
27.180
27.770
28.350
28.920
29.490
30.050
30.610
31.190
31.750
32.280
32.830
33.380
33.940
34.510
35.110
35.720
36.290
36.870
37.460
38.080
38.670
39.250
39.830
40.390
40.960
41.550
42.120
42.660
43.240
43.820
44.380
44.980
45.570
46.150
46.750
47.270
47.790
48.320
48.840
49.430
49.990
50.560
51.150
51.710
52.270
52.840
53.420
53.990
54.540
55.140
55.710
56.260
56.840
57.390
57.940
58.500
59.080
59.610
60.200
60.730
61.300
61.860
62.440
62.980
63.530
64.110
