0.190
0.650
1.090
1.540
1.960
2.420
2.880
3.330
3.790
4.250
4.690
5.150
5.600
6.070
6.520
6.970
7.410
7.860
8.310
8.750
9.170
9.610
10.070
10.520
10.960
11.410
11.880
12.320
12.760
13.200
13.650
14.090
14.530
14.970
15.420
15.860
16.310
16.750
17.190
17.660
18.090
18.550
18.990
19.440
19.880
20.330
20.780
21.220
21.680
22.140
22.590
23.030
23.450
23.900
24.350
24.790
25.240
25.700
26.140
26.570
27.020
27.460
27.910
28.380
28.830
29.260
29.720
30.150
30.590
31.020
31.470
31.920
32.370
32.810
33.270
33.700
34.160
34.590
35.030
35.480
35.900
36.360
36.800
37.220
37.680
38.120
38.560
39.020
39.470
39.900
40.360
40.820
41.270
41.700
42.150
42.620
43.050
43.500
43.940
44.370
44.800
45.240
45.690
46.140
46.570
47.020
47.470
47.920
48.350
48.790
49.240
49.710
50.140
