0.760
1.610
2.400
3.220
4.040
4.800
5.670
6.480
7.320
8.180
9.000
9.780
10.560
11.290
12.050
12.820
13.590
14.350
15.160
16.000
16.910
17.760
18.540
19.320
20.120
21.020
21.890
22.730
23.570
24.460
25.320
26.110
26.980
27.780
28.600
29.470
30.310
31.130
32.010
32.800
33.660
34.490
35.370
36.200
37.050
37.930
38.780
39.590
40.470
41.340
42.190
43.080
43.880
44.720
45.540
46.360
47.230
48.050
48.910
49.760
50.590
51.410
52.250
53.050
53.900
54.700
55.550
56.390
57.170
58.030
58.880
59.700
60.450
61.260
62.040
62.820
63.650
