0.020
0.470
0.920
1.380
1.840
2.300
2.750
3.200
3.650
4.110
4.570
5.030
5.490
5.950
6.400
6.850
7.310
7.770
8.220
8.700
9.150
9.600
10.060
10.510
10.980
11.420
11.890
12.340
12.800
13.260
13.720
14.170
14.620
15.070
15.530
15.990
16.450
16.910
17.370
17.830
18.280
18.750
19.210
19.670
20.130
20.580
21.040
21.480
21.950
22.390
22.870
23.320
23.790
24.230
24.690
25.140
25.600
26.070
26.530
26.990
27.450
27.920
28.380
28.840
29.300
29.770
30.240
30.690
31.150
31.610
32.090
32.540
33.010
33.470
33.920
34.390
34.860
35.320
35.780
36.230
36.690
37.160
37.620
38.070
38.550
39.020
39.470
39.930
40.390
40.860
41.330
41.800
42.260
42.730
43.200
43.660
44.130
44.590
