0.180
0.710
1.200
1.730
2.270
2.770
3.290
3.820
4.320
4.850
5.340
5.840
6.370
6.880
7.390
7.920
8.410
8.940
9.450
10.010
10.540
11.060
11.570
12.110
12.630
13.140
13.630
14.150
14.660
15.170
15.660
16.170
16.690
17.200
17.720
18.240
18.750
19.220
19.750
20.250
20.740
21.230
21.750
22.250
22.710
23.200
23.700
24.220
24.720
25.230
25.730
26.260
26.760
27.260
27.770
28.300
28.790
29.290
29.810
30.300
30.820
31.320
31.830
32.340
32.850
33.350
33.840
34.350
34.870
35.370
35.860
36.400
36.880
37.410
37.900
38.420
38.940
39.430
39.970
40.480
40.980
41.470
42.010
42.510
43.010
43.480
43.990
44.490
45.030
45.520
46.040
46.610
47.150
47.690
48.220
48.730
49.280
