0.190
0.780
1.350
1.930
2.510
3.090
3.660
4.250
4.840
5.450
6.010
6.570
7.160
7.720
8.260
8.850
9.410
10.010
10.570
11.150
11.700
12.210
12.770
13.330
13.920
14.520
15.090
15.690
16.270
16.850
17.430
18.000
18.600
19.180
19.770
20.340
20.950
21.530
22.120
22.700
23.280
23.890
24.500
25.090
25.690
26.280
26.850
27.430
28.050
28.650
29.220
29.810
30.380
30.960
31.530
32.100
32.710
33.300
33.870
34.450
35.050
35.640
36.220
36.820
37.390
37.990
38.570
39.150
39.730
40.300
40.860
41.430
42.040
42.600
43.180
43.760
44.350
44.930
45.480
46.060
46.640
47.260
