0.040
0.490
0.950
1.410
1.860
2.330
2.790
3.250
3.710
4.170
4.630
5.090
5.550
6.010
6.480
6.930
7.390
7.850
8.310
8.770
9.230
9.690
10.140
10.600
11.060
11.510
11.980
12.440
12.900
13.360
13.820
14.280
14.740
15.190
15.660
16.120
16.580
17.030
17.470
17.940
18.390
18.860
19.320
19.780
20.240
20.700
21.160
21.620
22.070
22.540
23.000
23.460
23.900
24.370
24.820
25.290
25.740
26.200
26.660
27.130
27.580
28.050
28.510
28.960
29.430
29.880
30.350
30.800
31.250
31.710
32.160
32.630
33.090
33.550
34.010
34.470
34.930
35.390
35.850
36.320
36.770
37.230
37.690
38.150
38.610
39.070
39.530
39.990
40.450
40.910
41.370
41.820
42.290
