0.000
0.600
1.210
1.790
2.380
2.990
3.590
4.180
4.780
5.400
6.010
6.600
7.210
7.810
8.420
9.000
9.600
10.200
10.810
11.410
12.000
12.610
13.220
13.800
14.390
14.990
15.600
16.180
16.780
17.400
18.020
18.610
19.230
19.820
20.400
21.000
21.590
22.180
22.790
23.370
23.970
24.580
25.180
25.770
26.370
26.970
27.570
28.170
28.770
29.370
29.970
30.540
31.130
31.720
32.330
32.910
33.510
34.090
34.690
35.270
35.880
36.490
37.070
37.670
38.270
38.870
39.470
40.050
40.630
41.240
41.840
42.420
43.020
43.630
44.220
44.810
45.410
46.010
46.610
47.190
47.780
48.390
48.990
49.580
50.180
50.780
51.390
51.970
52.550
53.150
53.750
54.320
54.910
55.490
56.110
56.680
57.270
57.870
58.470
59.050
