0.090
0.600
1.090
1.590
2.090
2.600
3.080
3.590
4.090
4.600
5.080
5.590
6.090
6.590
7.080
7.590
8.090
8.600
9.080
9.590
10.090
10.590
11.080
11.590
12.090
12.600
13.080
13.590
14.090
14.590
15.080
15.590
16.090
16.590
17.080
17.590
18.090
18.590
19.080
19.590
20.090
20.590
21.080
21.590
22.090
22.590
23.080
23.590
24.090
24.590
25.080
25.590
26.080
26.590
27.080
27.580
28.080
28.590
29.080
29.580
30.080
30.590
31.080
31.590
32.090
32.590
33.080
33.590
34.080
34.590
35.080
35.580
36.080
36.590
37.080
37.580
38.080
38.590
39.080
39.580
40.080
40.590
41.080
41.580
42.090
42.600
43.090
43.580
44.080
44.590
45.080
45.580
46.080
46.590
47.080
47.580
48.080
48.590
49.080
49.580
50.080
50.590
51.080
51.580
52.080
52.590
53.080
53.580
54.080
54.590
55.080
55.580
56.080
56.590
57.080
57.580
58.080
