0.400
0.870
1.370
1.860
2.380
2.880
3.360
3.850
4.360
4.920
5.470
6.010
6.480
6.990
7.460
7.960
8.440
8.900
9.390
9.900
10.400
10.870
11.350
11.850
12.340
12.820
13.290
13.790
14.290
14.770
15.270
15.770
16.250
16.730
17.190
17.690
18.170
18.630
19.120
19.610
20.090
20.600
21.080
21.580
22.080
22.550
23.030
23.480
23.960
24.440
24.900
25.380
25.900
26.400
26.880
27.350
27.850
28.310
28.810
29.300
29.790
30.270
30.770
31.230
31.720
32.190
32.650
33.070
33.470
33.890
34.360
34.840
35.310
35.760
36.230
36.710
37.180
37.680
38.140
38.600
39.070
39.550
40.010
40.490
40.950
41.440
41.890
42.370
42.820
43.280
43.730
44.210
44.710
45.170
45.670
46.130
46.610
47.080
47.540
48.040
48.520
49.010
49.550
50.080
50.580
51.090
51.560
52.050
52.520
53.000
53.470
53.950
54.410
54.880
55.360
55.820
56.280
56.750
57.230
57.690
58.170
58.690
59.160
59.660
60.140
60.610
61.060
61.540
