0.330
0.820
1.330
1.840
2.340
2.860
3.370
3.870
4.400
4.890
5.400
5.900
6.420
6.920
7.440
7.950
8.470
8.970
9.480
9.990
10.500
11.000
11.530
12.020
12.550
13.040
13.570
14.060
14.570
15.090
15.600
16.100
16.630
17.120
17.640
18.140
18.650
19.150
19.660
20.170
20.700
21.180
21.700
22.210
22.720
23.220
23.720
24.230
24.760
25.250
25.750
26.270
26.770
27.270
27.790
28.290
28.810
29.300
29.820
30.320
30.840
31.330
31.850
32.340
32.860
33.350
33.870
34.360
34.880
35.390
35.920
36.410
36.940
37.430
37.940
38.440
38.960
39.460
39.990
40.470
40.980
41.480
42.000
42.490
43.000
43.500
44.020
44.510
45.030
45.520
46.020
46.540
47.050
47.540
48.060
48.550
49.080
49.570
50.100
50.590
51.110
51.600
52.120
52.620
53.160
53.640
54.180
54.670
