0.280
0.740
1.200
1.660
2.130
2.570
3.010
3.470
3.930
4.390
4.830
5.300
5.750
6.210
6.670
7.140
7.600
8.060
8.530
8.980
9.450
9.910
10.360
10.800
11.260
11.720
12.170
12.620
13.070
13.520
13.990
14.450
14.910
15.370
15.820
16.270
16.710
17.180
17.630
18.100
18.560
19.020
19.480
19.920
20.360
20.820
21.270
21.720
22.190
22.640
23.100
23.540
23.990
24.440
24.890
25.340
25.810
26.260
26.720
27.170
27.630
28.080
28.540
29.000
29.440
29.900
30.360
30.820
31.280
31.710
32.170
32.620
33.090
33.550
34.000
34.440
34.910
35.360
35.810
36.280
36.720
37.170
37.630
38.090
38.530
38.980
39.430
39.870
40.340
40.790
41.240
41.690
42.140
42.590
43.050
43.490
43.950
44.400
44.850
45.300
45.740
46.190
46.640
47.090
47.550
48.000
48.450
48.900
49.340
49.780
50.240
50.690
51.150
51.590
52.040
52.490
52.930
53.380
53.810
54.280
54.730
55.200
55.650
56.100
56.560
57.010
57.470
57.920
58.370
58.830
59.270
59.730
60.170
