0.200
0.620
1.040
1.460
1.880
2.280
2.700
3.110
3.520
3.920
4.340
4.760
5.170
5.570
5.980
6.390
6.800
7.210
7.620
8.030
8.440
8.850
9.260
9.670
10.070
10.480
10.870
11.270
11.680
12.080
12.480
12.900
13.310
13.710
14.110
14.530
14.930
15.330
15.730
16.140
16.530
16.940
17.330
17.750
18.150
18.550
18.950
19.360
19.770
20.170
20.570
20.980
21.370
21.790
22.200
22.610
23.020
23.430
23.830
24.230
24.650
25.060
25.460
25.860
26.260
26.680
27.060
27.470
27.880
28.270
28.690
29.090
29.500
29.910
30.320
30.730
31.130
31.530
31.940
32.350
32.750
33.150
33.560
33.970
34.370
34.790
35.180
35.590
35.990
36.380
36.760
37.150
37.560
37.960
38.380
38.790
39.210
39.600
40.010
40.410
40.820
41.210
41.620
42.030
42.420
42.830
43.240
43.650
44.050
44.440
44.850
45.260
45.660
46.060
46.470
46.880
47.270
47.670
48.080
48.480
48.870
49.280
49.680
50.090
50.480
50.880
51.280
51.690
52.090
