0.290
0.970
1.700
2.380
3.040
3.740
4.480
5.140
5.880
6.560
7.270
7.940
8.680
9.380
10.040
10.720
11.390
12.100
12.780
13.440
14.090
14.770
15.460
16.100
16.770
17.470
18.150
18.870
19.550
20.260
20.920
21.610
22.260
22.940
23.590
24.240
24.890
25.600
26.240
26.900
27.680
28.400
29.180
29.970
30.790
31.590
32.390
33.110
33.790
34.460
35.060
35.630
36.210
36.820
37.420
38.040
38.670
39.320
39.960
40.590
41.210
41.810
42.420
43.040
43.670
44.300
45.000
45.730
46.440
47.170
47.820
48.450
49.080
49.730
50.330
50.990
51.600
52.240
52.850
53.480
54.140
54.860
55.540
56.210
56.870
57.530
58.140
58.790
59.420
60.040
60.660
