0.130
0.540
0.940
1.360
1.760
2.150
2.560
2.970
3.370
3.780
4.190
4.600
5.000
5.410
5.820
6.220
6.620
7.030
7.430
7.840
8.240
8.660
9.060
9.470
9.870
10.280
10.700
11.100
11.500
11.910
12.310
12.720
13.120
13.540
13.950
14.360
14.750
15.180
15.570
15.990
16.410
16.810
17.220
17.630
18.030
18.450
18.850
19.270
19.670
20.070
20.470
20.880
21.280
21.690
22.090
22.500
22.910
23.330
23.730
24.140
24.530
24.950
25.350
25.760
26.160
26.580
26.990
27.380
27.780
28.200
28.590
29.010
29.420
29.830
30.230
30.650
31.040
31.440
31.850
32.260
32.680
33.090
33.500
33.920
34.320
34.740
35.140
35.550
35.970
36.380
36.780
37.190
37.590
38.000
38.390
38.780
39.190
39.610
40.010
40.430
40.840
41.240
41.630
42.030
42.450
42.870
43.280
43.690
44.090
44.510
44.910
45.300
