0.080
0.830
1.580
2.330
3.030
3.760
4.510
5.250
6.000
6.730
7.500
8.260
9.010
9.730
10.460
11.210
11.940
12.640
13.400
14.150
14.870
15.620
16.350
17.100
17.870
18.600
19.340
20.110
20.850
21.580
22.320
23.070
23.790
24.530
25.280
26.010
26.760
27.480
28.240
28.990
29.760
30.520
31.300
32.130
32.960
33.740
34.500
35.280
36.130
36.960
37.770
38.540
39.280
40.030
40.810
41.590
42.330
43.090
43.800
44.550
45.290
46.100
46.870
47.650
48.430
49.160
49.910
50.670
51.440
52.190
52.940
53.670
54.460
55.190
55.920
