0.290
0.730
1.170
1.620
2.050
2.500
2.940
3.380
3.820
4.260
4.700
5.140
5.580
6.020
6.460
6.910
7.350
7.780
8.230
8.670
9.110
9.550
9.990
10.440
10.870
11.320
11.760
12.210
12.640
13.090
13.530
13.970
14.410
14.840
15.300
15.730
16.180
16.610
17.050
17.500
17.940
18.380
18.820
19.260
19.710
20.150
20.590
21.020
21.470
21.900
22.350
22.780
23.220
23.660
24.100
24.550
24.980
25.420
25.870
26.310
26.750
27.190
27.630
28.070
28.510
28.950
29.400
29.830
30.270
30.720
31.160
31.600
32.040
32.480
32.920
33.360
33.800
34.240
34.690
35.130
35.570
36.010
36.450
36.890
37.330
37.770
38.210
38.650
39.090
39.540
39.980
40.420
40.860
41.300
41.740
42.180
42.620
43.060
