0.020
0.730
1.450
2.160
2.870
3.590
4.310
5.020
5.730
6.450
7.160
7.880
8.590
9.310
10.020
10.740
11.450
12.160
12.880
13.590
14.300
15.020
15.730
16.450
17.160
17.880
18.580
19.310
20.020
20.740
21.450
22.170
22.870
23.590
24.300
25.020
25.730
26.450
27.160
27.880
28.590
29.310
30.020
30.730
31.440
32.160
32.880
33.590
34.300
35.020
35.730
36.450
37.160
37.870
38.590
39.300
40.010
40.730
41.440
42.160
42.900
43.600
44.300
45.020
45.730
46.450
47.160
47.880
48.590
49.300
50.010
50.730
51.440
52.160
52.860
53.590
54.300
55.020
55.730
56.450
57.160
57.880
58.590
59.300
60.010
60.730
61.440
62.160
62.870
63.590
64.290
65.020
65.730
