0.190
0.820
1.460
2.100
2.730
3.360
3.990
4.630
5.270
5.900
6.530
7.170
7.800
8.450
9.070
9.710
10.360
10.990
11.620
12.260
12.900
13.530
14.150
14.790
15.430
16.070
16.690
17.330
17.950
18.600
19.250
19.880
20.510
21.150
21.780
22.420
23.060
23.680
24.330
24.960
25.600
26.230
26.860
27.490
28.140
28.770
29.410
30.040
30.680
31.310
31.950
32.580
33.230
33.850
34.490
35.130
35.760
36.390
37.030
37.650
38.290
38.940
39.580
40.210
40.840
41.480
42.120
42.750
43.380
44.010
44.650
45.290
45.900
46.540
47.190
47.820
