0.110
0.600
1.100
1.600
2.110
2.600
3.100
3.610
4.100
4.610
5.100
5.600
6.100
6.610
7.100
7.610
8.100
8.610
9.100
9.610
10.110
10.610
11.110
11.610
12.100
12.610
13.110
13.600
14.100
14.610
15.110
15.610
16.100
16.610
17.100
17.600
18.090
18.570
19.090
19.580
20.100
20.610
21.100
21.610
22.110
22.610
23.100
23.600
24.100
24.600
25.100
25.610
26.100
26.610
27.100
27.610
28.110
28.610
29.110
29.600
30.110
30.610
31.110
31.610
32.100
32.600
33.110
33.610
34.100
34.600
35.100
35.600
36.100
36.600
37.100
37.610
38.110
38.600
39.100
39.600
40.100
40.610
41.100
41.610
42.100
42.600
43.110
43.600
44.110
44.610
45.100
45.600
46.100
46.600
47.100
47.600
48.100
48.600
49.100
49.600
50.100
50.600
51.100
51.610
52.110
52.610
53.100
53.600
54.100
54.600
55.100
55.600
56.100
56.610
57.100
57.610
58.100
58.610
