0.280
0.630
1.010
1.350
1.730
2.080
2.440
2.830
3.190
3.540
3.910
4.270
4.640
5.010
5.370
5.720
6.100
6.450
6.820
7.170
7.540
7.890
8.240
8.600
8.970
9.320
9.680
10.040
10.410
10.770
11.130
11.490
11.850
12.200
12.560
12.930
13.300
13.660
14.030
14.380
14.750
15.110
15.480
15.830
16.180
16.550
16.920
17.280
17.640
18.020
18.380
18.750
19.110
19.480
19.840
20.210
20.560
20.930
21.290
21.650
22.000
22.360
22.740
23.080
23.440
23.810
24.170
24.530
24.890
25.250
25.610
25.970
26.350
26.710
27.080
27.440
27.820
28.170
28.540
28.900
29.260
29.620
29.990
30.340
30.710
31.060
31.420
31.810
32.160
32.540
32.920
33.270
33.660
34.010
34.390
34.750
35.140
35.490
35.870
36.250
36.610
36.990
37.350
37.710
38.070
38.450
38.800
39.160
39.530
39.890
40.250
40.600
40.970
41.320
41.670
42.040
42.400
42.750
43.120
43.480
43.840
44.200
44.560
44.930
45.290
45.650
46.000
46.370
46.740
47.100
47.460
47.820
48.180
48.530
48.870
