0.050
0.530
1.000
1.500
1.970
2.460
2.930
3.420
3.890
4.380
4.850
5.340
5.810
6.300
6.770
7.260
7.740
8.220
8.690
9.190
9.660
10.150
10.620
11.100
11.580
12.070
12.530
13.020
13.500
13.980
14.460
14.950
15.420
15.910
16.380
16.870
17.340
17.830
18.300
18.790
19.260
19.750
20.220
20.710
21.180
21.670
22.150
22.630
23.110
23.590
24.070
24.560
25.030
25.510
25.990
26.480
26.960
27.440
27.910
28.400
28.870
29.360
29.830
30.320
30.800
31.280
31.750
32.240
32.720
33.200
33.680
34.160
34.640
35.130
35.600
36.080
36.560
37.050
37.520
38.010
38.490
38.970
39.450
39.930
40.400
40.890
41.370
41.850
42.330
42.820
43.300
43.770
44.250
44.730
45.220
45.700
46.180
46.650
47.140
47.620
48.090
48.570
49.050
49.540
50.020
50.500
50.980
51.460
51.930
52.420
52.900
53.390
53.860
