0.280
0.760
1.250
1.720
2.200
2.680
3.160
3.640
4.120
4.610
5.080
5.570
6.040
6.530
7.000
7.490
7.960
8.450
8.930
9.410
9.880
10.370
10.840
11.330
11.810
12.290
12.770
13.250
13.720
14.210
14.690
15.170
15.650
16.140
16.620
17.090
17.570
18.050
18.530
19.010
19.500
19.980
20.450
20.930
21.410
21.900
22.370
22.850
23.340
23.820
24.300
24.780
25.250
25.740
26.210
26.700
27.170
27.660
28.130
28.620
29.100
29.580
30.060
30.540
31.020
31.510
31.980
32.460
32.940
33.420
33.900
34.380
34.860
35.350
35.820
36.300
36.780
37.260
37.740
38.220
38.700
39.190
39.660
40.150
40.620
41.110
41.580
42.070
42.540
43.030
43.500
43.990
44.460
44.950
45.430
45.900
46.390
46.870
47.350
47.830
48.310
48.790
49.270
49.750
50.230
50.710
51.190
51.670
52.150
52.630
53.110
53.590
54.070
54.560
