0.390
1.040
1.670
2.310
2.950
3.550
4.160
4.800
5.460
6.110
6.750
7.430
8.040
8.690
9.340
9.940
10.570
11.210
11.870
12.520
13.130
13.760
14.360
14.980
15.600
16.280
16.910
17.560
18.130
18.740
19.360
19.920
20.540
21.110
21.760
22.370
23.010
23.660
24.280
24.880
25.480
26.090
26.710
27.370
27.990
28.610
29.210
29.790
30.370
30.960
31.590
32.190
32.800
33.410
34.000
34.600
35.210
35.840
36.450
37.100
37.720
38.310
38.950
39.580
40.170
40.800
41.420
42.060
42.700
43.300
43.960
44.540
45.150
45.770
46.390
47.040
47.650
48.260
48.900
49.460
50.010
50.610
51.230
51.890
52.510
53.140
53.750
54.360
54.980
55.640
56.270
56.890
57.490
58.070
58.700
59.280
59.850
60.410
61.020
61.680
62.290
62.930
63.550
64.160
64.730
65.330
65.960
66.600
67.220
67.840
68.440
