0.330
1.080
1.840
2.610
3.350
4.150
4.910
5.650
6.410
7.190
7.950
8.730
9.530
10.290
11.070
11.890
12.660
13.460
14.230
15.030
15.810
16.620
17.380
18.210
18.970
19.730
20.520
21.330
22.070
22.870
23.680
24.560
25.450
26.300
27.160
27.950
28.720
29.500
30.300
31.090
31.880
32.680
33.410
34.200
34.960
35.740
36.520
37.290
38.050
38.800
39.570
40.380
41.130
41.880
42.680
43.480
44.220
45.040
45.840
46.630
47.450
48.210
48.970
49.690
50.410
51.200
51.910
52.660
53.450
54.170
54.870
55.630
56.310
57.050
57.780
58.570
59.320
60.060
60.780
61.560
62.290
63.050
63.790
64.570
65.330
66.110
66.810
67.560
68.300
69.050
69.780
70.540
71.260
72.010
