0.260
0.930
1.650
2.370
3.050
3.680
4.340
5.040
5.750
6.460
7.150
7.850
8.530
9.220
9.910
10.610
11.300
11.960
12.650
13.320
14.010
14.660
15.340
16.020
16.710
17.390
18.060
18.730
19.410
20.120
20.790
21.510
22.180
22.920
23.680
24.430
25.190
25.910
26.670
27.430
28.120
28.800
29.500
30.230
30.940
31.640
32.330
33.060
33.780
34.490
35.220
35.960
36.650
37.360
38.100
38.860
39.610
40.340
41.100
41.790
42.510
43.190
43.880
44.600
45.350
46.070
46.830
47.550
48.270
48.970
49.650
50.340
51.040
51.740
52.470
53.180
53.880
54.580
55.280
55.970
56.670
57.360
58.040
