0.040
0.580
1.160
1.710
2.270
2.830
3.370
3.930
4.470
5.040
5.600
6.160
6.710
7.270
7.840
8.390
8.970
9.540
10.120
10.680
11.270
11.830
12.400
12.970
13.550
14.110
14.680
15.250
15.810
16.390
16.970
17.530
18.090
18.670
19.240
19.810
20.380
20.950
21.510
22.070
22.650
23.220
23.790
24.350
24.920
25.490
26.080
26.630
27.200
27.770
28.340
28.900
29.480
30.050
30.620
31.190
31.760
32.320
32.890
33.450
34.010
34.590
35.140
35.720
36.260
36.810
37.380
37.920
38.480
39.040
39.590
40.150
40.720
41.270
41.820
42.380
42.930
43.480
44.030
44.560
45.080
45.640
46.200
46.750
47.310
47.870
48.430
48.990
49.540
50.100
50.660
51.210
51.780
52.340
52.900
53.480
54.020
54.590
55.130
