0.000
0.510
1.020
1.530
2.050
2.550
3.080
3.570
4.090
4.590
5.120
5.620
6.130
6.640
7.160
7.660
8.180
8.680
9.190
9.690
10.200
10.690
11.190
11.690
12.220
12.710
13.240
13.740
14.260
14.770
15.290
15.800
16.320
16.840
17.360
17.870
18.380
18.910
19.420
19.920
20.460
20.960
21.490
22.000
22.520
23.030
23.560
24.060
24.610
25.130
25.620
26.150
26.690
27.210
27.690
28.220
28.740
29.250
29.770
30.270
30.790
31.290
31.830
32.340
32.860
33.370
33.890
34.400
34.910
35.420
35.940
36.460
36.980
37.490
38.010
38.520
39.040
39.550
40.070
40.570
41.090
41.590
42.110
42.620
43.140
43.650
44.170
44.680
45.200
45.700
46.210
46.710
47.250
47.760
48.290
