0.070
0.530
0.980
1.430
1.870
2.330
2.780
3.220
3.670
4.120
4.570
5.010
5.480
5.910
6.360
6.810
7.250
7.700
8.150
8.600
9.050
9.490
9.940
10.390
10.840
11.280
11.730
12.180
12.630
13.080
13.520
13.970
14.420
14.860
15.310
15.760
16.100
16.430
16.880
17.330
17.780
18.220
18.670
19.120
19.570
20.010
20.480
20.920
21.360
21.810
22.260
22.700
23.150
23.600
24.050
24.490
24.940
25.390
25.840
26.290
26.730
27.180
27.630
28.070
28.520
28.970
29.420
29.870
30.310
30.760
31.210
31.660
32.100
32.550
33.000
33.450
33.890
34.340
34.790
35.240
35.690
36.130
36.580
37.030
37.480
37.930
38.370
38.820
39.270
39.720
40.160
40.620
41.060
41.510
41.960
42.400
42.850
43.300
43.750
44.190
44.640
45.090
45.540
45.990
46.430
46.880
47.330
47.780
48.220
48.670
49.130
49.570
50.020
50.470
50.920
51.380
51.840
52.280
52.740
53.180
53.630
54.070
54.520
54.970
55.410
55.850
56.280
56.750
57.220
57.720
58.190
58.660
59.160
59.640
60.090
60.540
60.980
61.430
61.880
62.330
62.770
63.230
63.670
64.120
64.570
65.020
65.460
65.910
66.360
66.810
67.250
67.700
68.150
68.600
69.040
69.490
69.940
70.390
70.840
71.280
71.730
72.180
72.630
73.070
73.520
73.970
74.420
74.870
75.310
75.760
76.210
76.660
77.110
77.550
78.000
78.450
78.900
79.340
79.790
80.240
80.680
81.130
81.580
82.030
82.480
82.920
83.370
83.820
84.260
84.720
85.160
85.610
86.060
86.500
86.950
87.400
87.850
88.290
88.750
89.190
89.630
90.080
90.540
90.980
91.440
91.880
92.330
92.780
93.220
93.670
94.120
94.570
95.010
95.460
95.910
96.360
96.810
97.250
97.700
98.150
98.590
99.040
99.490
99.940
100.390
100.830
101.280
101.730
102.180
102.620
103.080
103.520
103.960
104.410
104.860
105.310
105.760
106.210
106.650
107.110
107.550
108.000
108.450
108.900
109.360
109.790
110.240
110.680
111.140
111.580
112.030
112.480
112.920
113.370
113.820
114.270
114.720
115.160
115.610
116.060
116.500
116.950
117.400
117.850
118.280
118.740
119.190
119.640
120.080
