0.280
0.970
1.680
2.390
3.100
3.800
4.500
5.210
5.920
6.620
7.330
8.040
8.750
9.450
10.150
10.860
11.570
12.270
12.980
13.680
14.390
15.090
15.800
16.510
17.210
17.920
18.620
19.330
20.040
20.740
21.440
22.160
22.860
23.560
24.270
24.980
25.680
26.390
27.100
27.800
28.510
29.210
29.920
30.620
31.330
32.030
32.740
33.450
34.150
34.860
35.560
36.270
36.980
37.680
38.390
39.100
39.800
40.510
41.210
41.920
42.620
43.330
44.020
44.740
45.400
46.010
46.690
47.370
48.090
48.830
49.630
50.380
51.090
51.790
52.510
53.210
53.910
54.620
55.310
56.000
56.740
57.440
58.160
58.860
59.570
60.270
60.980
61.680
62.390
63.090
63.800
64.510
65.220
65.920
66.620
67.330
68.040
68.740
69.450
70.150
70.860
71.560
72.270
72.980
73.690
74.390
75.090
75.800
76.510
77.210
77.920
78.630
79.330
80.030
80.740
81.450
82.150
82.860
83.560
84.270
84.980
85.680
86.390
87.090
87.810
88.500
89.210
89.920
90.630
91.330
92.030
92.740
93.450
94.150
94.860
95.570
96.280
96.980
97.680
98.390
99.100
99.800
100.500
101.210
101.890
102.610
103.310
103.930
104.560
105.170
105.800
106.510
107.210
107.900
108.690
109.470
110.210
111.020
111.790
112.510
113.210
113.920
114.630
115.330
116.040
116.740
117.450
118.150
118.860
119.560
