0.600
1.460
2.320
3.170
4.040
4.890
5.740
6.600
7.460
8.320
9.170
10.030
10.880
11.750
12.600
13.460
14.320
15.170
16.030
16.890
17.740
18.600
19.460
20.310
21.170
22.030
22.890
23.740
24.600
25.460
26.310
27.170
28.030
28.880
29.740
30.600
31.460
32.320
33.170
34.030
34.890
35.740
36.600
37.460
38.320
38.990
39.710
40.350
40.900
41.490
42.070
42.610
43.190
43.780
44.330
44.910
45.490
46.030
46.620
47.200
47.750
48.340
48.920
49.470
50.050
50.640
51.180
51.750
52.350
52.890
53.490
54.060
54.620
55.210
55.780
56.330
56.930
57.490
58.040
58.640
59.210
59.750
60.320
60.920
61.460
61.990
62.420
62.850
63.280
63.700
64.130
64.560
64.990
65.420
65.850
66.280
66.710
67.130
67.560
67.990
68.420
68.850
69.280
69.700
70.130
70.560
70.990
71.420
71.850
72.270
72.700
73.130
73.560
73.990
74.420
74.850
75.270
75.700
76.130
76.560
76.990
77.420
77.850
78.270
78.700
79.130
79.560
79.990
80.420
80.850
81.280
81.700
82.130
82.560
82.990
83.420
83.850
84.280
84.710
85.130
85.560
85.990
86.420
86.850
87.270
87.700
88.130
88.560
88.990
89.420
89.850
90.280
90.700
91.130
91.560
91.990
92.420
92.850
93.270
93.700
94.130
94.560
94.990
95.420
95.850
96.280
96.700
97.130
97.560
97.990
98.420
98.850
99.270
99.700
100.130
100.560
100.990
101.420
101.850
102.270
102.700
103.130
103.560
103.990
104.420
104.850
105.280
105.700
106.130
106.560
106.990
107.420
107.850
108.280
108.710
109.130
109.560
109.990
110.420
110.850
111.270
111.700
112.130
112.560
112.990
113.420
113.850
114.270
114.700
115.130
115.560
115.990
116.420
116.850
117.280
117.700
118.130
118.560
118.990
119.420
119.850
