0.190
0.670
1.140
1.620
2.090
2.570
3.050
3.520
4.000
4.480
4.950
5.430
5.900
6.380
6.850
7.330
7.810
8.280
8.760
9.240
9.710
10.190
10.660
11.140
11.620
12.100
12.570
13.050
13.520
14.000
14.480
14.950
15.430
15.910
16.380
16.850
17.330
17.810
18.280
18.760
19.240
19.710
20.190
20.670
21.140
21.620
22.090
22.570
23.050
23.520
24.000
24.480
24.950
25.420
25.900
26.380
26.860
27.330
27.810
28.280
28.760
29.240
29.710
30.190
30.670
31.140
31.620
32.090
32.570
33.050
33.520
34.000
34.480
34.950
35.430
35.900
36.380
36.850
37.330
37.810
38.280
38.760
39.240
39.710
40.190
40.660
41.140
41.620
42.090
42.570
43.050
43.520
44.000
44.470
44.950
45.420
45.900
46.380
46.850
47.330
47.800
48.280
48.760
49.230
49.710
50.190
50.660
51.140
51.620
52.090
52.570
53.040
53.520
54.000
54.470
54.950
55.420
55.900
56.370
56.850
57.330
57.800
58.280
58.760
59.230
59.710
60.190
60.660
61.140
61.620
62.100
62.570
63.050
63.520
64.000
64.360
64.710
65.070
65.430
65.790
66.140
66.510
66.850
67.210
67.570
68.050
68.520
69.000
69.480
69.950
70.430
70.900
71.380
71.850
72.330
72.810
73.280
73.760
74.240
74.710
75.190
75.660
76.140
76.620
77.090
77.570
78.040
78.520
79.000
79.470
79.950
80.430
80.900
81.380
81.850
82.330
82.810
83.280
83.760
84.240
84.710
85.190
85.670
86.140
86.620
87.090
87.570
88.050
88.520
89.000
89.470
89.950
90.430
90.900
91.380
91.850
92.330
92.810
93.280
93.760
94.240
94.710
95.190
95.670
96.140
96.620
97.090
97.570
98.050
98.520
99.000
99.470
99.950
100.430
100.900
101.380
101.860
102.330
102.810
103.280
103.760
104.240
104.710
105.190
105.670
106.140
106.620
107.090
107.570
108.050
108.520
109.000
109.470
109.950
110.430
110.900
111.380
111.860
112.330
112.810
113.280
113.760
114.240
114.710
115.190
115.670
116.140
116.620
117.100
117.570
118.050
118.520
119.000
119.470
119.950
