0.140
0.570
0.990
1.420
1.850
2.290
2.710
3.140
3.570
4.000
4.420
4.850
5.260
5.710
6.140
6.560
7.000
7.430
7.850
8.280
8.710
9.140
9.570
9.990
10.430
10.850
11.280
11.710
12.140
12.570
13.100
13.640
14.070
14.490
14.920
15.350
15.780
16.210
16.640
17.070
17.500
17.920
18.360
18.790
19.210
19.640
20.060
20.500
20.920
21.350
21.780
22.210
22.640
23.070
23.500
23.920
24.350
24.780
25.210
25.640
26.070
26.490
26.920
27.350
27.780
28.210
28.640
29.070
29.490
29.920
30.350
30.780
31.210
31.640
32.070
32.490
32.920
33.350
33.780
34.210
34.640
35.070
35.490
35.920
36.350
36.780
37.210
37.640
38.070
38.490
38.920
39.350
39.780
40.210
40.640
41.070
41.500
41.920
42.350
42.780
43.210
43.640
44.070
44.500
44.920
45.350
45.780
46.210
46.630
47.060
47.490
47.920
48.350
48.780
49.210
49.640
50.060
50.490
50.920
51.350
51.780
52.210
52.640
53.070
53.490
53.920
54.350
54.780
55.210
55.640
56.070
56.490
56.920
57.350
57.780
58.210
58.640
59.070
59.500
59.920
60.350
60.780
61.100
61.420
61.850
62.280
62.700
63.140
63.570
64.000
64.420
64.850
65.280
65.710
66.140
66.570
66.990
67.420
67.850
68.280
68.710
69.140
69.560
69.990
70.420
70.850
71.280
71.710
72.140
72.560
72.990
73.430
73.860
74.280
74.710
75.140
75.570
76.000
76.430
76.850
77.280
77.710
78.140
78.570
79.000
79.430
79.850
80.280
80.710
81.140
81.570
81.990
82.420
82.850
83.280
83.710
84.140
84.570
85.000
85.420
85.850
86.280
86.710
87.140
87.550
88.000
88.430
88.850
89.280
89.710
90.140
90.570
91.000
91.430
91.850
92.280
92.710
93.140
93.570
93.990
94.420
94.850
95.280
95.710
96.140
96.570
97.000
97.420
97.850
98.280
98.710
99.140
99.570
100.000
100.420
100.850
101.280
101.710
102.140
102.570
103.000
103.430
103.840
104.280
104.710
105.150
105.570
106.000
106.420
106.860
107.280
107.710
108.140
108.580
109.000
109.420
109.850
110.280
110.710
111.140
111.570
112.000
112.430
112.850
113.280
113.710
114.140
114.570
114.970
115.420
115.850
116.270
116.710
117.140
117.560
117.990
118.420
118.850
119.280
119.710
