0.450
0.920
1.390
1.860
2.320
2.790
3.260
3.730
4.210
4.680
5.150
5.620
6.080
6.550
7.020
7.490
7.950
8.420
8.890
9.360
9.830
10.290
10.760
11.230
11.700
12.170
12.640
13.100
13.580
14.040
14.510
14.980
15.450
15.920
16.390
16.860
17.330
17.790
18.260
18.730
19.200
19.670
20.140
20.610
21.080
21.540
22.010
22.480
22.950
23.420
23.890
24.360
24.830
25.300
25.760
26.230
26.700
27.170
27.640
28.110
28.580
29.050
29.510
29.980
30.450
30.920
31.390
31.860
32.330
32.800
33.270
33.740
34.200
34.670
35.140
35.610
36.080
36.550
37.010
37.490
37.950
38.420
38.890
39.360
39.820
40.290
40.760
41.230
41.700
42.170
42.640
43.110
43.570
44.040
44.510
44.980
45.450
45.920
46.390
46.860
47.330
47.790
48.260
48.730
49.200
49.670
50.140
50.610
51.070
51.540
52.010
52.480
52.950
53.420
53.890
54.360
54.820
55.290
55.760
56.230
56.700
57.170
57.640
58.110
58.570
59.040
59.510
59.980
60.450
60.920
61.390
61.860
62.320
62.790
63.260
63.730
64.200
64.670
65.140
65.610
66.080
66.540
67.010
67.480
67.950
68.420
68.890
69.360
69.830
70.290
70.760
71.230
71.700
72.170
72.640
73.110
73.570
74.040
74.510
74.980
75.450
75.920
76.390
76.850
77.320
77.790
78.260
78.730
79.200
79.670
80.140
80.600
81.070
81.540
82.010
82.490
82.940
83.420
83.890
84.360
84.820
85.290
85.770
86.230
86.690
87.170
87.640
88.110
88.570
89.040
89.520
89.980
90.450
90.920
91.390
91.860
92.320
92.790
93.260
93.740
94.200
94.670
95.140
95.610
96.070
96.540
97.020
97.480
97.950
98.420
98.890
99.360
99.820
100.290
100.760
101.230
101.700
102.170
102.640
103.110
103.570
104.040
104.510
104.980
105.450
105.920
106.390
106.860
107.320
107.790
108.260
108.730
109.200
109.670
110.140
110.610
111.070
111.540
112.010
112.480
112.950
113.420
113.890
114.360
114.820
115.290
115.760
116.230
116.700
117.170
117.640
118.110
118.580
119.040
119.510
119.990
