0.410
1.090
1.780
2.470
3.160
3.850
4.540
5.230
5.920
6.610
7.300
7.990
8.680
9.370
10.060
10.750
11.440
12.130
12.820
13.510
14.200
14.890
15.580
16.270
16.960
17.640
18.330
19.020
19.710
20.400
21.090
21.780
22.470
23.160
23.850
24.540
25.230
25.920
26.610
27.300
27.990
28.680
29.370
30.060
30.750
31.440
32.130
32.820
33.510
34.200
34.890
35.580
36.270
36.960
37.650
38.330
39.030
39.710
40.400
41.090
41.780
42.470
43.160
43.850
44.540
45.230
45.920
46.610
47.300
47.990
48.680
49.370
50.060
50.750
51.440
52.130
52.820
53.510
54.200
54.890
55.580
56.270
56.960
57.650
58.340
59.030
59.710
60.400
61.080
61.780
62.480
63.150
63.860
64.540
65.230
65.930
66.580
67.210
67.810
68.460
69.070
69.710
70.400
71.090
71.770
72.470
73.140
73.860
74.520
75.230
75.920
76.590
77.310
77.990
78.700
79.380
80.050
80.750
81.440
82.130
82.820
83.510
84.200
84.890
85.570
86.270
86.950
87.650
88.330
89.030
89.710
90.400
91.090
91.780
92.480
93.160
93.870
94.540
95.230
95.920
96.610
97.300
97.990
98.680
99.370
100.060
100.730
101.430
102.050
102.470
102.820
103.160
103.510
103.850
104.200
104.540
104.890
105.230
105.580
105.920
106.270
106.610
106.960
107.300
107.650
107.990
108.340
108.680
109.020
109.370
109.710
110.060
110.400
110.750
111.090
111.440
111.780
112.130
112.470
112.820
113.160
113.510
113.850
114.200
114.540
114.890
115.230
115.580
115.920
116.270
116.610
116.960
117.300
117.650
117.990
118.340
118.680
119.030
119.370
119.710
120.060
