0.300
0.990
1.670
2.360
3.040
3.730
4.420
5.100
5.790
6.470
7.160
7.840
8.530
9.220
9.900
10.590
11.270
11.960
12.640
13.330
14.020
14.700
15.390
16.070
16.760
17.440
18.130
18.820
19.500
20.190
20.870
21.560
22.240
22.930
23.610
24.300
24.990
25.670
26.360
27.050
27.730
28.420
29.110
29.790
30.470
31.160
31.840
32.530
33.210
33.900
34.590
35.270
35.960
36.640
37.330
38.020
38.700
39.390
40.080
40.760
41.440
42.130
42.820
43.500
44.190
44.870
45.560
46.240
46.930
47.610
48.300
48.990
49.670
50.360
51.040
51.730
52.420
53.100
53.790
54.470
55.160
55.840
56.530
57.220
57.900
58.590
59.270
59.960
60.640
61.330
62.020
62.700
63.390
64.070
64.760
65.440
66.130
66.810
67.500
68.190
68.870
69.560
70.240
70.930
71.620
72.300
72.990
73.670
74.360
75.040
75.730
76.410
77.100
77.790
78.470
79.160
79.840
80.530
81.210
81.900
82.550
83.260
83.960
84.640
85.330
86.010
86.700
87.390
88.070
88.760
89.440
90.130
90.810
91.500
92.190
92.870
93.560
94.240
94.930
95.620
96.300
96.990
97.670
98.360
99.040
99.730
100.410
101.100
101.790
102.470
103.160
103.840
104.530
105.220
105.900
106.590
107.270
107.960
108.640
109.330
110.020
110.700
111.390
112.070
112.760
113.440
114.130
114.820
115.500
116.190
116.870
117.560
118.240
118.930
119.610
