0.230
0.580
0.920
1.260
1.610
1.960
2.300
2.640
2.990
3.340
3.680
4.020
4.370
4.710
5.050
5.400
5.740
6.090
6.430
6.780
7.120
7.470
7.810
8.160
8.500
8.850
9.190
9.540
9.880
10.230
10.570
10.920
11.260
11.610
11.950
12.300
12.640
12.990
13.330
13.680
14.020
14.360
14.710
15.060
15.430
15.780
16.110
16.470
16.830
17.280
17.830
18.490
19.210
19.890
20.580
21.280
21.960
22.640
23.340
24.030
24.710
25.400
26.100
26.780
27.470
28.160
28.850
29.540
30.230
30.920
31.610
32.300
32.990
33.680
34.370
35.060
35.750
36.440
37.130
37.830
38.510
39.200
39.820
40.240
40.580
40.920
41.270
41.610
41.950
42.310
42.650
42.990
43.330
43.680
44.030
44.370
44.710
45.060
45.400
45.750
46.090
46.440
46.790
47.130
47.470
47.820
48.160
48.510
48.850
49.200
49.540
49.880
50.230
50.580
50.920
51.260
51.610
51.960
52.300
52.650
52.990
53.330
53.680
54.020
54.370
54.710
55.060
55.400
55.740
56.090
56.440
56.780
57.130
57.470
57.820
58.160
58.500
58.850
59.190
59.540
59.890
60.230
60.570
60.920
61.260
61.610
61.950
62.300
62.640
62.990
63.330
63.680
64.020
64.370
64.710
65.060
65.400
65.750
66.090
66.440
66.780
67.120
67.470
67.820
68.160
68.500
68.850
69.190
69.540
69.880
70.230
70.570
70.920
71.260
71.610
71.950
72.300
72.640
72.990
73.330
73.680
74.020
74.370
74.710
75.060
75.400
75.750
76.090
76.440
76.780
77.120
77.470
77.810
78.160
78.500
78.850
79.200
79.540
79.880
80.230
80.570
80.920
81.260
81.610
81.960
82.300
82.640
82.990
83.330
83.680
84.020
84.370
84.710
85.060
85.400
85.740
86.090
86.430
86.780
87.120
87.470
87.820
88.160
88.500
88.850
89.190
89.540
89.880
90.230
90.570
90.920
91.260
91.610
91.950
92.300
92.640
92.990
93.330
93.680
94.020
94.370
94.710
95.060
95.400
95.750
96.090
96.430
96.780
97.120
97.470
97.820
98.160
98.510
98.850
99.190
99.540
99.880
100.230
100.570
100.920
101.270
101.610
101.950
102.300
102.640
102.990
103.330
103.680
104.020
104.370
104.710
105.060
105.400
105.750
106.090
106.430
106.780
107.120
107.470
107.820
108.160
108.500
108.850
109.190
109.540
109.880
110.230
110.570
110.920
111.260
111.610
111.950
112.300
112.640
112.990
113.330
113.680
114.020
114.370
114.710
115.060
115.400
115.750
116.090
116.430
116.780
117.130
117.470
117.820
118.160
118.500
118.850
119.190
119.540
119.880
