0.080
0.430
0.770
1.110
1.460
1.800
2.140
2.490
2.830
3.170
3.510
3.860
4.200
4.540
4.880
5.230
5.570
5.920
6.260
6.600
6.940
7.280
7.630
7.970
8.310
8.650
9.000
9.340
9.690
10.030
10.370
10.710
11.060
11.400
11.740
12.080
12.430
12.760
13.110
13.460
13.800
14.140
14.490
14.840
15.170
15.500
15.860
16.200
16.540
16.890
17.230
17.570
17.910
18.250
18.600
18.940
19.280
19.630
19.970
20.310
20.660
21.000
21.340
21.680
22.030
22.360
22.710
23.060
23.400
23.740
24.080
24.430
24.770
25.110
25.450
25.800
26.140
26.480
26.830
27.170
27.510
27.860
28.200
28.540
28.890
29.230
29.570
29.910
30.260
30.600
30.940
31.290
31.630
31.970
32.310
32.660
33.000
33.330
33.680
34.020
34.370
34.710
35.050
35.400
35.740
36.070
36.420
36.760
37.110
37.450
37.800
38.140
38.480
38.820
39.170
39.510
39.860
40.200
40.540
40.890
41.230
41.570
41.910
42.260
42.600
42.940
43.280
43.630
43.970
44.310
44.660
45.000
45.340
45.680
46.030
46.370
46.710
47.050
47.400
47.740
48.090
48.430
48.770
49.110
49.460
49.800
50.140
50.490
50.830
51.170
51.510
51.860
52.200
52.540
52.880
53.230
53.570
53.910
54.260
54.600
54.940
55.290
55.630
55.970
56.310
56.650
57.000
57.340
57.690
58.010
58.360
58.700
59.050
59.390
59.740
60.080
60.430
60.770
61.110
61.460
61.800
62.140
62.480
62.830
63.170
63.510
63.850
64.200
64.540
64.880
65.230
65.570
65.910
66.260
66.600
66.940
67.290
67.630
67.970
68.310
68.660
69.000
69.340
69.680
70.030
70.370
70.710
71.060
71.400
71.740
72.080
72.430
72.770
73.110
73.450
73.800
74.140
74.480
74.830
75.170
75.510
75.860
76.200
76.540
76.890
77.230
77.570
77.910
78.260
78.600
78.940
79.280
79.620
79.950
80.310
80.650
80.990
81.330
81.680
82.030
82.370
82.720
83.060
83.400
83.740
84.080
84.430
84.770
85.120
85.450
85.800
86.140
86.490
86.830
87.170
87.510
87.860
88.200
88.540
88.880
89.230
89.570
89.910
90.260
90.600
90.940
91.280
91.630
91.970
92.310
92.660
93.000
93.340
93.690
94.030
94.370
94.710
95.050
95.400
95.740
96.080
96.430
96.770
97.120
97.460
97.800
98.140
98.490
98.830
99.160
99.510
99.860
100.200
100.540
100.880
101.230
101.570
101.900
102.260
102.590
102.940
103.280
103.620
103.970
104.310
104.660
105.000
105.340
105.690
106.030
106.370
106.720
107.060
107.390
107.740
108.090
108.430
108.770
109.110
109.460
109.800
110.140
110.480
110.830
111.170
111.510
111.860
112.200
112.540
112.880
113.230
113.570
113.910
114.250
114.600
114.940
115.290
115.630
115.970
116.310
116.660
117.000
117.340
117.690
118.030
118.370
118.710
119.050
119.400
119.740
120.060
