0.580
1.300
2.020
2.730
3.410
4.070
4.730
5.350
6.010
6.620
7.260
7.960
8.670
9.370
10.100
10.820
11.520
12.270
12.960
13.670
14.390
15.090
15.810
16.530
17.240
17.960
18.670
19.460
20.340
21.290
22.240
23.210
24.150
25.080
26.070
27.010
27.960
28.910
29.850
30.820
31.780
32.720
33.670
34.610
35.580
36.530
37.480
38.440
39.380
40.350
41.290
42.250
43.200
44.140
45.100
46.050
47.000
47.950
48.670
49.380
50.100
50.810
51.530
52.240
52.950
53.660
54.380
55.090
55.820
56.530
57.240
57.960
58.670
59.380
60.100
60.810
61.520
62.240
62.950
63.680
64.380
65.100
65.810
66.530
67.240
67.950
68.670
69.370
70.060
70.810
71.530
72.240
72.960
73.670
74.380
75.100
75.810
76.530
77.240
77.960
78.670
79.380
80.100
80.810
81.530
82.240
82.960
83.670
84.380
85.100
85.810
86.530
87.240
87.960
88.670
89.380
90.100
90.810
91.530
92.240
92.950
93.670
94.380
95.100
95.810
96.570
97.270
97.970
98.680
99.370
100.050
100.780
101.480
102.320
103.260
104.160
105.130
106.060
107.010
107.960
108.940
109.860
110.840
111.760
112.760
113.720
114.670
115.620
116.550
117.480
118.450
119.410
