0.070
0.420
0.760
1.110
1.460
1.800
2.140
2.490
2.850
3.200
3.540
3.890
4.220
4.560
4.910
5.260
5.620
5.960
6.310
6.660
7.010
7.360
7.690
8.040
8.390
8.730
9.090
9.440
9.780
10.120
10.470
10.810
11.170
11.510
11.860
12.210
12.560
12.900
13.250
13.590
13.940
14.290
14.630
14.980
15.320
15.660
16.010
16.360
16.710
17.060
17.410
17.750
18.110
18.450
18.790
19.140
19.490
19.840
20.190
20.530
20.870
21.210
21.570
21.910
22.270
22.610
22.960
23.310
23.660
24.020
24.350
24.690
25.060
25.400
25.750
26.090
26.440
26.780
27.130
27.480
27.820
28.170
28.520
28.860
29.210
29.550
29.900
30.250
30.590
30.940
31.290
31.630
31.960
32.270
32.570
32.880
33.190
33.540
33.890
34.230
34.580
34.920
35.270
35.620
35.960
36.310
36.660
37.010
37.350
37.700
38.050
38.390
38.740
39.090
39.440
39.780
40.130
40.480
40.820
41.170
41.520
41.860
42.210
42.560
42.900
43.250
43.600
43.930
44.290
44.640
44.970
45.330
45.680
46.040
46.540
47.060
47.580
48.100
48.790
49.490
50.180
50.870
51.570
52.260
52.950
53.650
54.340
55.030
55.730
56.420
57.110
57.810
58.570
59.370
60.060
60.760
61.450
62.140
62.840
63.530
64.230
64.920
65.610
66.310
67.000
67.770
68.560
69.280
69.950
70.650
71.340
72.050
72.730
73.420
74.100
74.810
75.490
76.190
76.890
77.600
78.280
78.960
79.660
80.350
81.040
81.730
82.440
83.150
83.830
84.520
85.200
85.900
86.600
87.300
87.990
88.700
89.370
90.070
90.760
91.460
92.150
92.840
93.540
94.230
94.930
95.600
96.310
97.010
97.700
98.390
99.090
99.780
100.470
101.150
101.860
102.550
103.250
103.950
104.640
105.330
106.020
106.710
107.410
108.100
108.800
109.490
110.190
110.880
111.570
112.250
112.950
113.650
114.350
115.040
115.740
116.430
117.120
117.810
118.510
119.200
119.900
