0.220
0.560
0.910
1.250
1.590
1.930
2.280
2.620
2.960
3.300
3.650
3.990
4.330
4.680
5.020
5.360
5.710
6.050
6.390
6.740
7.080
7.420
7.760
8.110
8.450
8.790
9.130
9.480
9.820
10.160
10.510
10.850
11.190
11.540
11.880
12.220
12.560
12.910
13.250
13.590
13.930
14.280
14.620
14.960
15.300
15.650
15.990
16.340
16.680
17.020
17.360
17.710
18.050
18.390
18.730
19.080
19.420
19.760
20.110
20.450
20.790
21.130
21.480
21.820
22.160
22.500
22.850
23.190
23.530
23.870
24.220
24.560
24.900
25.250
25.590
25.940
26.280
26.620
26.960
27.310
27.650
27.990
28.330
28.680
29.020
29.360
29.700
30.050
30.390
30.730
31.080
31.420
31.760
32.100
32.450
32.790
33.140
33.480
33.820
34.160
34.510
34.840
35.180
35.530
35.860
36.210
36.560
36.910
37.250
37.600
37.940
38.280
38.610
38.970
39.300
39.650
39.980
40.340
40.670
41.020
41.370
41.720
42.060
42.410
42.750
43.090
43.420
43.770
44.100
44.450
44.800
45.140
45.480
45.820
46.170
46.520
46.860
47.190
47.540
47.880
48.210
48.560
48.890
49.250
49.570
49.930
50.280
50.630
50.950
51.310
51.640
51.990
52.310
52.680
53.030
53.370
53.710
54.060
54.400
54.750
55.090
55.420
55.770
56.100
56.450
56.790
57.140
57.490
57.820
58.170
58.510
58.850
59.200
59.540
59.880
60.220
60.570
60.920
61.250
61.600
61.940
62.280
62.620
62.980
63.310
63.650
64.000
64.340
64.670
65.020
65.360
65.720
66.050
66.390
66.740
67.080
67.420
67.770
68.110
68.460
68.790
69.140
69.480
69.820
70.160
70.510
70.860
71.190
71.530
71.880
72.230
72.570
72.910
73.250
73.600
73.940
74.280
74.620
74.970
75.310
75.650
76.000
76.340
76.680
77.020
77.370
77.710
78.050
78.390
78.740
79.080
79.420
79.770
80.110
80.450
80.800
81.140
81.480
81.820
82.160
82.510
82.850
83.190
83.540
83.880
84.220
84.560
84.910
85.250
85.590
85.930
86.280
86.620
86.960
87.300
87.650
87.990
88.330
88.680
89.020
89.360
89.700
90.050
90.390
90.730
91.080
91.420
91.760
92.100
92.450
92.790
93.140
93.480
93.820
94.160
94.510
94.850
95.190
95.530
95.880
96.220
96.560
96.910
97.250
97.590
97.930
98.280
98.620
98.960
99.310
99.650
99.990
100.330
100.680
101.020
101.360
101.700
102.050
102.390
102.740
103.080
103.420
103.760
104.110
104.450
104.790
105.130
105.480
105.820
106.160
106.500
106.850
107.190
107.530
107.880
108.220
108.560
108.910
109.250
109.590
109.930
110.280
110.620
110.960
111.310
111.650
111.990
112.330
112.680
113.020
113.360
113.710
114.050
114.390
114.730
115.080
115.420
115.760
116.110
116.450
116.790
117.130
117.480
117.820
118.160
118.500
118.850
119.190
119.530
119.870
