0.100
0.440
0.780
1.110
1.440
1.790
2.160
2.500
2.860
3.200
3.520
3.850
4.180
4.510
4.840
5.170
5.500
5.840
6.180
6.510
6.840
7.170
7.500
7.830
8.160
8.490
8.820
9.260
9.710
10.150
10.600
11.050
11.490
11.980
12.500
12.990
13.460
13.950
14.430
14.930
15.440
15.970
16.460
16.990
17.520
18.060
18.620
19.180
19.750
20.340
20.920
21.520
22.130
22.760
23.390
24.040
24.690
25.190
25.710
26.230
26.760
27.280
27.810
28.310
28.850
29.290
29.730
30.170
30.620
31.050
31.490
31.940
32.380
32.830
33.260
33.710
34.140
34.590
35.020
35.470
35.910
36.350
36.790
37.230
37.680
38.120
38.560
39.000
39.440
39.880
40.320
40.760
41.200
41.640
42.080
42.530
42.970
43.410
43.850
44.290
44.730
45.180
45.620
46.070
46.500
46.940
47.380
47.830
48.260
48.700
49.150
49.590
50.030
50.470
50.910
51.360
51.800
52.240
52.670
53.110
53.560
53.990
54.440
54.880
55.330
55.770
56.210
56.660
57.100
57.570
58.060
58.520
58.970
59.410
59.850
60.300
60.730
61.180
61.620
62.060
62.500
62.930
63.380
63.820
64.260
64.700
65.150
65.580
66.030
66.460
66.910
67.340
67.790
68.220
68.670
69.110
69.550
69.990
70.430
70.880
71.330
71.760
72.200
72.640
73.090
73.530
73.970
74.410
74.860
75.290
75.730
76.170
76.610
77.050
77.500
77.930
78.380
78.820
79.260
79.700
80.140
80.580
81.030
81.470
81.910
82.350
82.790
83.230
83.670
84.120
84.560
85.000
85.440
85.880
86.310
86.760
87.200
87.530
87.860
88.190
88.520
88.850
89.190
89.520
89.850
90.180
90.510
90.840
91.170
91.500
91.830
92.160
92.500
92.820
93.160
93.490
93.820
94.150
94.480
94.810
95.140
95.470
95.800
96.140
96.470
96.800
97.130
97.460
97.790
98.120
98.450
98.890
99.330
99.780
100.220
100.660
101.100
101.540
101.990
102.420
102.870
103.310
103.750
104.190
104.630
105.070
105.510
105.950
106.400
106.840
107.280
107.720
108.160
108.600
109.040
109.480
109.920
110.370
110.810
111.250
111.690
112.130
112.570
113.010
113.450
113.890
114.340
114.780
115.220
115.660
116.100
116.540
116.990
117.420
117.870
118.310
118.750
119.190
119.630
120.070
