0.280
0.690
1.140
1.550
1.990
2.420
2.850
3.270
3.710
4.140
4.570
4.990
5.420
5.850
6.280
6.710
7.140
7.560
7.990
8.420
8.850
9.280
9.710
10.140
10.570
11.000
11.430
11.860
12.280
12.710
13.140
13.570
13.990
14.420
14.850
15.280
15.710
16.140
16.570
17.000
17.420
17.850
18.280
18.710
19.140
19.560
19.990
20.430
20.860
21.280
21.710
22.140
22.570
23.000
23.430
23.860
24.290
24.710
25.140
25.570
26.000
26.430
26.860
27.290
27.720
28.140
28.570
29.000
29.430
29.850
30.280
30.710
31.140
31.570
32.000
32.430
32.860
33.280
33.710
34.140
34.570
35.000
35.430
35.850
36.280
36.710
37.140
37.570
38.000
38.430
38.850
39.290
39.720
40.140
40.570
41.010
41.430
41.860
42.280
42.720
43.150
43.570
44.000
44.430
44.860
45.280
45.710
46.150
46.570
47.000
47.430
47.860
48.290
48.710
49.140
49.570
50.000
50.430
50.850
51.280
51.710
52.140
52.570
52.990
53.430
53.850
54.280
54.710
55.140
55.570
56.000
56.420
56.850
57.280
57.710
58.140
58.560
58.990
59.420
59.850
60.280
60.710
61.140
61.570
61.990
62.420
62.850
63.280
63.710
64.140
64.570
64.990
65.420
65.850
66.280
66.710
67.140
67.570
68.000
68.420
68.850
69.280
69.710
70.140
70.570
71.000
71.420
71.850
72.280
72.710
73.140
73.570
74.000
74.420
74.850
75.280
75.710
76.140
76.570
77.000
77.430
77.850
78.280
78.710
79.140
79.570
80.000
80.420
80.850
81.280
81.710
82.140
82.570
83.000
83.420
83.850
84.280
84.710
85.140
85.570
86.000
86.420
86.850
87.280
87.710
88.140
88.570
88.990
89.420
89.850
90.280
90.710
91.140
91.570
92.000
92.420
92.850
93.280
93.710
94.140
94.570
94.990
95.420
95.850
96.280
96.710
97.140
97.570
97.990
98.420
98.850
99.280
99.710
100.140
100.570
101.000
101.420
101.850
102.280
102.710
103.140
103.570
104.000
104.430
104.850
105.290
105.710
106.140
106.570
107.000
107.420
107.850
108.280
108.710
109.140
109.570
110.000
110.430
110.850
111.280
111.710
112.140
112.570
112.990
113.420
113.850
114.280
114.710
115.140
115.570
116.000
116.420
116.850
117.280
117.710
118.140
118.570
119.000
119.430
119.850
