0.050
0.500
0.940
1.380
1.820
2.250
2.690
3.130
3.560
4.010
4.440
4.880
5.320
5.760
6.200
6.630
7.060
7.510
7.950
8.380
8.820
9.260
9.700
10.140
10.570
11.010
11.450
11.890
12.330
12.760
13.200
13.640
14.080
14.510
14.950
15.390
15.830
16.270
16.700
17.140
17.580
18.020
18.460
18.890
19.330
19.770
20.210
20.640
21.080
21.520
21.960
22.400
22.840
23.270
23.710
24.150
24.590
25.030
25.460
25.900
26.340
26.780
27.210
27.650
28.090
28.530
28.970
29.400
29.840
30.280
30.720
31.160
31.600
32.030
32.470
32.910
33.350
33.780
34.220
34.660
35.100
35.540
35.970
36.410
36.850
37.290
37.730
38.170
38.600
39.040
39.480
39.920
40.360
40.790
41.240
41.640
41.990
42.320
42.670
43.020
43.390
43.740
44.080
44.420
44.770
45.140
45.490
45.820
46.170
46.520
46.890
47.240
47.580
47.920
48.270
48.640
48.990
49.330
49.670
50.020
50.390
50.740
51.090
51.420
51.770
52.140
52.490
52.840
53.160
53.500
53.820
54.150
54.500
54.870
55.220
55.570
55.900
56.250
56.620
56.970
57.320
57.650
58.000
58.350
58.720
59.070
59.410
59.750
60.120
60.470
60.820
61.160
61.500
61.850
62.220
62.570
62.910
63.250
63.600
63.970
64.320
64.670
65.000
65.350
65.720
66.070
66.410
66.740
67.070
67.510
67.950
68.380
68.820
69.260
69.700
70.140
70.570
71.010
71.450
71.890
72.330
72.770
73.200
73.640
74.080
74.520
74.950
75.390
75.830
76.270
76.710
77.140
77.580
78.020
78.460
78.900
79.330
79.770
80.210
80.650
81.080
81.520
81.960
82.400
82.840
83.280
83.710
84.150
84.590
85.030
85.470
85.900
86.340
86.780
87.220
87.650
88.090
88.530
88.970
89.410
89.840
90.280
90.720
91.160
91.600
92.030
92.470
92.910
93.350
93.790
94.230
94.660
95.100
95.540
95.980
96.410
96.850
97.290
97.730
98.160
98.600
99.040
99.480
99.920
100.350
100.790
101.230
101.670
102.110
102.550
102.980
103.420
103.860
104.300
104.740
105.170
105.610
106.050
106.490
106.920
107.360
107.800
108.240
108.680
109.110
109.550
109.990
110.430
110.870
111.310
111.740
112.180
112.620
113.060
113.490
113.930
114.370
114.810
115.250
115.680
116.120
116.560
117.000
117.440
117.870
118.310
118.750
119.190
119.620
120.070
