0.070
0.390
0.730
1.070
1.410
1.760
2.100
2.450
2.790
3.130
3.480
3.840
4.170
4.520
4.850
5.190
5.530
5.870
6.210
6.560
6.900
7.240
7.580
7.930
8.270
8.610
8.960
9.300
9.640
9.980
10.330
10.670
11.010
11.360
11.700
12.040
12.380
12.730
13.070
13.420
13.760
14.100
14.440
14.790
15.130
15.470
15.810
16.160
16.500
16.840
17.190
17.530
17.870
18.210
18.560
18.900
19.240
19.580
19.930
20.270
20.610
20.960
21.300
21.650
21.990
22.330
22.670
23.010
23.360
23.700
24.040
24.390
24.730
25.070
25.410
25.760
26.100
26.440
26.780
27.120
27.460
27.900
28.500
29.160
29.870
30.560
31.240
31.930
32.610
33.300
33.990
34.660
35.360
36.040
36.730
37.410
38.100
38.790
39.510
40.190
40.890
41.560
42.250
42.930
43.620
44.300
45.000
45.680
46.370
47.040
47.740
48.410
49.080
49.750
50.450
51.130
51.820
52.500
53.190
53.880
54.560
55.240
55.930
56.620
57.310
57.990
58.670
59.370
59.870
60.390
60.730
61.070
61.420
61.760
62.110
62.450
62.790
63.130
63.470
63.820
64.160
64.500
64.850
65.190
65.530
65.870
66.220
66.560
66.900
67.250
67.590
67.930
68.280
68.610
68.960
69.300
69.650
69.990
70.330
70.680
71.020
71.360
71.700
72.040
72.390
72.730
73.070
73.410
73.760
74.100
74.440
74.790
75.130
75.470
75.810
76.160
76.500
76.840
77.180
77.530
77.870
78.210
78.560
78.900
79.240
79.580
79.930
80.270
80.620
80.960
81.300
81.640
81.990
82.330
82.670
83.010
83.360
83.700
84.040
84.380
84.730
85.070
85.410
85.760
86.100
86.440
86.790
87.130
87.480
87.810
88.160
88.490
88.840
89.180
89.530
89.870
90.220
90.560
90.900
91.250
91.600
91.940
92.290
92.610
92.960
93.300
93.640
93.990
94.330
94.670
95.010
95.360
95.700
96.040
96.390
96.730
97.070
97.410
97.760
98.100
98.440
98.780
99.130
99.470
99.820
100.160
100.500
100.840
101.190
101.530
101.870
102.210
102.560
102.900
103.240
103.580
103.930
104.270
104.610
104.960
105.300
105.640
105.990
106.330
106.670
107.010
107.360
107.700
108.050
108.380
108.730
109.070
109.420
109.760
110.100
110.440
110.790
111.130
111.470
111.810
112.160
112.500
112.840
113.180
113.530
113.870
114.210
114.560
114.890
115.240
115.580
115.930
116.270
116.610
116.960
117.300
117.640
117.980
118.330
118.670
119.020
119.360
119.700
120.040
