0.050
0.450
0.880
1.300
1.730
2.160
2.590
3.020
3.450
3.880
4.310
4.730
5.160
5.590
6.020
6.450
6.880
7.300
7.730
8.160
8.590
9.020
9.450
9.870
10.310
10.730
11.160
11.590
12.020
12.450
12.880
13.300
13.730
14.160
14.590
15.020
15.450
15.880
16.300
16.730
17.160
17.590
18.020
18.450
18.880
19.310
19.730
20.160
20.590
21.020
21.450
21.880
22.310
22.730
23.160
23.590
24.020
24.450
24.880
25.310
25.730
26.160
26.590
27.020
27.450
27.880
28.310
28.730
29.160
29.590
30.020
30.450
30.880
31.310
31.710
32.150
32.580
33.010
33.420
33.850
34.300
34.730
35.140
35.590
36.020
36.430
36.860
37.300
37.740
38.170
38.580
39.010
39.450
39.880
40.300
40.740
41.170
41.600
42.020
42.450
42.880
43.300
43.710
44.160
44.590
45.020
45.430
45.880
46.290
46.730
47.160
47.590
48.010
48.460
48.880
49.320
49.730
50.180
50.590
51.020
51.470
51.890
52.310
52.770
53.250
53.730
54.190
54.670
55.080
55.520
55.960
56.380
56.820
57.220
57.640
58.090
58.500
58.950
59.380
59.800
60.230
60.660
61.090
61.520
61.950
62.380
62.810
63.230
63.670
64.090
64.510
64.950
65.370
65.800
66.240
66.660
67.090
67.520
67.950
68.370
68.800
69.230
69.670
70.090
70.520
70.950
71.370
71.800
72.230
72.660
73.100
73.520
73.950
74.380
74.800
75.230
75.660
76.090
76.530
76.950
77.380
77.800
78.230
78.660
79.090
79.520
79.950
80.380
80.810
81.230
81.660
82.090
82.520
82.950
83.380
83.810
84.350
84.880
85.300
85.730
86.160
86.590
87.020
87.450
87.880
88.300
88.730
89.160
89.590
90.020
90.450
90.880
91.300
91.730
92.160
92.590
93.020
93.450
93.880
94.310
94.730
95.160
95.590
96.020
96.450
96.880
97.300
97.730
98.160
98.590
99.020
99.450
99.880
100.310
100.730
101.160
101.590
102.020
102.450
102.880
103.310
103.730
104.160
104.590
105.020
105.450
105.870
106.300
106.730
107.160
107.590
108.020
108.450
108.880
109.300
109.730
110.160
110.590
111.020
111.450
111.870
112.300
112.730
113.160
113.600
114.020
114.450
114.880
115.300
115.730
116.160
116.590
117.020
117.450
117.870
118.300
118.730
119.160
119.590
120.020
