0.240
0.930
1.640
2.350
3.040
3.750
4.460
5.170
5.880
6.570
7.290
8.000
8.690
9.410
10.110
10.820
11.520
12.210
12.930
13.640
14.330
15.050
15.750
16.470
17.170
17.870
18.590
19.290
19.980
20.700
21.400
22.110
22.820
23.500
24.220
24.940
25.630
26.340
27.050
27.760
28.460
29.170
29.870
30.590
31.280
32.000
32.700
33.410
34.110
34.800
35.520
36.230
36.920
37.640
38.340
39.050
39.760
40.470
41.170
41.880
42.580
43.300
43.990
44.700
45.380
46.080
46.810
47.530
48.230
48.950
49.640
50.350
51.020
51.760
52.480
53.170
53.880
54.600
55.280
56.000
56.680
57.370
58.090
58.820
59.520
60.250
60.940
61.640
62.320
63.060
63.770
64.470
65.170
65.890
66.580
67.290
67.980
68.690
69.380
70.120
70.820
71.530
72.250
72.940
73.640
74.360
75.060
75.760
76.470
77.180
77.880
78.580
79.260
79.960
80.680
81.410
82.110
82.820
83.530
84.230
84.930
85.630
86.320
87.060
87.750
88.460
89.170
89.880
90.590
91.260
91.970
92.700
93.390
94.100
94.810
95.520
96.230
96.940
97.640
98.350
99.040
99.750
100.460
101.170
101.870
102.560
103.280
104.000
104.690
105.400
106.110
106.820
107.510
108.200
108.930
109.640
110.330
111.050
111.750
112.460
113.180
113.870
114.580
115.290
115.980
116.700
117.400
118.110
118.820
119.520
