0.070
0.930
1.790
2.640
3.500
4.360
5.220
6.070
6.930
7.790
8.640
9.500
10.360
11.210
12.080
12.930
13.790
14.650
15.500
16.360
17.220
18.070
18.930
19.780
20.640
21.500
22.360
23.220
24.080
24.930
25.790
26.650
27.540
28.330
29.140
29.910
30.560
31.110
31.680
32.260
32.800
33.350
33.890
34.440
34.980
35.530
36.080
36.620
37.160
37.710
38.250
38.800
39.350
39.890
40.460
40.980
41.530
42.070
42.620
43.160
43.710
44.260
44.810
45.350
45.890
46.440
46.980
47.530
48.100
48.630
49.180
49.710
50.250
50.800
51.350
51.890
52.440
52.990
53.530
54.070
54.620
55.170
55.710
56.260
56.800
57.350
57.890
58.440
58.980
59.530
60.080
60.620
61.170
61.710
62.260
62.800
63.350
63.890
64.440
64.990
65.560
66.110
66.620
67.170
67.710
68.260
68.800
69.350
69.890
70.440
70.980
71.530
72.070
72.620
73.170
73.710
74.260
74.800
75.340
75.900
76.440
76.980
77.530
78.080
78.620
79.160
79.710
80.260
80.800
81.350
81.890
82.440
82.980
83.530
84.070
84.610
85.160
85.710
86.250
86.800
87.350
87.890
88.430
88.990
89.530
90.080
90.620
91.170
91.710
92.260
92.800
93.350
93.890
94.440
94.980
95.530
96.070
96.620
97.160
97.710
98.260
98.800
99.350
99.890
100.470
101.010
101.530
102.080
102.620
103.170
103.710
104.260
104.800
105.350
105.890
106.440
106.980
107.530
108.080
108.630
109.170
109.710
110.250
110.800
111.350
111.900
112.440
112.990
113.530
114.080
114.620
115.170
115.710
116.260
116.800
117.350
117.900
118.440
118.980
119.530
