0.280
0.710
1.160
1.580
2.010
2.440
2.860
3.300
3.730
4.160
4.590
5.020
5.440
5.870
6.310
6.730
7.160
7.590
8.010
8.450
8.870
9.300
9.740
10.160
10.590
11.020
11.440
11.870
12.300
12.730
13.170
13.580
14.010
14.450
14.880
15.310
15.730
16.160
16.590
17.020
17.440
17.880
18.300
18.720
19.140
19.580
20.010
20.440
20.850
21.300
21.720
22.160
22.580
23.010
23.450
23.860
24.300
24.730
25.150
25.600
26.030
26.460
26.890
27.310
27.720
28.150
28.580
29.010
29.440
29.870
30.280
30.710
31.160
31.590
32.020
32.430
32.860
33.300
33.740
34.150
34.590
35.020
35.420
35.860
36.300
36.730
37.160
37.580
38.000
38.450
38.870
39.300
39.720
40.170
40.600
41.010
41.440
41.870
42.300
42.690
43.120
43.510
43.920
44.340
44.760
45.190
45.630
46.040
46.480
46.910
47.340
47.770
48.190
48.630
49.060
49.470
49.910
50.340
50.760
51.200
51.620
52.050
52.480
52.910
53.340
53.760
54.200
54.620
55.050
55.480
55.920
56.340
56.770
57.200
57.630
58.060
58.490
58.920
59.330
59.760
60.190
60.620
61.050
61.480
61.900
62.330
62.770
63.200
63.630
64.050
64.490
64.950
65.380
65.830
66.260
66.690
67.150
67.590
68.020
68.440
68.860
69.290
69.730
70.160
70.590
71.020
71.450
71.880
72.300
72.730
73.160
73.590
74.020
74.440
74.870
75.300
75.730
76.160
76.590
77.020
77.450
77.870
78.300
78.740
79.160
79.590
80.020
80.440
80.870
81.300
81.730
82.160
82.590
83.010
83.440
83.880
84.300
84.730
85.160
85.590
86.010
86.440
86.870
87.300
87.730
88.160
88.590
89.020
89.440
89.870
90.300
90.730
91.160
91.590
92.020
92.450
92.870
93.300
93.730
94.160
94.590
95.020
95.440
95.870
96.300
96.730
97.160
97.590
98.020
98.440
98.870
99.300
99.730
100.160
100.590
101.020
101.440
101.870
102.300
102.730
103.160
103.590
104.020
104.450
104.870
105.300
105.730
106.160
106.590
107.020
107.450
107.870
108.300
108.730
109.160
109.590
110.010
110.440
110.870
111.300
111.730
112.160
112.590
113.020
113.450
113.870
114.300
114.730
115.160
115.590
116.010
116.440
116.870
117.300
117.730
118.160
118.590
119.020
119.440
119.880
