0.200
0.620
1.050
1.490
1.910
2.340
2.770
3.200
3.620
4.050
4.480
4.910
5.330
5.770
6.190
6.630
7.050
7.480
7.910
8.350
8.760
9.200
9.630
10.050
10.480
10.900
11.340
11.760
12.190
12.630
13.050
13.480
13.910
14.340
14.760
15.200
15.620
16.050
16.480
16.920
17.340
17.770
18.210
18.630
19.060
19.490
19.910
20.340
20.770
21.200
21.630
22.060
22.480
22.920
23.340
23.770
24.200
24.620
25.050
25.480
25.910
26.340
26.760
27.200
27.620
28.050
28.490
28.920
29.340
29.770
30.190
30.630
31.050
31.480
31.910
32.340
32.770
33.200
33.630
34.050
34.480
34.920
35.340
35.770
36.200
36.630
37.050
37.480
37.910
38.340
38.770
39.200
39.620
40.060
40.480
40.910
41.340
41.770
42.200
42.630
43.050
43.490
43.910
44.340
44.770
45.200
45.630
46.060
46.480
46.920
47.350
47.770
48.090
48.410
48.730
49.050
49.380
49.690
50.020
50.340
50.660
50.980
51.310
51.630
51.950
52.280
52.610
52.940
53.270
53.620
53.940
54.280
54.610
54.940
55.260
55.590
55.910
56.240
56.560
56.880
57.200
57.520
57.850
58.170
58.490
58.800
59.130
59.450
59.770
60.080
60.400
60.700
61.010
61.320
61.640
61.940
62.260
62.560
62.880
63.190
63.500
63.800
64.110
64.430
64.730
65.060
65.390
65.760
66.190
66.620
67.030
67.470
67.910
68.340
68.770
69.200
69.630
70.050
70.490
70.920
71.340
71.770
72.190
72.630
73.060
73.480
73.900
74.340
74.770
75.200
75.620
76.050
76.480
76.910
77.340
77.770
78.190
78.620
79.060
79.490
79.920
80.340
80.770
81.200
81.630
82.060
82.490
82.910
83.340
83.770
84.200
84.630
85.050
85.480
85.910
86.340
86.770
87.200
87.630
88.050
88.490
88.910
89.340
89.770
90.200
90.620
91.060
91.480
91.910
92.340
92.770
93.200
93.630
94.060
94.490
94.920
95.340
95.770
96.200
96.630
97.060
97.480
97.910
98.340
98.770
99.200
99.630
100.050
100.480
100.910
101.340
101.770
102.200
102.630
103.050
103.480
103.910
104.340
104.770
105.200
105.620
106.050
106.490
106.910
107.340
107.770
108.200
108.630
109.050
109.480
109.910
110.340
110.770
111.200
111.630
112.050
112.480
112.910
113.340
113.770
114.200
114.630
115.060
115.470
115.880
116.300
116.720
117.170
117.600
118.020
118.440
118.880
119.300
119.730
