0.220
0.720
1.220
1.720
2.220
2.720
3.210
3.720
4.220
4.720
5.220
5.720
6.210
6.720
7.220
7.710
8.210
8.720
9.210
9.720
10.220
10.720
11.220
11.720
12.210
12.720
13.210
13.720
14.220
14.710
15.210
15.720
16.220
16.710
17.210
17.720
18.210
18.720
19.220
19.720
20.220
20.720
21.210
21.720
22.220
22.710
23.220
23.720
24.210
24.710
25.210
25.710
26.090
26.460
26.960
27.470
27.960
28.460
28.960
29.460
29.960
30.460
30.960
31.470
31.960
32.460
32.960
33.460
33.960
34.460
34.960
35.460
35.960
36.460
36.960
37.460
37.960
38.460
38.960
39.460
39.960
40.460
40.960
41.460
41.960
42.460
42.960
43.470
43.960
44.460
44.960
45.460
45.960
46.460
46.960
47.460
47.960
48.460
48.960
49.460
49.960
50.460
50.960
51.460
51.960
52.460
52.960
53.460
53.960
54.460
54.960
55.460
55.960
56.460
56.960
57.460
57.960
58.460
58.960
59.460
59.960
60.460
60.960
61.460
61.960
62.460
62.960
63.470
63.960
64.460
64.960
65.460
65.960
66.460
66.960
67.460
67.970
68.470
68.970
69.470
69.960
70.460
70.960
71.460
71.960
72.460
72.960
73.460
73.960
74.460
74.960
75.460
75.960
76.460
76.960
77.460
77.960
78.460
78.960
79.460
79.970
80.460
80.960
81.470
81.960
82.470
82.950
83.460
83.960
84.470
85.090
85.720
86.220
86.720
87.210
87.710
88.210
88.710
89.210
89.710
90.210
90.710
91.210
91.710
92.210
92.720
93.210
93.710
94.210
94.710
95.210
95.710
96.210
96.710
97.210
97.710
98.210
98.710
99.210
99.710
100.210
100.710
101.210
101.710
102.210
102.710
103.210
103.710
104.210
104.710
105.210
105.710
106.210
106.710
107.210
107.710
108.210
108.710
109.210
109.710
110.210
110.710
111.210
111.710
112.210
112.710
113.210
113.710
114.210
114.710
115.210
115.710
116.210
116.710
117.210
117.710
118.210
118.710
119.210
119.710
