0.430
0.890
1.350
1.820
2.280
2.750
3.210
3.670
4.120
4.590
5.050
5.520
5.980
6.440
6.900
7.360
7.820
8.280
8.740
9.200
9.660
10.130
10.590
11.050
11.510
11.980
12.440
12.900
13.360
13.820
14.280
14.760
15.230
15.690
16.150
16.610
17.070
17.530
17.990
18.460
18.910
19.380
19.840
20.300
20.760
21.230
21.690
22.150
22.610
23.070
23.530
23.990
24.460
24.920
25.380
25.840
26.300
26.760
27.220
27.690
28.150
28.610
29.070
29.530
29.990
30.460
30.920
31.380
31.840
32.300
32.760
33.230
33.690
34.150
34.610
35.070
35.530
35.990
36.460
36.920
37.380
37.840
38.300
38.760
39.230
39.690
40.150
40.610
41.070
41.530
41.990
42.450
42.910
43.370
43.840
44.300
44.760
45.230
45.690
46.150
46.610
47.080
47.530
48.000
48.460
48.920
49.380
49.850
50.310
50.770
51.230
51.700
52.150
52.620
53.070
53.540
54.000
54.460
54.920
55.390
55.850
56.310
56.770
57.230
57.710
58.170
58.640
59.070
59.550
60.000
60.470
60.910
61.370
61.840
62.300
62.770
63.220
63.690
64.140
64.610
65.060
65.530
65.990
66.450
66.910
67.380
67.840
68.300
68.760
69.230
69.680
70.140
70.610
71.070
71.530
71.990
72.450
72.910
73.380
73.840
74.300
74.760
75.220
75.690
76.150
76.610
77.070
77.530
77.990
78.460
78.920
79.380
79.840
80.300
80.770
81.220
81.690
82.150
82.610
83.070
83.530
84.000
84.460
84.920
85.380
85.840
86.300
86.760
87.230
87.690
88.150
88.610
89.070
89.530
89.990
90.460
90.920
91.380
91.840
92.300
92.760
93.220
93.690
94.150
94.610
95.070
95.530
95.990
96.460
96.920
97.380
97.840
98.300
98.760
99.220
99.680
100.150
100.610
101.070
101.530
101.990
102.450
102.920
103.380
103.840
104.300
104.760
105.230
105.690
106.150
106.610
107.070
107.530
107.990
108.460
108.920
109.380
109.840
110.300
110.760
111.220
111.690
112.150
112.610
113.070
113.530
113.990
114.450
114.910
115.370
115.840
116.300
116.760
117.220
117.690
118.150
118.610
119.070
119.530
120.000
