0.070
0.390
0.740
1.090
1.440
1.780
2.140
2.480
2.830
3.180
3.530
3.880
4.230
4.570
4.930
5.270
5.620
5.970
6.320
6.670
7.020
7.370
7.720
8.060
8.410
8.760
9.110
9.460
9.810
10.160
10.510
10.850
11.200
11.550
11.900
12.250
12.600
12.950
13.300
13.650
13.990
14.340
14.690
15.040
15.390
15.740
16.090
16.430
16.780
17.140
17.480
17.830
18.180
18.530
18.880
19.220
19.580
19.920
20.270
20.620
20.970
21.320
21.670
22.010
22.370
22.710
23.060
23.410
23.760
24.110
24.460
24.810
25.160
25.510
25.850
26.200
26.550
26.900
27.250
27.600
27.950
28.300
28.640
28.990
29.340
29.690
30.040
30.390
30.740
31.090
31.430
31.780
32.130
32.480
32.830
33.170
33.530
33.880
34.220
34.570
34.920
35.270
35.620
35.970
36.320
36.670
37.020
37.360
37.710
38.060
38.410
38.760
39.110
39.460
39.810
40.160
40.510
40.860
41.200
41.550
41.900
42.250
42.600
42.950
43.300
43.650
44.000
44.350
44.690
45.050
45.390
45.740
46.090
46.440
46.780
47.140
47.480
47.840
48.180
48.530
48.880
49.220
49.580
49.930
50.270
50.620
50.970
51.320
51.670
52.020
52.370
52.720
53.060
53.410
53.760
54.110
54.460
54.810
55.160
55.510
55.860
56.200
56.550
56.900
57.250
57.600
57.950
58.300
58.650
59.000
59.340
59.700
60.040
60.390
60.740
61.090
61.440
61.790
62.130
62.480
62.830
63.180
63.530
63.880
64.230
64.580
64.920
65.270
65.620
65.970
66.320
66.670
67.020
67.370
67.720
68.060
68.410
68.760
69.110
69.460
69.810
70.160
70.510
70.860
71.200
71.550
71.900
72.250
72.600
72.950
73.300
73.650
73.990
74.340
74.690
75.050
75.390
75.740
76.090
76.440
76.780
77.130
77.490
77.830
78.180
78.530
78.880
79.230
79.580
79.920
80.270
80.630
80.970
81.320
81.670
82.020
82.370
82.720
83.060
83.410
83.760
84.110
84.460
84.810
85.160
85.500
85.860
86.200
86.550
86.900
87.250
87.600
87.950
88.290
88.650
88.990
89.340
89.690
90.040
90.390
90.740
91.090
91.440
91.790
92.130
92.480
92.830
93.180
93.530
93.880
94.230
94.570
94.920
95.270
95.620
95.970
96.320
96.670
97.020
97.370
97.710
98.060
98.410
98.760
99.110
99.460
99.810
100.160
100.510
100.860
101.200
101.550
101.900
102.250
102.600
102.950
103.300
103.650
104.000
104.350
104.690
105.040
105.380
105.730
106.090
106.440
106.790
107.140
107.480
107.830
108.180
108.530
108.880
109.240
109.590
109.930
110.270
110.620
110.970
111.320
111.670
112.030
112.370
112.730
113.070
113.420
113.760
114.110
114.460
114.810
115.160
115.510
115.850
116.200
116.540
116.900
117.250
117.590
117.940
118.280
118.640
119.000
119.330
119.690
120.040
