0.720
1.600
2.480
3.370
4.250
5.130
6.020
6.900
7.780
8.660
9.550
10.430
11.310
12.190
13.070
13.960
14.840
15.720
16.380
17.020
17.710
18.370
18.920
19.480
20.090
20.670
21.240
21.850
22.440
23.000
23.630
24.220
24.800
25.430
25.990
26.540
27.150
27.730
28.300
28.870
29.490
30.060
30.640
31.260
31.840
32.470
33.040
33.620
34.240
34.810
35.390
36.010
36.570
37.160
37.780
38.340
38.880
39.460
39.990
40.650
41.310
41.970
42.750
43.520
44.280
44.980
45.720
46.610
47.490
48.370
49.250
50.130
51.020
51.900
52.780
53.660
54.550
55.430
56.310
57.190
58.080
58.960
59.840
60.720
61.610
62.490
63.370
64.250
65.130
66.020
66.900
67.780
68.660
69.550
70.430
71.310
72.190
73.080
73.950
74.840
75.720
76.600
77.490
78.370
79.250
80.140
81.020
81.900
82.780
83.660
84.550
85.430
86.310
87.200
88.070
88.960
89.840
90.720
91.600
92.490
93.370
94.250
95.130
96.020
96.890
97.780
98.660
99.550
100.430
101.310
102.190
103.080
103.950
104.840
105.720
106.600
107.480
108.370
109.250
110.130
111.010
111.900
112.780
113.660
114.550
115.430
116.310
117.190
118.080
118.960
119.840
