0.160
0.580
1.010
1.440
1.870
2.310
2.730
3.160
3.580
4.010
4.440
4.870
5.310
5.730
6.160
6.590
7.020
7.440
7.860
8.290
8.730
9.160
9.590
10.020
10.430
10.870
11.310
11.720
12.170
12.590
13.010
13.440
13.890
14.300
14.750
15.160
15.590
16.040
16.440
16.880
17.290
17.730
18.150
18.590
19.020
19.450
19.870
20.300
20.740
21.150
21.590
22.010
22.450
22.870
23.300
23.730
24.170
24.590
25.030
25.440
25.870
26.300
26.730
27.160
27.590
28.010
28.440
28.870
29.310
29.740
30.160
30.590
31.010
31.420
31.860
32.280
32.710
33.160
33.590
34.000
34.430
34.860
35.310
35.740
36.160
36.580
37.010
37.460
37.890
38.330
38.790
39.320
39.890
40.430
41.010
41.560
42.170
42.730
43.300
43.900
44.460
45.090
45.750
46.350
47.030
47.710
48.410
49.140
49.880
50.560
51.260
51.940
52.650
53.390
54.090
54.790
55.500
56.170
56.870
57.580
58.270
58.970
59.650
60.340
61.030
61.710
62.400
63.090
63.770
64.470
65.170
65.850
66.530
67.210
67.910
68.600
69.290
69.980
70.670
71.360
72.050
72.740
73.430
74.120
74.810
75.500
76.190
76.880
77.560
78.250
78.950
79.640
80.330
81.020
81.700
82.400
83.090
83.770
84.460
85.160
85.840
86.530
87.220
87.910
88.600
89.290
89.980
90.670
91.350
92.050
92.740
93.430
94.110
94.810
95.500
96.190
96.880
97.570
98.260
98.950
99.640
100.320
101.020
101.710
102.390
103.090
103.780
104.460
105.150
105.850
106.530
107.220
107.910
108.600
109.290
109.980
110.670
111.360
112.040
112.740
113.430
114.120
114.810
115.500
116.180
116.880
117.570
118.260
118.940
119.640
