0.080
0.570
1.040
1.520
2.000
2.480
2.950
3.430
3.910
4.380
4.850
5.330
5.810
6.280
6.760
7.240
7.720
8.190
8.660
9.140
9.620
10.090
10.570
11.040
11.530
12.000
12.470
12.950
13.430
13.900
14.380
14.850
15.340
15.810
16.280
16.760
17.240
17.710
18.190
18.660
19.150
19.620
20.090
20.570
21.050
21.520
22.000
22.480
22.950
23.430
23.900
24.380
24.860
25.330
25.800
26.280
26.760
27.230
27.710
28.190
28.660
29.080
29.530
29.980
30.400
30.840
31.300
31.760
32.240
32.710
33.190
33.670
34.140
34.620
35.100
35.570
36.050
36.520
37.000
37.480
37.950
38.430
38.910
39.380
39.860
40.330
40.810
41.290
41.760
42.240
42.720
43.190
43.670
44.140
44.620
45.100
45.570
46.050
46.520
47.000
47.480
47.950
48.430
48.910
49.380
49.860
50.330
50.810
51.290
51.760
52.240
52.710
53.190
53.670
54.140
54.620
55.090
55.570
56.050
56.520
57.000
57.480
57.950
58.430
58.900
59.380
59.860
60.330
60.810
61.290
61.760
62.240
62.710
63.190
63.670
64.140
64.620
65.100
65.570
66.050
66.520
67.000
67.480
67.950
68.430
68.910
69.380
69.860
70.330
70.810
71.290
71.760
72.240
72.710
73.190
73.670
74.140
74.620
75.100
75.570
76.050
76.520
77.000
77.480
77.950
78.430
78.910
79.380
79.860
80.330
80.810
81.290
81.760
82.240
82.720
83.190
83.670
84.140
84.620
85.100
85.570
86.050
86.530
87.000
87.480
87.950
88.430
88.910
89.380
89.860
90.330
90.810
91.290
91.760
92.240
92.720
93.190
93.670
94.090
94.510
94.910
95.330
95.810
96.280
96.760
97.240
97.710
98.190
98.670
99.140
99.620
100.090
100.570
101.050
101.520
102.000
102.470
102.950
103.430
103.900
104.380
104.860
105.330
105.810
106.280
106.760
107.230
107.710
108.190
108.670
109.140
109.610
110.090
110.570
111.040
111.520
112.000
112.470
112.950
113.420
113.900
114.380
114.850
115.330
115.810
116.280
116.760
117.230
117.710
118.190
118.660
119.140
119.620
120.090
