0.400
0.830
1.260
1.690
2.120
2.540
2.970
3.410
3.830
4.260
4.690
5.120
5.540
5.970
6.390
6.840
7.260
7.690
8.110
8.550
8.980
9.390
9.830
10.260
10.690
11.110
11.540
11.980
12.400
12.820
13.250
13.690
14.110
14.540
14.970
15.410
15.830
16.260
16.690
17.120
17.540
17.970
18.400
18.840
19.260
19.690
20.110
20.550
20.970
21.400
21.830
22.260
22.690
23.110
23.540
23.980
24.400
24.830
25.260
25.690
26.120
26.540
26.970
27.410
27.830
28.260
28.680
29.120
29.540
29.970
30.400
30.840
31.260
31.690
32.110
32.550
32.970
33.400
33.830
34.270
34.690
35.030
35.400
35.750
36.090
36.430
36.780
37.150
37.490
37.830
38.200
38.540
38.880
39.210
39.550
39.910
40.220
40.550
40.890
41.210
41.520
41.840
42.160
42.490
42.840
43.160
43.490
43.820
44.140
44.460
44.770
45.090
45.410
45.740
46.080
46.410
46.740
47.060
47.370
47.660
47.960
48.270
48.560
48.860
49.160
49.470
49.760
50.060
50.360
50.680
50.980
51.290
51.600
51.920
52.230
52.540
52.850
53.150
53.460
53.770
54.100
54.420
54.740
55.050
55.370
55.690
56.020
56.360
56.690
57.030
57.360
57.690
58.050
58.380
58.750
59.100
59.450
59.780
60.130
60.480
60.880
61.290
61.700
62.110
62.550
62.990
63.410
63.840
64.260
64.690
65.150
65.630
66.090
66.580
67.050
67.470
67.900
68.330
68.760
69.200
69.620
70.040
70.480
70.900
71.330
71.760
72.190
72.620
73.050
73.470
73.910
74.330
74.760
75.190
75.620
76.050
76.470
76.900
77.340
77.760
78.190
78.620
79.050
79.480
79.900
80.330
80.770
81.190
81.620
82.040
82.470
82.910
83.330
83.760
84.190
84.620
85.050
85.470
85.900
86.340
86.760
87.190
87.620
88.040
88.470
88.900
89.340
89.760
90.190
90.620
91.050
91.470
91.900
92.330
92.760
93.190
93.620
94.040
94.480
94.900
95.330
95.760
96.190
96.620
97.050
97.470
97.910
98.330
98.760
99.190
99.620
100.050
100.480
100.900
101.340
101.760
102.190
102.620
103.050
103.480
103.900
104.330
104.770
105.190
105.620
106.040
106.480
106.910
107.330
107.760
108.190
108.620
109.050
109.470
109.900
110.330
110.760
111.190
111.620
112.050
112.470
112.900
113.330
113.760
114.190
114.610
115.050
115.470
115.900
116.330
116.760
117.190
117.620
118.050
118.480
118.900
119.330
119.760
