0.240
0.570
0.900
1.240
1.570
1.900
2.240
2.570
2.900
3.230
3.580
3.910
4.240
4.570
4.910
5.240
5.580
5.910
6.240
6.580
6.910
7.240
7.580
7.910
8.240
8.580
8.910
9.240
9.570
9.910
10.240
10.570
10.910
11.240
11.570
11.910
12.240
12.580
12.910
13.240
13.560
13.900
14.200
14.490
14.790
15.090
15.410
15.740
16.070
16.400
16.740
17.060
17.400
17.730
18.070
18.400
18.730
19.060
19.400
19.730
20.060
20.400
20.740
21.070
21.400
21.730
22.070
22.390
22.730
23.060
23.380
23.690
24.000
24.310
24.610
24.920
25.250
25.580
25.910
26.240
26.580
26.900
27.240
27.570
27.910
28.240
28.570
28.890
29.230
29.570
29.910
30.240
30.580
30.910
31.240
31.570
31.900
32.230
32.570
32.900
33.250
33.580
33.910
34.240
34.580
34.910
35.240
35.580
35.910
36.240
36.570
36.910
37.230
37.570
37.900
38.240
38.570
38.900
39.230
39.570
39.900
40.240
40.560
40.900
41.230
41.570
41.900
42.240
42.560
42.900
43.240
43.570
43.900
44.240
44.560
44.900
45.230
45.570
45.900
46.240
46.570
46.900
47.240
47.570
47.900
48.240
48.560
48.910
49.240
49.570
49.900
50.240
50.570
50.910
51.230
51.570
51.900
52.240
52.570
52.900
53.230
53.570
53.910
54.240
54.570
54.900
55.230
55.570
55.890
56.230
56.560
56.910
57.240
57.570
57.900
58.240
58.570
58.900
59.230
59.570
59.900
60.240
60.560
60.900
61.230
61.570
61.900
62.240
62.560
62.900
63.230
63.570
63.900
64.240
64.580
64.900
65.240
65.570
65.900
66.240
66.570
66.900
67.230
67.560
67.900
68.240
68.580
68.900
69.240
69.570
69.910
70.240
70.570
70.900
71.240
71.570
71.900
72.240
72.570
72.900
73.240
73.570
73.910
74.240
74.570
74.900
75.240
75.570
75.910
76.240
76.570
76.900
77.230
77.570
77.900
78.240
78.570
78.900
79.240
79.570
79.910
80.240
80.570
80.900
81.240
81.570
81.910
82.240
82.570
82.910
83.240
83.570
83.910
84.240
84.570
84.900
85.240
85.570
85.900
86.240
86.570
86.910
87.240
87.570
87.900
88.240
88.570
88.900
89.240
89.570
89.900
90.240
90.570
90.910
91.240
91.570
91.910
92.240
92.570
92.910
93.240
93.570
93.900
94.240
94.570
94.900
95.240
95.570
95.900
96.240
96.570
96.910
97.240
97.570
97.910
98.240
98.570
98.900
99.240
99.570
99.900
100.240
100.570
100.900
101.240
101.570
101.910
102.240
102.570
102.900
103.240
103.570
103.900
104.240
104.570
104.900
105.240
105.570
105.900
106.240
106.570
106.900
107.240
107.570
107.900
108.240
108.570
108.900
109.240
109.570
109.910
110.240
110.570
110.900
111.240
111.570
111.910
112.240
112.580
112.900
113.240
113.570
113.900
114.240
114.570
114.910
115.240
115.570
115.910
116.240
116.570
116.910
117.240
117.570
117.910
118.240
118.570
118.900
119.240
119.570
119.910
