0.070
0.420
0.760
1.100
1.440
1.770
2.110
2.450
2.790
3.120
3.460
3.790
4.130
4.470
4.810
5.140
5.480
5.820
6.150
6.490
6.830
7.170
7.510
7.840
8.180
8.510
8.850
9.190
9.530
9.870
10.200
10.540
10.880
11.210
11.550
11.890
12.220
12.560
12.900
13.230
13.570
13.910
14.240
14.580
14.920
15.260
15.590
15.930
16.270
16.610
16.940
17.280
17.610
17.950
18.290
18.630
18.970
19.300
19.640
19.970
20.310
20.650
20.990
21.320
21.670
22.000
22.330
22.670
23.010
23.350
23.680
24.020
24.360
24.700
25.030
25.370
25.710
26.050
26.380
26.720
27.060
27.390
27.730
28.060
28.400
28.740
29.070
29.410
29.750
30.090
30.420
30.760
31.100
31.440
31.770
32.110
32.450
32.780
33.110
33.460
33.810
34.300
34.810
35.300
35.810
36.320
37.000
37.670
38.350
39.010
39.660
40.360
41.020
41.700
42.360
43.060
43.730
44.410
45.060
45.750
46.420
47.100
47.750
48.450
49.120
49.800
50.450
51.140
51.810
52.490
53.140
53.850
54.510
55.200
55.840
56.530
57.220
57.830
58.460
59.080
59.580
60.090
60.420
60.760
61.100
61.440
61.770
62.110
62.450
62.780
63.120
63.460
63.800
64.130
64.470
64.810
65.140
65.480
65.820
66.150
66.490
66.830
67.170
67.510
67.840
68.180
68.510
68.850
69.190
69.530
69.860
70.200
70.540
70.870
71.210
71.550
71.890
72.220
72.560
72.900
73.230
73.570
73.910
74.250
74.590
74.920
75.260
75.600
75.930
76.270
76.600
76.940
77.280
77.620
77.950
78.290
78.630
78.960
79.300
79.640
79.980
80.300
80.650
80.970
81.330
81.650
82.000
82.340
82.680
83.010
83.350
83.680
84.020
84.360
84.690
85.030
85.370
85.710
86.040
86.380
86.720
87.050
87.390
87.730
88.070
88.400
88.740
89.080
89.410
89.750
90.090
90.430
90.770
91.100
91.440
91.780
92.110
92.450
92.780
93.120
93.460
93.800
94.130
94.470
94.810
95.140
95.480
95.820
96.160
96.490
96.830
97.170
97.500
97.840
98.180
98.520
98.850
99.190
99.530
99.870
100.200
100.540
100.870
101.220
101.550
101.880
102.220
102.570
102.900
103.230
103.570
103.910
104.240
104.580
104.920
105.260
105.600
105.930
106.270
106.600
106.940
107.280
107.610
107.960
108.290
108.630
108.960
109.300
109.640
109.980
110.310
110.650
110.990
111.320
111.660
112.000
112.340
112.670
113.010
113.350
113.680
114.020
114.360
114.690
115.030
115.370
115.700
116.050
116.380
116.710
117.050
117.390
117.730
118.070
118.400
118.740
119.080
119.410
119.750
120.090
