0.370
0.800
1.230
1.660
2.090
2.520
2.950
3.370
3.800
4.230
4.660
5.090
5.510
5.950
6.380
6.800
7.230
7.660
8.090
8.520
8.950
9.380
9.800
10.240
10.650
11.090
11.520
11.940
12.370
12.800
13.230
13.660
14.090
14.520
14.950
15.380
15.800
16.240
16.660
17.090
17.520
17.950
18.380
18.810
19.230
19.660
20.090
20.520
20.950
21.380
21.810
22.230
22.660
23.090
23.520
23.950
24.370
24.810
25.230
25.660
26.090
26.480
26.850
27.260
27.630
28.020
28.450
28.870
29.310
29.730
30.160
30.590
31.020
31.450
31.880
32.300
32.730
33.160
33.590
34.010
34.450
34.870
35.310
35.730
36.150
36.580
37.010
37.440
37.900
38.500
39.130
39.710
40.330
41.080
41.760
42.490
43.230
43.980
44.720
45.370
46.070
46.770
47.420
48.150
48.910
49.670
50.440
51.200
51.900
52.660
53.320
53.960
54.600
55.260
55.880
56.510
57.160
57.810
58.450
59.080
59.730
60.370
61.000
61.650
62.300
62.880
63.490
64.120
64.760
65.450
66.160
66.820
67.550
68.210
68.900
69.590
70.230
70.950
71.620
72.270
72.960
73.660
74.300
74.730
75.150
75.590
76.010
76.440
76.870
77.310
77.740
78.160
78.590
79.020
79.450
79.880
80.300
80.730
81.160
81.590
82.020
82.450
82.880
83.300
83.730
84.160
84.590
85.020
85.450
85.870
86.300
86.730
87.160
87.590
88.020
88.450
88.880
89.300
89.730
90.160
90.590
91.020
91.450
91.870
92.300
92.730
93.160
93.590
94.020
94.450
94.880
95.300
95.730
96.160
96.590
97.020
97.450
97.870
98.300
98.730
99.160
99.590
100.020
100.450
100.880
101.300
101.730
102.160
102.590
103.020
103.450
103.870
104.300
104.730
105.160
105.590
106.020
106.450
106.880
107.300
107.730
108.160
108.590
109.020
109.450
109.880
110.300
110.730
111.160
111.590
112.020
112.450
112.880
113.310
113.730
114.160
114.590
115.020
115.450
115.880
116.310
116.730
117.160
117.590
118.020
118.450
118.880
119.320
119.730
