0.000
0.370
0.740
1.100
1.470
1.830
2.200
2.560
2.930
3.300
3.660
4.030
4.390
4.760
5.130
5.490
5.860
6.220
6.590
6.960
7.320
7.690
8.050
8.410
8.780
9.150
9.510
9.880
10.250
10.610
10.980
11.340
11.710
12.080
12.440
12.800
13.170
13.540
13.910
14.280
14.640
15.000
15.370
15.730
16.100
16.470
16.830
17.200
17.570
17.930
18.290
18.660
19.030
19.390
19.760
20.120
20.490
20.850
21.220
21.590
21.960
22.320
22.690
23.050
23.420
23.790
24.150
24.520
24.880
25.250
25.610
25.980
26.340
26.710
27.070
27.440
27.810
28.180
28.540
28.910
29.270
29.640
30.000
30.370
30.730
31.100
31.460
31.830
32.200
32.560
32.930
33.300
33.660
34.030
34.390
34.760
35.120
35.490
35.860
36.220
36.590
36.950
37.320
37.690
38.050
38.420
38.780
39.150
39.520
39.880
40.250
40.610
40.980
41.350
41.710
42.080
42.440
42.810
43.170
43.540
43.910
44.270
44.630
45.000
45.370
45.730
46.100
46.470
46.830
47.200
47.570
47.950
48.330
48.690
49.060
49.420
49.800
50.160
50.530
50.910
51.270
51.620
52.000
52.340
52.700
53.070
53.440
53.780
54.160
54.510
54.900
55.270
55.640
55.990
56.380
56.730
57.100
57.470
57.850
58.190
58.550
58.910
59.270
59.650
60.010
60.370
60.740
61.110
61.480
61.830
62.210
62.570
62.940
63.310
63.680
64.020
64.390
64.760
65.130
65.500
65.860
66.220
66.590
66.960
67.330
67.680
68.060
68.410
68.790
69.150
69.520
69.880
70.240
70.610
70.980
71.340
71.710
72.080
72.440
72.810
73.170
73.540
73.910
74.270
74.640
75.000
75.370
75.730
76.100
76.460
76.830
77.200
77.560
77.930
78.290
78.660
79.030
79.390
79.760
80.120
80.490
80.860
81.230
81.590
81.950
82.320
82.680
83.050
83.420
83.780
84.150
84.510
84.880
85.240
85.610
85.980
86.340
86.710
87.080
87.440
87.810
88.170
88.540
88.910
89.270
89.640
90.000
90.370
90.740
91.100
91.460
91.830
92.200
92.570
92.930
93.300
93.670
94.030
94.390
94.760
95.130
95.490
95.860
96.220
96.590
96.950
97.320
97.680
98.050
98.420
98.780
99.150
99.520
99.880
100.250
100.610
100.980
101.340
101.710
102.080
102.450
102.810
103.170
103.540
103.900
104.270
104.640
105.000
105.370
105.740
106.100
106.470
106.830
107.200
107.560
107.930
108.300
108.660
109.030
109.390
109.760
110.130
110.490
110.860
111.230
111.590
111.950
112.320
112.690
113.050
113.420
113.780
114.150
114.510
114.880
115.250
115.610
115.980
116.350
116.710
117.080
117.450
117.810
118.180
118.540
118.910
119.270
119.640
120.010
