0.070
0.420
0.760
1.100
1.450
1.800
2.140
2.480
2.830
3.170
3.540
3.870
4.220
4.560
4.900
5.250
5.590
5.930
6.280
6.620
6.970
7.310
7.660
8.000
8.350
8.690
9.040
9.380
9.730
10.070
10.420
10.760
11.100
11.450
11.790
12.140
12.480
12.830
13.170
13.520
13.860
14.210
14.550
14.890
15.240
15.590
15.930
16.270
16.620
16.970
17.310
17.650
18.000
18.350
18.690
19.030
19.380
19.730
20.070
20.410
20.760
21.110
21.450
21.790
22.140
22.480
22.830
23.170
23.520
23.860
24.210
24.550
24.900
25.240
25.590
25.940
26.280
26.620
26.970
27.310
27.660
28.010
28.350
28.800
29.240
29.730
30.270
30.760
31.280
31.770
32.300
32.870
33.520
34.220
34.870
35.600
36.280
36.960
37.660
38.340
39.040
39.730
40.420
41.110
41.800
42.480
43.170
43.860
44.550
45.240
45.930
46.620
47.310
48.000
48.700
49.380
50.070
50.760
51.450
52.090
52.490
52.830
53.180
53.520
53.870
54.210
54.560
54.900
55.240
55.590
55.940
56.280
56.620
56.970
57.310
57.660
58.000
58.350
58.690
59.040
59.380
59.730
60.070
60.420
60.760
61.110
61.450
61.800
62.140
62.500
62.830
63.180
63.520
63.870
64.210
64.560
64.900
65.250
65.590
65.940
66.280
66.620
66.970
67.310
67.660
68.010
68.350
68.700
69.040
69.380
69.730
70.080
70.420
70.750
71.110
71.450
71.800
72.140
72.480
72.830
73.170
73.520
73.870
74.210
74.550
74.900
75.240
75.580
75.930
76.280
76.620
76.970
77.310
77.660
78.000
78.340
78.690
79.040
79.380
79.720
80.070
80.420
80.760
81.100
81.450
81.800
82.140
82.480
82.830
83.180
83.520
83.860
84.210
84.550
84.900
85.240
85.590
85.930
86.280
86.620
86.970
87.310
87.660
88.000
88.350
88.690
89.040
89.380
89.730
90.070
90.420
90.760
91.110
91.450
91.790
92.130
92.480
92.830
93.170
93.520
93.860
94.210
94.550
94.900
95.240
95.590
95.930
96.280
96.620
96.970
97.310
97.650
98.000
98.350
98.690
99.030
99.380
99.730
100.070
100.410
100.760
101.110
101.450
101.790
102.140
102.490
102.830
103.170
103.520
103.860
104.210
104.550
104.900
105.240
105.590
105.930
106.280
106.620
106.970
107.320
107.660
108.000
108.350
108.690
109.040
109.380
109.730
110.070
110.420
110.760
111.110
111.450
111.800
112.140
112.480
112.830
113.170
113.520
113.860
114.190
114.550
114.900
115.250
115.590
115.930
116.280
116.620
116.970
117.310
117.660
118.000
118.340
118.690
119.040
119.380
119.720
120.070
