0.270
0.730
1.200
1.670
2.140
2.610
3.080
3.550
4.020
4.490
4.950
5.430
5.900
6.360
6.830
7.300
7.770
8.240
8.710
9.180
9.650
10.110
10.580
11.050
11.540
12.070
12.570
13.050
13.520
13.970
14.440
14.920
15.400
15.850
16.320
16.790
17.270
17.780
18.270
18.750
19.220
19.710
20.190
20.660
21.130
21.600
22.070
22.530
23.000
23.470
23.940
24.410
24.880
25.340
25.810
26.280
26.750
27.220
27.690
28.160
28.630
29.090
29.560
30.030
30.500
30.970
31.440
31.910
32.380
32.850
33.310
33.780
34.230
34.710
35.190
35.660
36.130
36.590
37.060
37.530
38.000
38.470
38.940
39.400
39.880
40.350
40.820
41.280
41.750
42.220
42.690
43.150
43.630
44.090
44.570
45.030
45.500
45.970
46.440
46.910
47.380
47.840
48.320
48.780
49.260
49.720
50.190
50.660
51.110
51.590
52.050
52.530
53.000
53.470
53.920
54.400
54.880
55.340
55.800
56.290
56.750
57.210
57.680
58.160
58.630
59.100
59.560
60.030
60.500
60.970
61.440
61.910
62.380
62.850
63.320
63.780
64.250
64.720
65.190
65.660
66.130
66.600
67.070
67.520
68.000
68.470
68.940
69.410
69.880
70.350
70.820
71.280
71.750
72.220
72.690
73.160
73.630
74.100
74.560
75.030
75.500
75.970
76.440
76.910
77.380
77.850
78.320
78.790
79.260
79.730
80.190
80.660
81.130
81.590
82.060
82.530
83.000
83.470
83.940
84.410
84.880
85.340
85.810
86.280
86.750
87.220
87.690
88.160
88.620
89.090
89.560
90.030
90.500
90.970
91.440
91.910
92.380
92.840
93.310
93.790
94.250
94.710
95.190
95.660
96.130
96.600
97.060
97.530
98.000
98.470
98.940
99.410
99.880
100.350
100.820
101.280
101.750
102.220
102.690
103.160
103.630
104.100
104.570
105.030
105.500
105.970
106.440
106.910
107.380
107.850
108.320
108.780
109.240
109.720
110.190
110.660
111.130
111.590
112.060
112.530
113.000
113.470
113.940
114.410
114.880
115.340
115.810
116.280
116.750
117.220
117.690
118.160
118.620
119.090
119.560
120.030
