0.340
0.810
1.280
1.750
2.220
2.690
3.160
3.620
4.090
4.570
5.040
5.510
5.970
6.440
6.910
7.380
7.840
8.310
8.780
9.250
9.710
10.190
10.660
11.130
11.590
12.060
12.530
13.000
13.470
13.940
14.410
14.880
15.340
15.810
16.280
16.750
17.220
17.690
18.150
18.630
19.090
19.570
20.030
20.500
20.980
21.440
21.920
22.380
22.850
23.330
23.800
24.260
24.710
25.180
25.660
26.130
26.580
27.070
27.540
28.000
28.460
28.940
29.410
29.880
30.350
30.810
31.280
31.750
32.220
32.690
33.160
33.630
34.090
34.560
35.040
35.500
35.970
36.440
36.910
37.380
37.850
38.320
38.790
39.250
39.720
40.190
40.660
41.130
41.600
42.080
42.540
43.000
43.470
43.940
44.410
44.880
45.340
45.820
46.280
46.750
47.220
47.690
48.160
48.630
49.100
49.570
50.030
50.500
50.980
51.440
51.910
52.380
52.850
53.310
53.780
54.250
54.720
55.190
55.660
56.130
56.600
57.060
57.530
58.000
58.470
58.940
59.410
59.880
60.350
60.820
61.290
61.750
62.220
62.690
63.160
63.630
64.100
64.570
65.040
65.510
65.970
66.440
66.910
67.380
67.850
68.320
68.780
69.250
69.720
70.190
70.660
71.130
71.600
72.050
72.530
73.000
73.470
73.930
74.400
74.870
75.340
75.810
76.280
76.750
77.220
77.690
78.160
78.620
79.090
79.560
80.030
80.500
80.970
81.440
81.900
82.370
82.840
83.310
83.780
84.250
84.720
85.190
85.660
86.120
86.590
87.070
87.540
88.010
88.480
88.940
89.410
89.880
90.340
90.810
91.280
91.750
92.220
92.690
93.150
93.630
94.090
94.560
95.030
95.500
95.960
96.440
96.900
97.380
97.840
98.310
98.780
99.250
99.720
100.190
100.650
101.120
101.590
102.070
102.540
103.000
103.480
103.940
104.400
104.880
105.340
105.810
106.280
106.750
107.220
107.690
108.150
108.630
109.090
109.560
110.030
110.500
110.960
111.440
111.900
112.380
112.840
113.310
113.780
114.250
114.720
115.190
115.660
116.130
116.590
117.060
117.530
118.000
118.470
118.940
119.410
119.880
