0.170
0.610
1.040
1.470
1.890
2.330
2.750
3.180
3.600
4.050
4.470
4.900
5.330
5.750
6.160
6.610
7.030
7.460
7.900
8.320
8.750
9.180
9.600
10.030
10.460
10.890
11.320
11.750
12.180
12.610
13.030
13.460
13.890
14.320
14.750
15.180
15.600
16.030
16.460
16.890
17.320
17.750
18.180
18.610
19.030
19.460
19.890
20.320
20.740
21.180
21.610
22.030
22.460
22.890
23.320
23.750
24.180
24.600
25.030
25.460
25.890
26.320
26.750
27.170
27.600
28.030
28.460
28.890
29.320
29.750
30.180
30.600
31.030
31.460
31.890
32.320
32.750
33.170
33.600
34.030
34.460
34.890
35.320
35.750
36.180
36.600
37.030
37.460
37.890
38.320
38.750
39.180
39.610
40.030
40.460
40.890
41.320
41.750
42.180
42.610
43.030
43.460
43.890
44.320
44.750
45.170
45.600
46.040
46.460
46.890
47.320
47.750
48.180
48.610
49.040
49.460
49.890
50.320
50.730
51.180
51.610
52.030
52.460
52.890
53.320
53.750
54.160
54.600
55.030
55.460
55.890
56.320
56.750
57.180
57.610
58.030
58.460
58.890
59.320
59.750
60.180
60.600
61.040
61.460
61.890
62.320
62.750
63.180
63.600
64.030
64.470
64.890
65.320
65.750
66.170
66.610
67.030
67.460
67.890
68.320
68.750
69.170
69.600
70.030
70.460
70.890
71.320
71.750
72.170
72.600
73.030
73.460
73.890
74.320
74.750
75.180
75.610
76.040
76.460
76.890
77.320
77.760
78.180
78.640
79.080
79.530
79.990
80.440
80.900
81.350
81.790
82.260
82.700
83.200
83.660
84.170
84.650
85.240
85.870
86.520
87.170
87.810
88.450
89.110
89.750
90.390
91.030
91.870
92.740
93.670
94.560
95.460
96.330
97.220
98.150
99.200
100.160
101.220
102.100
103.000
103.880
104.740
105.600
106.470
107.390
108.280
109.170
110.030
110.970
111.950
112.900
113.710
114.600
115.470
116.300
117.180
118.020
118.870
119.760
