0.220
0.650
1.070
1.500
1.930
2.360
2.790
3.220
3.650
4.070
4.500
4.930
5.360
5.790
6.220
6.650
7.080
7.500
7.930
8.360
8.790
9.220
9.650
10.080
10.500
10.930
11.360
11.790
12.220
12.650
13.070
13.500
13.930
14.360
14.790
15.220
15.650
16.070
16.500
16.930
17.360
17.790
18.220
18.640
19.080
19.500
19.930
20.360
20.790
21.220
21.650
22.080
22.500
22.930
23.360
23.790
24.220
24.650
25.070
25.500
25.930
26.360
26.790
27.220
27.650
28.080
28.500
28.930
29.360
29.790
30.220
30.650
31.080
31.500
31.930
32.360
32.790
33.220
33.640
34.070
34.500
34.930
35.360
35.790
36.220
36.640
37.070
37.500
37.930
38.360
38.790
39.220
39.650
40.080
40.500
40.930
41.360
41.790
42.220
42.650
43.080
43.500
43.930
44.360
44.790
45.220
45.650
46.070
46.500
46.930
47.360
47.790
48.220
48.650
49.070
49.500
49.930
50.360
50.790
51.220
51.640
52.070
52.510
52.930
53.360
53.790
54.220
54.650
55.080
55.500
55.930
56.360
56.790
57.220
57.650
58.080
58.500
58.930
59.360
59.790
60.220
60.650
61.070
61.500
61.930
62.360
62.790
63.210
63.640
64.070
64.500
64.930
65.370
65.790
66.220
66.670
67.150
67.610
68.080
68.570
69.000
69.430
69.850
70.290
70.710
71.140
71.570
72.010
72.440
72.860
73.280
73.720
74.150
74.550
74.990
75.420
75.850
76.290
76.700
77.140
77.560
78.000
78.430
78.890
79.340
79.810
80.260
80.740
81.200
81.640
82.070
82.500
82.930
83.360
83.780
84.220
84.640
85.070
85.500
85.930
86.370
86.790
87.220
87.650
88.080
88.500
88.930
89.360
89.790
90.220
90.650
91.070
91.500
91.930
92.350
92.790
93.230
93.650
94.070
94.510
94.930
95.360
95.790
96.220
96.650
97.070
97.500
97.930
98.360
98.790
99.210
99.640
100.080
100.500
100.930
101.360
101.790
102.220
102.640
103.070
103.500
103.930
104.360
104.780
105.220
105.640
106.060
106.500
106.930
107.360
107.790
108.210
108.650
109.070
109.500
109.930
110.360
110.790
111.220
111.640
112.070
112.500
112.930
113.360
113.790
114.220
114.650
115.070
115.500
115.930
116.360
116.790
117.220
117.650
118.070
118.500
118.930
119.360
119.790
