0.280
0.620
0.970
1.320
1.660
2.000
2.340
2.700
3.040
3.380
3.730
4.080
4.420
4.760
5.110
5.450
5.800
6.140
6.490
6.830
7.180
7.520
7.860
8.220
8.550
8.900
9.240
9.590
9.930
10.280
10.620
10.970
11.310
11.660
12.000
12.350
12.690
13.040
13.380
13.730
14.070
14.420
14.760
15.110
15.450
15.800
16.140
16.490
16.830
17.180
17.530
17.870
18.210
18.550
18.910
19.250
19.600
19.950
20.290
20.640
20.990
21.330
21.670
22.020
22.350
22.700
23.040
23.380
23.730
24.070
24.420
24.770
25.110
25.470
25.800
26.150
26.490
26.830
27.180
27.520
27.870
28.210
28.560
28.900
29.240
29.590
29.930
30.280
30.620
30.970
31.310
31.660
32.000
32.350
32.690
33.040
33.380
33.730
34.070
34.420
34.760
35.110
35.450
35.800
36.140
36.490
36.830
37.260
37.860
38.550
39.240
39.930
40.620
41.310
42.010
42.690
43.380
44.070
44.760
45.450
46.140
46.830
47.520
48.210
48.900
49.590
50.280
50.970
51.660
52.350
53.040
53.730
54.420
55.110
55.800
56.490
57.180
57.870
58.560
59.250
59.940
60.630
61.320
62.000
62.700
63.380
64.080
64.760
65.450
66.140
66.830
67.520
68.210
68.900
69.590
70.280
70.970
71.660
72.350
73.050
73.730
74.420
75.110
75.800
76.490
77.180
77.870
78.560
79.250
79.940
80.630
81.320
82.010
82.700
83.390
84.080
84.770
85.450
86.140
86.830
87.520
88.210
88.900
89.590
90.280
90.970
91.660
92.350
93.040
93.730
94.420
95.110
95.800
96.490
97.180
97.820
98.210
98.560
98.900
99.250
99.590
99.940
100.280
100.630
100.970
101.320
101.660
102.000
102.350
102.690
103.040
103.380
103.730
104.070
104.420
104.780
105.110
105.450
105.800
106.140
106.480
106.830
107.180
107.520
107.870
108.210
108.560
108.900
109.250
109.590
109.930
110.280
110.620
110.970
111.320
111.660
112.000
112.350
112.690
113.040
113.380
113.730
114.070
114.420
114.760
115.110
115.450
115.800
116.140
116.490
116.830
117.180
117.520
117.870
118.210
118.550
118.900
119.250
119.590
119.930
