0.070
0.770
1.440
2.130
2.770
3.410
4.050
4.710
5.330
5.990
6.620
7.260
7.890
8.540
9.180
9.800
10.440
11.110
11.730
12.370
13.000
13.630
14.260
14.870
15.490
16.120
16.750
17.400
18.060
18.670
19.330
19.970
20.620
21.240
21.880
22.530
23.190
23.810
24.470
25.130
25.780
26.450
27.080
27.730
28.370
28.980
29.640
30.270
30.930
31.540
32.190
32.830
33.460
34.100
34.750
35.460
36.140
36.790
37.470
38.170
38.870
39.510
40.160
40.780
41.420
42.050
42.700
43.330
44.040
44.710
45.370
46.100
46.790
47.470
48.160
48.820
49.530
50.200
50.830
51.520
52.030
52.540
52.950
53.390
53.810
54.250
54.690
55.100
55.550
55.980
56.410
56.830
57.250
57.680
58.110
58.540
58.970
59.390
59.820
60.250
60.680
61.110
61.540
61.960
62.390
62.820
63.250
63.680
64.110
64.540
64.970
65.390
65.820
66.250
66.680
67.110
67.530
67.960
68.390
68.820
69.250
69.680
70.110
70.530
70.970
71.400
71.820
72.250
72.680
73.110
73.530
73.960
74.390
74.820
75.250
75.680
76.110
76.540
76.960
77.390
77.820
78.260
78.680
79.110
79.530
79.960
80.390
80.820
81.250
81.680
82.110
82.540
82.960
83.390
83.820
84.250
84.660
85.110
85.540
85.960
86.390
86.820
87.250
87.680
88.110
88.540
88.960
89.390
89.820
90.250
90.680
91.110
91.530
91.960
92.390
92.820
93.250
93.680
94.100
94.530
94.960
95.390
95.820
96.250
96.680
97.110
97.530
97.960
98.390
98.820
99.250
99.680
100.110
100.530
100.960
101.390
101.820
102.250
102.680
103.110
103.530
103.960
104.390
104.820
105.250
105.680
106.110
106.540
106.960
107.390
107.820
108.250
108.680
109.110
109.540
109.960
110.390
110.820
111.250
111.680
112.110
112.540
112.960
113.370
113.810
114.220
114.650
115.100
115.510
115.960
116.400
116.860
117.360
117.870
118.340
118.840
119.300
119.800
