0.620
1.310
2.010
2.720
3.410
4.120
4.830
5.540
6.270
7.050
7.890
8.640
9.390
10.130
10.880
11.640
12.400
13.170
13.930
14.720
15.490
16.290
16.880
17.480
18.080
18.690
19.290
19.900
20.530
21.130
21.560
22.010
22.460
22.910
23.360
23.830
24.280
24.710
25.130
25.570
25.990
26.420
26.850
27.280
27.700
28.140
28.560
28.990
29.420
29.840
30.280
30.710
31.130
31.560
31.990
32.420
32.850
33.280
33.700
34.130
34.560
34.990
35.420
35.850
36.280
36.700
37.140
37.560
37.990
38.420
38.850
39.270
39.700
40.130
40.560
40.990
41.410
41.840
42.270
42.710
43.130
43.560
43.990
44.420
44.850
45.270
45.700
46.120
46.560
46.990
47.420
47.850
48.270
48.700
49.130
49.550
49.990
50.420
50.840
51.280
51.700
52.140
52.560
52.990
53.420
53.850
54.270
54.700
55.130
55.570
55.990
56.420
56.850
57.280
57.700
58.130
58.560
58.990
59.420
59.850
60.270
60.700
61.130
61.560
61.990
62.420
62.840
63.270
63.700
64.130
64.560
64.990
65.420
65.840
66.270
66.700
67.130
67.560
67.990
68.420
68.840
69.280
69.700
70.130
70.560
70.990
71.420
71.850
72.270
72.700
73.130
73.560
73.990
74.420
74.840
75.270
75.700
76.130
76.560
76.990
77.420
77.850
78.280
78.700
79.130
79.550
79.980
80.410
80.850
81.270
81.700
82.140
82.560
83.000
83.420
83.850
84.280
84.700
85.140
85.580
85.990
86.420
86.850
87.270
87.700
88.130
88.560
88.990
89.420
89.850
90.280
90.710
91.130
91.560
91.980
92.410
92.850
93.280
93.700
94.130
94.560
94.990
95.420
95.850
96.280
96.710
97.130
97.560
97.990
98.420
98.850
99.270
99.700
100.130
100.560
100.990
101.420
101.850
102.280
102.710
103.130
103.560
103.990
104.420
104.840
105.290
105.700
106.140
106.560
107.000
107.420
107.850
108.270
108.700
109.130
109.560
109.990
110.420
110.840
111.270
111.700
112.130
112.560
112.990
113.420
113.850
114.270
114.700
115.130
115.560
115.990
116.420
116.840
117.280
117.700
118.130
118.560
118.990
119.420
119.840
