0.070
0.520
0.990
1.460
1.940
2.410
2.890
3.360
3.840
4.320
4.790
5.270
5.750
6.220
6.700
7.180
7.650
8.130
8.600
9.080
9.560
10.030
10.510
10.990
11.460
11.940
12.420
12.900
13.370
13.850
14.320
14.790
15.270
15.670
16.050
16.460
16.940
17.410
17.890
18.370
18.840
19.320
19.790
20.260
20.740
21.220
21.690
22.160
22.640
23.120
23.600
24.080
24.560
25.040
25.510
25.990
26.460
26.940
27.430
27.900
28.380
28.850
29.330
29.800
30.270
30.710
31.120
31.530
31.950
32.420
32.890
33.370
33.850
34.320
34.790
35.270
35.750
36.230
36.710
37.170
37.650
38.120
38.610
39.080
39.550
40.040
40.510
40.980
41.470
41.940
42.410
42.890
43.360
43.840
44.320
44.790
45.270
45.750
46.230
46.700
47.170
47.650
48.130
48.600
49.080
49.550
50.030
50.510
50.980
51.470
51.940
52.410
52.890
53.370
53.840
54.320
54.790
55.270
55.750
56.220
56.700
57.180
57.650
58.130
58.610
59.080
59.570
60.030
60.510
60.980
61.460
61.940
62.410
62.900
63.370
63.840
64.320
64.800
65.270
65.750
66.230
66.700
67.190
67.660
68.140
68.620
69.080
69.570
70.040
70.510
70.990
71.470
71.940
72.420
72.890
73.370
73.850
74.320
74.800
75.280
75.750
76.220
76.700
77.180
77.650
78.130
78.610
79.080
79.550
80.040
80.510
81.000
81.470
81.940
82.420
82.900
83.370
83.840
84.320
84.800
85.270
85.750
86.230
86.700
87.180
87.650
88.120
88.610
89.090
89.570
90.040
90.510
91.000
91.480
91.940
92.410
92.900
93.370
93.850
94.330
94.800
95.280
95.750
96.230
96.720
97.190
97.650
98.130
98.610
99.080
99.560
100.040
100.510
101.000
101.470
101.940
102.420
102.900
103.370
103.840
104.330
104.800
105.290
105.760
106.230
106.700
107.180
107.650
108.130
108.610
109.080
109.570
110.040
110.510
110.990
111.470
111.940
112.430
112.890
113.380
113.860
114.330
114.800
115.270
115.760
116.230
116.700
117.180
117.650
118.120
118.600
119.080
119.550
120.070
