0.490
1.360
2.210
3.060
3.920
4.800
5.640
6.500
7.350
8.220
9.060
9.930
10.790
11.640
12.500
13.360
14.220
15.070
15.920
16.800
17.640
18.500
19.360
20.240
21.070
21.930
22.780
23.650
24.500
25.350
26.210
27.070
27.920
28.780
29.640
30.510
31.340
32.210
33.070
33.930
34.780
35.640
36.500
37.360
38.210
39.070
39.930
40.790
41.640
42.500
43.350
44.210
45.070
45.930
46.780
47.640
48.500
49.360
50.210
51.070
51.930
52.760
53.640
54.500
55.360
56.210
57.070
57.930
58.780
59.650
60.500
61.360
62.210
63.070
63.930
64.780
65.640
66.500
67.350
68.210
69.070
69.930
70.790
71.640
72.500
73.360
74.210
75.070
75.930
76.790
77.650
78.480
79.380
80.200
81.070
81.930
82.780
83.640
84.500
85.360
86.210
87.070
87.930
88.780
89.640
90.500
91.360
92.210
93.070
93.930
94.780
95.640
96.500
97.360
98.210
99.070
99.930
100.780
101.640
102.500
103.360
104.210
105.070
105.930
106.810
107.620
108.500
109.360
110.210
111.070
111.930
112.780
113.640
114.490
115.350
116.300
117.190
118.120
119.000
119.920
