0.060
0.520
1.000
1.470
1.950
2.430
2.890
3.380
3.850
4.330
4.800
5.280
5.750
6.240
6.700
7.190
7.660
8.140
8.610
9.090
9.560
10.040
10.520
11.000
11.470
11.950
12.420
12.900
13.370
13.850
14.330
14.810
15.280
15.760
16.230
16.710
17.180
17.660
18.140
18.610
19.110
19.570
20.040
20.520
21.000
21.470
21.940
22.420
22.920
23.370
23.850
24.320
24.810
25.280
25.760
26.230
26.730
27.180
27.660
28.130
28.620
29.090
29.570
30.040
30.540
30.990
31.470
31.940
32.420
32.900
33.380
33.850
34.330
34.810
35.280
35.760
36.250
36.710
37.180
37.660
38.140
38.610
39.090
39.570
40.060
40.520
40.990
41.470
41.950
42.420
42.900
43.380
43.860
44.330
44.810
45.280
45.760
46.230
46.710
47.190
47.660
48.140
48.610
49.090
49.570
50.040
50.520
50.990
51.490
51.940
52.420
52.900
53.380
53.850
54.330
54.800
55.290
55.760
56.230
56.700
57.190
57.660
58.140
58.610
59.110
59.560
60.040
60.520
61.000
61.470
61.950
62.420
62.920
63.380
63.850
64.330
64.810
65.280
65.760
66.230
66.720
67.190
67.660
68.140
68.640
69.090
69.570
70.040
70.520
70.990
71.470
71.950
72.440
72.900
73.380
73.850
74.330
74.800
75.280
75.760
76.250
76.710
77.190
77.660
78.140
78.610
79.090
79.570
80.040
80.520
81.000
81.470
81.950
82.430
82.900
83.380
83.850
84.330
84.810
85.280
85.750
86.230
86.710
87.190
87.660
88.140
88.610
89.090
89.560
90.040
90.520
91.000
91.470
91.950
92.430
92.900
93.370
93.850
94.330
94.810
95.270
95.760
96.230
96.710
97.180
97.660
98.140
98.620
99.090
99.570
100.040
100.520
100.990
101.470
101.950
102.430
102.890
103.380
103.850
104.330
104.800
105.280
105.760
106.230
106.710
107.190
107.660
108.140
108.610
109.090
109.570
110.040
110.510
111.000
111.470
111.950
112.420
112.900
113.380
113.850
114.330
114.810
115.280
115.760
116.230
116.710
117.180
117.660
118.130
118.620
119.090
119.570
120.040
