0.270
0.960
1.650
2.350
3.050
3.740
4.430
5.130
5.820
6.510
7.210
7.900
8.600
9.290
9.990
10.680
11.300
11.890
12.510
13.100
13.810
14.500
15.190
15.880
16.580
17.260
17.960
18.650
19.350
20.040
20.730
21.430
22.120
22.820
23.510
24.200
24.900
25.590
26.290
26.980
27.680
28.370
29.070
29.760
30.460
31.150
31.850
32.540
33.250
33.920
34.490
35.050
35.650
36.190
36.680
37.120
37.580
38.060
38.500
38.970
39.440
39.880
40.360
40.800
41.280
41.740
42.230
42.670
43.140
43.590
44.050
44.510
44.990
45.430
45.890
46.360
46.810
47.270
47.750
48.190
48.670
49.110
49.580
50.070
50.540
50.980
51.440
51.900
52.360
52.840
53.300
53.740
54.220
54.680
55.110
55.570
55.990
56.450
56.800
57.150
57.480
57.840
58.200
58.540
58.890
59.230
59.580
59.930
60.270
60.620
60.960
61.310
61.650
62.010
62.350
62.700
63.040
63.390
63.740
64.090
64.430
64.780
65.120
65.470
65.820
66.170
66.510
66.860
67.200
67.550
67.900
68.230
68.580
68.940
69.280
69.630
69.980
70.330
70.670
71.020
71.370
71.710
72.060
72.410
72.750
73.100
73.450
73.800
74.140
74.490
74.830
75.180
75.530
75.880
76.220
76.570
76.920
77.260
77.610
77.960
78.300
78.650
79.000
79.350
79.700
80.040
80.390
80.730
81.080
81.430
81.770
82.120
82.470
82.810
83.160
83.510
83.850
84.200
84.550
84.890
85.240
85.590
85.930
86.280
86.630
86.980
87.320
87.670
88.020
88.360
88.710
89.050
89.400
89.750
90.090
90.440
90.800
91.140
91.480
91.830
92.180
92.530
92.870
93.220
93.560
93.910
94.260
94.610
94.950
95.300
95.650
95.990
96.340
96.690
97.040
97.390
97.730
98.080
98.430
98.780
99.120
99.460
99.820
100.160
100.510
100.850
101.220
101.550
101.890
102.240
102.570
102.930
103.270
103.620
103.970
104.310
104.660
105.010
105.360
105.710
106.050
106.400
106.750
107.090
107.440
107.790
108.140
108.480
108.820
109.170
109.520
109.870
110.210
110.560
110.910
111.250
111.600
111.950
112.290
112.630
112.980
113.330
113.680
114.030
114.370
114.720
115.070
115.420
115.760
116.110
116.460
116.800
117.150
117.500
117.840
118.190
118.530
118.880
119.240
119.570
119.920
