0.180
0.520
0.870
1.210
1.550
1.900
2.250
2.590
2.940
3.280
3.630
3.970
4.310
4.660
5.010
5.350
5.700
6.040
6.390
6.730
7.070
7.420
7.760
8.110
8.450
8.800
9.140
9.490
9.830
10.180
10.520
10.870
11.210
11.560
11.900
12.250
12.590
12.940
13.280
13.630
13.970
14.310
14.660
15.010
15.350
15.690
16.040
16.380
16.720
17.070
17.420
17.760
18.110
18.450
18.800
19.140
19.480
19.830
20.180
20.520
20.870
21.210
21.560
21.900
22.250
22.590
22.940
23.280
23.620
23.970
24.320
24.660
25.000
25.350
25.690
26.040
26.380
26.730
27.070
27.420
27.760
28.100
28.460
28.800
29.150
29.480
29.830
30.180
30.520
30.870
31.210
31.560
31.910
32.240
32.590
32.930
33.370
33.860
34.320
34.830
35.350
35.870
36.380
36.900
37.410
37.920
38.380
38.880
39.360
39.830
40.350
40.860
41.380
41.900
42.420
42.930
43.390
43.890
44.370
44.830
45.350
45.870
46.390
46.900
47.420
47.930
48.450
48.800
49.140
49.480
49.830
50.180
50.510
50.870
51.210
51.560
51.900
52.250
52.590
52.940
53.280
53.630
53.980
54.310
54.660
55.020
55.370
55.730
56.080
56.430
56.780
57.120
57.460
57.810
58.160
58.510
58.870
59.190
59.550
59.890
60.230
60.570
60.890
61.240
61.570
61.930
62.250
62.620
62.960
63.320
63.650
63.980
64.320
64.680
65.020
65.350
65.690
66.040
66.390
66.730
67.080
67.420
67.760
68.110
68.460
68.800
69.140
69.490
69.830
70.180
70.520
70.870
71.210
71.560
71.900
72.250
72.590
72.940
73.280
73.630
73.970
74.320
74.660
75.010
75.350
75.700
76.030
76.380
76.730
77.070
77.420
77.760
78.110
78.450
78.800
79.140
79.490
79.830
80.180
80.520
80.870
81.210
81.550
81.900
82.250
82.590
82.940
83.280
83.630
83.970
84.310
84.660
85.000
85.350
85.700
86.040
86.380
86.730
87.070
87.420
87.760
88.110
88.450
88.800
89.140
89.490
89.830
90.180
90.520
90.870
91.210
91.550
91.900
92.250
92.590
92.940
93.280
93.620
93.970
94.310
94.660
95.010
95.350
95.690
96.040
96.380
96.720
97.070
97.420
97.760
98.110
98.450
98.790
99.140
99.490
99.830
100.180
100.520
100.870
101.210
101.560
101.900
102.250
102.590
102.940
103.280
103.620
103.970
104.310
104.660
105.010
105.350
105.700
106.040
106.380
106.730
107.070
107.420
107.760
108.110
108.450
108.800
109.140
109.480
109.830
110.180
110.520
110.860
111.210
111.560
111.900
112.240
112.590
112.930
113.280
113.620
113.970
114.320
114.660
115.000
115.350
115.690
116.040
116.380
116.730
117.070
117.420
117.760
118.110
118.450
118.800
119.140
119.480
119.830
