0.240
0.590
0.940
1.290
1.650
2.000
2.360
2.710
3.060
3.410
3.770
4.120
4.470
4.820
5.180
5.530
5.880
6.230
6.590
6.940
7.300
7.650
8.000
8.350
8.710
9.060
9.420
9.760
10.120
10.470
10.830
11.180
11.530
11.880
12.240
12.590
12.940
13.290
13.650
14.000
14.350
14.700
15.060
15.410
15.760
16.110
16.470
16.820
17.180
17.530
17.880
18.230
18.590
18.940
19.300
19.650
20.010
20.350
20.710
21.060
21.420
21.760
22.120
22.470
22.820
23.180
23.530
23.880
24.240
24.590
24.940
25.290
25.650
26.000
26.360
26.710
27.060
27.410
27.770
28.120
28.470
28.820
29.180
29.530
29.890
30.230
30.590
30.940
31.300
31.650
32.000
32.350
32.710
33.060
33.420
33.760
34.120
34.470
34.830
35.180
35.530
35.880
36.240
36.590
36.940
37.290
37.650
38.000
38.350
38.700
39.060
39.410
39.760
40.120
40.470
40.820
41.180
41.530
41.880
42.230
42.590
42.940
43.300
43.650
44.000
44.350
44.710
45.060
45.410
45.770
46.120
46.470
46.830
47.180
47.530
47.880
48.230
48.590
48.940
49.290
49.650
50.000
50.360
50.710
51.060
51.410
51.770
52.120
52.470
52.820
53.180
53.530
53.890
54.230
54.590
54.940
55.300
55.640
56.000
56.350
56.710
57.060
57.420
57.760
58.120
58.470
58.820
59.180
59.530
59.880
60.240
60.590
60.940
61.290
61.650
62.000
62.350
62.710
63.060
63.410
63.770
64.120
64.470
64.820
65.180
65.530
65.880
66.240
66.590
66.940
67.300
67.650
68.000
68.350
68.710
69.060
69.410
69.770
70.120
70.470
70.830
71.180
71.530
71.890
72.240
72.590
72.950
73.290
73.650
74.000
74.350
74.710
75.060
75.410
75.770
76.120
76.470
76.820
77.180
77.530
77.880
78.230
78.590
78.940
79.290
79.650
80.000
80.350
80.710
81.060
81.410
81.760
82.120
82.470
82.830
83.180
83.530
83.880
84.240
84.590
84.940
85.290
85.650
86.000
86.350
86.710
87.060
87.410
87.770
88.120
88.470
88.820
89.180
89.530
89.880
90.240
90.590
90.940
91.300
91.650
92.000
92.350
92.710
93.060
93.410
93.770
94.120
94.480
94.830
95.180
95.530
95.880
96.240
96.590
96.940
97.290
97.650
98.000
98.350
98.710
99.060
99.410
99.770
100.120
100.480
100.820
101.180
101.530
101.880
102.240
102.590
102.940
103.300
103.650
104.000
104.350
104.710
105.060
105.420
105.770
106.120
106.470
106.830
107.180
107.530
107.880
108.240
108.590
108.940
109.290
109.650
110.000
110.360
110.710
111.060
111.410
111.770
112.120
112.470
112.830
113.180
113.530
113.880
114.230
114.590
114.940
115.290
115.650
116.000
116.350
116.700
117.050
117.410
117.760
118.100
118.470
118.820
119.150
119.520
119.870
