0.220
0.570
0.930
1.280
1.630
1.980
2.340
2.690
3.040
3.390
3.750
4.100
4.450
4.810
5.160
5.510
5.860
6.220
6.570
6.930
7.280
7.630
7.980
8.340
8.690
9.000
9.320
9.650
9.960
10.280
10.630
10.960
11.340
11.690
12.050
12.400
12.750
13.100
13.450
13.810
14.160
14.510
14.870
15.220
15.570
15.920
16.280
16.610
16.980
17.330
17.690
18.040
18.400
18.750
19.100
19.450
19.810
20.160
20.520
20.870
21.220
21.570
21.920
22.260
22.630
22.980
23.340
23.690
24.040
24.390
24.750
25.100
25.460
25.810
26.160
26.520
26.870
27.210
27.570
27.920
28.280
28.630
28.990
29.340
29.690
30.040
30.400
30.750
31.100
31.450
31.810
32.150
32.510
32.860
33.220
33.560
33.930
34.270
34.630
34.990
35.340
35.690
36.040
36.390
36.750
37.100
37.460
37.810
38.160
38.510
38.870
39.220
39.570
39.930
40.280
40.630
40.990
41.330
41.690
42.040
42.390
42.750
43.100
43.450
43.810
44.160
44.510
44.860
45.210
45.570
45.930
46.280
46.630
46.980
47.340
47.690
48.040
48.390
48.750
49.100
49.450
49.800
50.160
50.510
50.870
51.220
51.570
51.920
52.280
52.630
52.980
53.340
53.690
54.040
54.400
54.750
55.100
55.450
55.810
56.160
56.510
56.870
57.220
57.570
57.930
58.280
58.630
58.980
59.340
59.690
60.050
60.390
60.750
61.100
61.450
61.810
62.160
62.510
62.870
63.220
63.570
63.920
64.270
64.630
64.980
65.330
65.690
66.040
66.390
66.740
67.100
67.450
67.800
68.160
68.510
68.870
69.220
69.560
69.920
70.280
70.630
70.980
71.340
71.690
72.040
72.390
72.750
73.100
73.450
73.800
74.160
74.510
74.870
75.210
75.570
75.920
76.280
76.630
76.980
77.340
77.690
78.040
78.400
78.750
79.100
79.450
79.810
80.160
80.510
80.860
81.220
81.570
81.930
82.280
82.630
82.980
83.340
83.690
84.040
84.400
84.750
85.100
85.460
85.810
86.160
86.510
86.870
87.220
87.570
87.920
88.280
88.630
88.980
89.340
89.690
90.040
90.390
90.740
91.030
91.330
91.630
91.980
92.340
92.690
93.040
93.390
93.750
94.100
94.450
94.810
95.160
95.510
95.870
96.220
96.570
96.920
97.280
97.630
97.980
98.330
98.690
99.040
99.390
99.750
100.100
100.450
100.810
101.160
101.510
101.860
102.220
102.570
102.930
103.280
103.630
103.980
104.340
104.690
105.040
105.390
105.750
106.100
106.450
106.810
107.160
107.510
107.860
108.220
108.570
108.920
109.280
109.630
109.980
110.330
110.690
111.040
111.400
111.750
112.100
112.450
112.810
113.160
113.510
113.860
114.220
114.570
114.920
115.270
115.620
115.980
116.330
116.690
117.040
117.390
117.740
118.100
118.450
118.800
119.160
119.510
119.860
