0.370
0.770
1.180
1.590
1.990
2.400
2.800
3.210
3.610
4.020
4.420
4.830
5.230
5.640
6.040
6.450
6.860
7.260
7.670
8.070
8.480
8.880
9.290
9.690
10.100
10.500
10.910
11.320
11.730
12.130
12.540
12.940
13.340
13.750
14.160
14.560
14.970
15.370
15.770
16.180
16.580
16.990
17.400
17.800
18.210
18.620
19.020
19.430
19.820
20.230
20.640
21.040
21.450
21.850
22.260
22.660
23.070
23.480
23.880
24.290
24.690
25.100
25.500
25.910
26.310
26.720
27.120
27.530
27.940
28.340
28.750
29.150
29.560
29.960
30.370
30.770
31.180
31.580
31.990
32.390
32.800
33.210
33.610
34.020
34.420
34.830
35.230
35.640
36.040
36.450
36.850
37.260
37.670
38.070
38.480
38.880
39.290
39.690
40.100
40.500
40.910
41.310
41.720
42.130
42.530
42.930
43.340
43.740
44.150
44.560
44.960
45.370
45.770
46.180
46.580
46.990
47.390
47.800
48.210
48.610
49.010
49.420
49.830
50.230
50.640
51.040
51.450
51.850
52.260
52.660
53.070
53.470
53.880
54.290
54.690
55.100
55.500
55.910
56.310
56.720
57.120
57.530
57.930
58.340
58.740
59.150
59.550
59.960
60.370
60.770
61.180
61.580
61.990
62.390
62.800
63.200
63.610
64.020
64.420
64.830
65.230
65.640
66.050
66.450
66.860
67.260
67.670
68.080
68.470
68.880
69.290
69.690
70.100
70.500
70.910
71.310
71.720
72.130
72.530
72.940
73.340
73.750
74.150
74.560
74.960
75.370
75.770
76.180
76.590
76.990
77.390
77.800
78.210
78.610
79.020
79.420
79.830
80.230
80.640
81.040
81.450
81.860
82.260
82.670
83.070
83.480
83.880
84.290
84.690
85.100
85.500
85.910
86.310
86.720
87.130
87.530
87.930
88.340
88.750
89.150
89.560
89.960
90.370
90.770
91.180
91.580
91.990
92.400
92.800
93.210
93.610
94.020
94.420
94.830
95.230
95.640
96.040
96.450
96.860
97.260
97.670
98.070
98.480
98.880
99.290
99.690
100.100
100.510
100.910
101.310
101.720
102.130
102.530
102.940
103.350
103.750
104.150
104.560
104.960
105.370
105.770
106.180
106.580
106.990
107.400
107.800
108.210
108.610
109.020
109.420
109.830
110.230
110.640
111.040
111.450
111.850
112.260
112.670
113.070
113.480
113.880
114.290
114.690
115.100
115.500
115.910
116.320
116.720
117.130
117.530
117.940
118.340
118.750
119.150
119.560
119.960
