0.390
0.810
1.240
1.670
2.100
2.520
2.960
3.390
3.820
4.240
4.680
5.100
5.530
5.960
6.390
6.810
7.240
7.670
8.100
8.530
8.950
9.390
9.810
10.240
10.670
11.100
11.530
11.950
12.390
12.810
13.240
13.670
14.110
14.530
14.950
15.380
15.820
16.240
16.670
17.100
17.530
17.950
18.380
18.810
19.250
19.670
20.100
20.520
20.960
21.390
21.820
22.240
22.670
23.100
23.530
23.960
24.390
24.810
25.240
25.670
26.110
26.530
26.950
27.380
27.820
28.240
28.670
29.100
29.530
29.960
30.390
30.810
31.250
31.670
32.100
32.520
32.960
33.380
33.810
34.240
34.670
35.100
35.530
35.960
36.380
36.810
37.240
37.670
37.990
38.330
38.670
39.010
39.370
39.700
40.030
40.370
40.720
41.070
41.410
41.740
42.070
42.410
42.770
43.110
43.450
43.770
44.110
44.480
44.830
45.170
45.510
45.860
46.230
46.560
46.890
47.230
47.590
47.930
48.270
48.590
48.930
49.270
49.630
49.970
50.310
50.630
50.980
51.350
51.700
52.030
52.360
52.700
53.060
53.400
53.740
54.060
54.400
54.760
55.110
55.450
55.790
56.150
56.510
56.840
57.170
57.510
57.850
58.210
58.550
58.880
59.210
59.550
59.910
60.250
60.590
60.910
61.250
61.610
61.970
62.310
62.650
63.000
63.370
63.700
64.030
64.370
64.720
65.070
65.410
65.740
66.070
66.410
66.760
67.110
67.450
67.790
68.150
68.510
68.840
69.170
69.510
69.850
70.210
70.550
70.880
71.210
71.550
71.910
72.260
72.600
72.940
73.290
73.660
73.990
74.310
74.630
74.960
75.320
75.680
76.020
76.360
76.710
77.080
77.420
77.740
78.080
78.420
78.780
79.120
79.450
79.780
80.120
80.520
80.950
81.380
81.810
82.240
82.670
83.100
83.520
83.950
84.390
84.810
85.240
85.670
86.100
86.530
86.950
87.380
87.810
88.240
88.670
89.100
89.520
89.950
90.380
90.810
91.240
91.670
92.090
92.520
92.950
93.380
93.810
94.230
94.670
95.100
95.520
95.950
96.380
96.810
97.240
97.670
98.100
98.520
98.950
99.380
99.810
100.240
100.670
101.100
101.520
101.950
102.380
102.810
103.240
103.670
104.100
104.520
104.950
105.380
105.810
106.240
106.670
107.090
107.520
107.950
108.380
108.810
109.240
109.670
110.100
110.520
110.950
111.380
111.810
112.240
112.670
113.100
113.520
113.950
114.380
114.810
115.240
115.670
116.090
116.520
116.950
117.380
117.810
118.240
118.670
119.090
119.520
119.950
