0.090
0.790
1.480
2.170
2.850
3.540
4.230
4.920
5.610
6.300
6.990
7.680
8.370
9.060
9.750
10.440
11.130
11.820
12.510
13.200
13.890
14.580
15.270
15.960
16.650
17.340
18.030
18.720
19.400
20.090
20.780
21.470
22.170
22.850
23.550
24.230
24.920
25.610
26.300
26.990
27.680
28.370
29.060
29.750
30.440
31.130
31.820
32.510
33.200
33.890
34.580
35.270
35.960
36.650
37.340
38.030
38.720
39.410
40.100
40.790
41.480
42.160
42.850
43.540
44.240
44.920
45.610
46.300
46.990
47.680
48.370
49.060
49.750
50.440
51.130
51.820
52.510
53.200
53.890
54.580
55.270
55.960
56.650
57.340
58.030
58.710
59.410
60.100
60.790
61.480
62.170
62.860
63.550
64.240
64.930
65.610
66.310
66.990
67.680
68.370
69.060
69.750
70.440
71.130
71.820
72.510
73.200
73.890
74.580
75.270
75.960
76.650
77.340
78.020
78.720
79.410
80.100
80.790
81.480
82.160
82.850
83.550
84.240
84.930
85.610
86.300
86.990
87.680
88.370
89.060
89.750
90.440
91.130
91.820
92.510
93.200
93.890
94.580
95.270
95.960
96.650
97.330
98.030
98.710
99.410
100.100
100.790
101.480
102.160
102.850
103.540
104.230
104.930
105.610
106.300
106.990
107.680
108.370
109.060
109.750
110.440
111.130
111.820
112.510
113.200
113.890
114.580
115.270
115.960
116.650
117.340
118.030
118.720
119.390
120.090
