0.120
0.980
1.860
2.700
3.560
4.410
5.300
6.120
6.980
7.840
8.720
9.550
10.410
11.270
12.150
12.980
13.840
14.700
15.570
16.400
17.280
18.130
18.980
19.840
20.690
21.560
22.410
23.270
24.120
24.980
25.840
26.700
27.550
28.410
29.260
30.110
30.980
31.870
32.680
33.550
34.410
35.290
36.130
37.020
37.850
38.730
39.550
40.450
41.280
42.160
43.010
43.830
44.690
45.550
46.440
47.270
48.130
48.990
49.870
50.690
51.570
52.410
53.300
54.120
54.990
55.840
56.730
57.550
58.430
59.270
60.160
60.980
61.850
62.700
63.580
64.410
65.280
66.120
67.020
67.840
68.710
69.550
70.420
71.260
72.140
72.980
73.860
74.700
75.550
76.410
77.290
78.120
78.980
79.840
80.720
81.550
82.410
83.270
84.150
84.980
85.840
86.700
87.580
88.410
89.270
90.130
91.010
91.840
92.700
93.550
94.430
95.270
96.120
96.980
97.850
98.680
99.570
100.410
101.270
102.130
102.980
103.840
104.690
105.550
106.410
107.270
108.120
108.980
109.840
110.700
111.550
112.420
113.260
114.100
114.970
115.850
116.660
117.550
118.380
119.280
