0.370
1.070
1.770
2.460
3.160
3.860
4.560
5.240
5.950
6.640
7.350
8.040
8.740
9.440
10.140
10.830
11.530
12.230
12.930
13.610
14.320
15.020
15.720
16.410
17.110
17.810
18.510
19.200
19.900
20.600
21.300
21.990
22.610
23.220
23.920
24.610
25.320
26.010
26.710
27.410
28.110
28.800
29.500
30.200
30.900
31.590
32.290
32.990
33.690
34.380
35.090
35.780
36.490
37.170
37.880
38.570
39.280
39.960
40.660
41.360
42.060
42.750
43.460
44.150
44.850
45.550
46.250
46.940
47.650
48.340
49.030
49.730
50.430
51.130
51.830
52.520
53.230
53.920
54.620
55.310
56.010
56.710
57.410
58.100
58.810
59.500
60.210
60.890
61.590
62.290
62.990
63.690
64.380
65.080
65.790
66.480
67.180
67.870
68.570
69.330
70.140
70.840
71.530
72.230
72.930
73.630
74.320
75.010
75.720
76.420
77.110
77.810
78.510
79.220
79.910
80.600
81.300
82.000
82.690
83.390
84.090
84.780
85.480
86.180
86.880
87.580
88.280
88.970
89.670
90.370
91.070
91.760
92.460
93.160
93.860
94.550
95.260
95.950
96.650
97.340
98.050
98.750
99.440
100.040
100.660
101.360
102.060
102.760
103.470
104.150
104.860
105.550
106.250
106.940
107.650
108.340
109.040
109.730
110.440
111.130
111.840
112.520
113.220
113.920
114.620
115.310
116.010
116.710
117.410
118.100
118.810
119.500
