0.590
1.350
2.090
2.850
3.590
4.350
5.090
5.860
6.590
7.370
8.090
8.870
9.590
10.370
11.090
11.850
12.590
13.340
14.090
14.840
15.590
16.340
17.090
17.840
18.590
19.370
20.080
20.870
21.580
22.340
23.080
23.840
24.590
25.340
26.090
26.840
27.590
28.340
29.090
29.840
30.600
31.370
32.080
32.870
33.580
34.370
35.080
35.840
36.590
37.340
38.090
38.840
39.600
40.360
41.090
41.870
42.590
43.370
44.090
44.870
45.590
46.370
47.090
47.850
48.600
49.350
50.090
50.850
51.600
52.350
53.090
53.860
54.600
55.360
56.090
56.860
57.590
58.360
59.090
59.850
60.590
61.350
62.100
62.850
63.600
64.350
65.100
65.850
66.600
67.350
68.110
68.850
69.610
70.350
71.100
71.850
72.600
73.350
74.100
74.840
75.600
76.350
77.100
77.840
78.590
79.360
80.090
80.850
81.590
82.360
83.090
83.840
84.590
85.340
86.090
86.840
87.590
88.340
89.090
89.840
90.600
91.370
92.100
92.850
93.580
94.330
95.090
95.840
96.590
97.340
98.090
98.840
99.600
100.340
101.090
101.840
102.590
103.370
104.090
104.860
105.590
106.360
107.080
107.850
108.580
109.340
110.090
110.840
111.590
112.350
113.090
113.860
114.590
115.360
116.100
116.850
117.600
118.360
119.080
119.850
