0.140
0.550
0.950
1.360
1.760
2.170
2.580
2.990
3.390
3.800
4.200
4.600
5.010
5.420
5.820
6.230
6.630
7.040
7.440
7.850
8.250
8.650
9.060
9.470
9.870
10.280
10.690
11.090
11.500
11.900
12.300
12.720
13.110
13.520
13.940
14.340
14.750
15.150
15.540
15.960
16.350
16.750
17.170
17.570
17.980
18.390
18.790
19.200
19.610
20.010
20.420
20.830
21.230
21.650
22.040
22.440
22.840
23.250
23.660
24.060
24.460
24.870
25.280
25.690
26.100
26.500
26.910
27.310
27.710
28.110
28.520
28.930
29.340
29.740
30.150
30.550
30.950
31.360
31.770
32.170
32.580
32.980
33.390
33.790
34.190
34.600
35.010
35.420
35.830
36.230
36.630
37.030
37.430
37.840
38.250
38.660
39.070
39.470
39.880
40.290
40.690
41.100
41.510
41.900
42.300
42.710
43.120
43.530
43.930
44.340
44.740
45.150
45.550
45.960
46.360
46.760
47.170
47.580
47.990
48.390
48.790
49.200
49.610
50.010
50.420
50.820
51.230
51.630
52.040
52.440
52.850
53.250
53.660
54.070
54.470
54.880
55.280
55.680
56.090
56.490
56.900
57.300
57.710
58.120
58.530
58.930
59.340
59.740
60.150
60.540
60.950
61.360
61.760
62.170
62.580
62.980
63.390
63.800
64.200
64.610
65.010
65.420
65.850
66.230
66.640
67.040
67.440
67.850
68.250
68.640
69.060
69.460
69.870
70.270
70.680
71.090
71.500
71.900
72.310
72.710
73.110
73.510
73.930
74.340
74.730
75.150
75.550
75.950
76.350
76.760
77.170
77.570
77.980
78.390
78.800
79.200
79.600
80.030
80.420
80.820
81.230
81.630
82.040
82.440
82.840
83.250
83.650
84.070
84.470
84.870
85.280
85.690
86.100
86.490
86.900
87.310
87.710
88.110
88.520
88.930
89.330
89.740
90.150
90.550
90.960
91.360
91.770
92.170
92.570
92.970
93.390
93.790
94.190
94.610
95.010
95.420
95.820
96.230
96.630
97.040
97.440
97.850
98.260
98.660
99.060
99.460
99.870
100.280
100.690
101.090
101.500
101.900
102.310
102.710
103.120
103.530
103.930
104.340
104.740
105.140
105.550
105.950
106.360
106.770
107.170
107.580
107.980
108.390
108.800
109.200
109.600
110.010
110.410
110.820
111.230
111.630
112.040
112.440
112.840
113.260
113.660
114.070
114.470
114.870
115.280
115.690
116.090
116.500
116.900
117.300
117.720
118.160
118.600
119.060
119.480
119.940
