0.640
1.580
2.480
3.390
4.270
5.180
6.080
7.030
7.700
8.390
9.070
9.760
10.520
11.290
12.030
12.710
13.390
14.070
14.860
15.610
16.340
17.070
17.850
18.610
19.300
19.980
20.660
21.350
22.140
22.890
23.620
24.350
25.110
25.890
26.570
27.250
27.940
28.620
29.400
30.150
30.890
31.610
32.390
33.150
33.850
34.530
35.210
35.890
36.350
36.810
37.260
37.710
38.160
38.620
39.080
39.530
39.980
40.440
40.900
41.350
41.800
42.260
42.710
43.160
43.620
44.070
44.530
44.980
45.440
45.890
46.350
46.800
47.260
47.710
48.170
48.620
49.080
49.530
49.990
50.440
50.900
51.350
51.800
52.270
52.710
53.170
53.620
54.080
54.530
54.990
55.440
55.900
56.350
56.800
57.260
57.710
58.170
58.620
59.070
59.530
59.990
60.440
60.890
61.350
61.800
62.260
62.710
63.160
63.620
64.080
64.540
64.980
65.440
65.890
66.350
66.810
67.260
67.710
68.160
68.620
69.080
69.530
69.990
70.440
70.900
71.350
71.800
72.260
72.710
73.170
73.620
74.080
74.530
74.990
75.440
75.890
76.350
76.800
77.260
77.720
78.160
78.620
79.080
79.530
79.990
80.440
80.890
81.350
81.800
82.260
82.710
83.170
83.630
84.080
84.530
84.980
85.440
85.900
86.350
86.800
87.260
87.710
88.170
88.630
89.080
89.530
89.980
90.440
90.900
91.350
91.810
92.260
92.710
93.170
93.620
94.080
94.530
94.990
95.440
95.900
96.350
96.810
97.260
97.710
98.170
98.620
99.080
99.530
99.980
100.440
100.890
101.350
101.800
102.260
102.710
103.170
103.620
104.080
104.530
104.990
105.440
105.890
106.350
106.800
107.250
107.720
108.170
108.620
109.080
109.530
109.990
110.440
110.900
111.350
111.810
112.260
112.720
113.170
113.620
114.070
114.530
114.980
115.440
115.890
116.350
116.800
117.260
117.710
118.160
118.620
119.070
119.530
119.980
