0.680
1.550
2.360
3.200
4.100
4.970
5.800
6.690
7.550
8.400
9.260
10.150
10.970
11.680
12.360
13.000
13.660
14.370
15.030
15.690
16.350
17.070
17.720
18.450
19.110
19.840
20.510
21.230
21.910
22.650
23.390
24.150
24.870
25.640
26.360
27.030
27.710
28.430
29.080
29.800
30.470
31.120
31.810
32.510
33.160
33.890
34.550
35.270
35.940
36.640
37.330
37.990
38.720
39.370
40.100
40.760
41.440
42.150
42.900
43.650
44.400
45.160
45.910
46.650
47.410
48.140
48.910
49.660
50.400
51.150
51.800
52.440
53.080
53.730
54.370
55.010
55.650
56.290
56.940
57.580
58.230
58.870
59.520
60.150
60.790
61.430
61.970
62.400
62.830
63.250
63.680
64.110
64.540
64.970
65.390
65.830
66.260
66.680
67.110
67.540
67.970
68.400
68.830
69.260
69.690
70.120
70.550
70.980
71.400
71.830
72.260
72.690
73.120
73.550
73.980
74.410
74.830
75.260
75.690
76.120
76.550
76.980
77.410
77.840
78.260
78.690
79.120
79.550
79.980
80.400
80.830
81.270
81.690
82.120
82.550
82.980
83.400
83.830
84.260
84.700
85.120
85.550
85.980
86.410
86.830
87.260
87.690
88.120
88.550
88.980
89.410
89.840
90.260
90.690
91.120
91.550
91.980
92.410
92.840
93.270
93.690
94.120
94.550
94.980
95.410
95.830
96.260
96.700
97.120
97.550
97.980
98.410
98.830
99.260
99.700
100.130
100.550
100.980
101.410
101.840
102.260
102.690
103.120
103.560
103.980
104.410
104.840
105.270
105.690
106.120
106.550
106.980
107.410
107.840
108.270
108.700
109.120
109.550
109.980
110.410
110.840
111.260
111.690
112.130
112.550
112.980
113.410
113.840
114.270
114.700
115.120
115.560
115.980
116.410
116.840
117.270
117.700
118.120
118.550
118.980
119.410
119.840
