0.070
0.530
1.000
1.470
1.940
2.410
2.880
3.350
3.820
4.280
4.750
5.220
5.690
6.160
6.630
7.090
7.570
8.030
8.500
8.970
9.420
9.900
10.360
10.850
11.320
11.790
12.260
12.730
13.170
13.650
14.110
14.590
15.050
15.520
15.990
16.460
16.950
17.400
17.870
18.340
18.830
19.290
19.770
20.240
20.710
21.180
21.650
22.100
22.570
23.060
23.530
24.000
24.450
24.910
25.370
25.840
26.190
26.550
26.880
27.230
27.570
27.910
28.250
28.590
28.910
29.250
29.590
29.940
30.280
30.630
30.990
31.330
31.690
32.010
32.360
32.670
33.010
33.340
33.680
34.030
34.380
34.740
35.080
35.440
35.760
36.120
36.440
36.790
37.120
37.470
37.800
38.150
38.490
38.830
39.180
39.520
39.860
40.190
40.520
40.860
41.200
41.540
41.890
42.240
42.600
42.950
43.310
43.650
43.980
44.290
44.620
44.960
45.310
45.650
46.000
46.350
46.700
47.060
47.400
47.740
48.070
48.380
48.720
49.050
49.400
49.750
50.100
50.460
50.810
51.150
51.490
51.820
52.130
52.460
52.800
53.150
53.500
53.850
54.200
54.550
54.900
55.360
55.850
56.320
56.780
57.250
57.730
58.190
58.660
59.130
59.590
60.070
60.530
61.000
61.470
61.940
62.410
62.880
63.350
63.820
64.290
64.750
65.220
65.690
66.160
66.630
67.100
67.570
68.030
68.500
68.990
69.440
69.910
70.370
70.850
71.320
71.780
72.250
72.730
73.190
73.660
74.130
74.590
75.070
75.530
76.010
76.470
76.940
77.410
77.880
78.340
78.820
79.290
79.750
80.220
80.690
81.160
81.630
82.100
82.570
83.030
83.500
83.950
84.430
84.910
85.370
85.850
86.320
86.780
87.260
87.720
88.180
88.650
89.140
89.590
90.060
90.540
91.000
91.490
91.930
92.400
92.860
93.330
93.810
94.280
94.750
95.220
95.680
96.150
96.620
97.080
97.560
98.030
98.500
98.970
99.420
99.900
100.350
100.840
101.310
101.780
102.240
102.720
103.180
103.650
104.120
104.590
105.060
105.520
105.990
106.470
106.940
107.410
107.870
108.340
108.810
109.280
109.750
110.220
110.680
111.150
111.620
112.090
112.560
113.030
113.500
113.970
114.430
114.900
115.370
115.850
116.320
116.790
117.250
117.720
118.190
118.660
119.120
119.600
120.060
