0.370
0.960
1.560
2.160
2.770
3.360
3.960
4.560
5.170
5.760
6.360
6.960
7.560
8.160
8.760
9.360
9.970
10.560
11.160
11.760
12.370
12.960
13.560
14.160
14.770
15.360
15.960
16.560
17.170
17.760
18.360
18.960
19.570
20.160
20.760
21.360
21.970
22.560
23.160
23.760
24.360
24.960
25.560
26.160
26.760
27.360
27.960
28.560
29.160
29.760
30.360
30.960
31.560
32.160
32.760
33.360
33.950
34.550
35.160
35.760
36.360
36.960
37.560
38.160
38.760
39.350
39.950
40.560
41.160
41.760
42.360
42.960
43.550
44.160
44.760
45.360
45.960
46.560
47.160
47.760
48.360
48.960
49.560
50.160
50.760
51.360
51.960
52.560
53.160
53.760
54.360
54.960
55.560
56.160
56.760
57.360
57.960
58.560
59.160
59.760
60.360
60.960
61.560
62.160
62.770
63.360
63.950
64.560
65.140
65.760
66.340
66.970
67.550
68.160
68.740
69.370
69.950
70.590
71.160
71.770
72.380
72.990
73.560
74.140
74.750
75.350
75.950
76.540
77.140
77.740
78.350
78.940
79.540
80.150
80.750
81.340
81.940
82.540
83.160
83.760
84.360
84.960
85.560
86.160
86.770
87.360
87.960
88.560
89.170
89.760
90.360
90.960
91.570
92.160
92.760
93.360
93.970
94.560
95.160
95.760
96.370
96.960
97.560
98.160
98.770
99.360
99.960
100.560
101.170
101.760
102.360
102.960
103.560
104.160
104.760
105.360
105.970
106.560
107.160
107.760
108.380
108.960
109.560
110.160
110.770
111.360
111.960
112.560
113.170
113.760
114.360
114.960
115.570
116.160
116.760
117.360
117.970
118.560
119.160
119.760
