0.190
0.660
1.130
1.610
2.080
2.550
3.020
3.500
3.970
4.440
4.910
5.390
5.860
6.330
6.800
7.280
7.750
8.220
8.690
9.170
9.640
10.110
10.580
11.060
11.530
12.000
12.470
12.950
13.420
13.890
14.360
14.840
15.310
15.780
16.250
16.730
17.200
17.670
18.140
18.610
19.090
19.560
20.030
20.510
20.980
21.450
21.920
22.390
22.870
23.340
23.810
24.280
24.760
25.230
25.700
26.170
26.650
27.120
27.590
27.990
28.420
28.810
29.250
29.720
30.190
30.660
31.130
31.610
32.080
32.550
33.020
33.500
33.970
34.440
34.920
35.390
35.860
36.330
36.800
37.280
37.750
38.220
38.690
39.160
39.640
40.110
40.580
41.060
41.530
42.000
42.470
42.950
43.420
43.890
44.370
44.840
45.310
45.780
46.250
46.730
47.200
47.670
48.140
48.610
49.090
49.560
50.030
50.500
50.980
51.450
51.920
52.390
52.870
53.340
53.810
54.280
54.750
55.230
55.700
56.170
56.650
57.120
57.590
58.060
58.530
59.000
59.480
59.950
60.420
60.900
61.370
61.840
62.310
62.790
63.260
63.730
64.200
64.680
65.150
65.620
66.090
66.570
67.030
67.510
67.980
68.460
68.930
69.400
69.870
70.350
70.820
71.290
71.750
72.230
72.710
73.180
73.650
74.130
74.590
75.070
75.550
76.020
76.490
76.960
77.440
77.910
78.380
78.860
79.320
79.800
80.270
80.740
81.210
81.690
82.160
82.630
83.100
83.580
84.050
84.520
84.990
85.470
85.940
86.420
86.880
87.360
87.830
88.300
88.770
89.250
89.720
90.190
90.660
91.140
91.610
92.080
92.550
93.020
93.500
93.970
94.440
94.910
95.390
95.860
96.330
96.800
97.280
97.750
98.220
98.690
99.170
99.640
100.110
100.580
101.060
101.530
102.000
102.470
102.950
103.420
103.890
104.360
104.840
105.310
105.780
106.250
106.730
107.200
107.670
108.140
108.620
109.090
109.560
110.030
110.510
110.980
111.450
111.920
112.400
112.870
113.340
113.810
114.290
114.760
115.230
115.700
116.180
116.650
117.120
117.590
118.070
118.530
119.010
119.480
119.960
