0.140
0.500
0.840
1.190
1.540
1.880
2.230
2.580
2.920
3.270
3.620
3.960
4.300
4.660
5.000
5.350
5.700
6.040
6.400
6.740
7.090
7.430
7.780
8.130
8.470
8.820
9.170
9.510
9.860
10.210
10.550
10.900
11.230
11.590
11.940
12.290
12.630
12.980
13.330
13.670
14.020
14.370
14.720
15.060
15.420
15.760
16.110
16.450
16.790
17.140
17.490
17.840
18.180
18.530
18.880
19.220
19.570
19.920
20.260
20.620
20.960
21.310
21.660
22.000
22.360
22.700
23.050
23.370
23.710
24.050
24.410
24.740
25.100
25.460
25.810
26.140
26.490
26.840
27.210
27.540
27.890
28.250
28.580
28.920
29.280
29.620
29.960
30.300
30.650
31.000
31.350
31.690
32.050
32.380
32.730
33.080
33.430
33.790
34.130
34.490
34.810
35.170
35.500
35.850
36.190
36.560
36.900
37.260
37.610
37.940
38.310
38.660
39.010
39.350
39.710
40.060
40.410
40.740
41.110
41.450
41.790
42.140
42.500
42.840
43.190
43.530
43.890
44.210
44.560
44.890
45.250
45.590
45.930
46.270
46.620
46.970
47.320
47.660
48.020
48.360
48.710
49.050
49.400
49.750
50.100
50.440
50.790
51.130
51.480
51.830
52.180
52.520
52.870
53.210
53.570
53.910
54.260
54.600
54.950
55.290
55.640
55.990
56.340
56.680
57.030
57.370
57.720
58.070
58.420
58.760
59.110
59.460
59.810
60.150
60.500
60.840
61.190
61.540
61.880
62.230
62.580
62.920
63.270
63.620
63.970
64.310
64.660
65.010
65.350
65.700
66.050
66.400
66.740
67.080
67.440
67.780
68.130
68.470
68.820
69.170
69.510
69.860
70.210
70.550
70.910
71.250
71.600
71.940
72.290
72.630
72.990
73.330
73.680
74.020
74.370
74.710
75.060
75.410
75.760
76.100
76.460
76.800
77.140
77.490
77.840
78.180
78.540
78.880
79.230
79.570
79.920
80.260
80.610
80.960
81.310
81.650
82.000
82.350
82.690
83.040
83.380
83.730
84.080
84.430
84.780
85.120
85.470
85.810
86.160
86.510
86.860
87.200
87.550
87.890
88.240
88.590
88.940
89.280
89.640
89.970
90.330
90.670
91.020
91.360
91.710
92.060
92.410
92.750
93.100
93.440
93.790
94.140
94.480
94.830
95.180
95.520
95.880
96.220
96.560
96.910
97.260
97.600
97.960
98.300
98.650
98.990
99.340
99.690
100.030
100.380
100.730
101.070
101.430
101.770
102.110
102.460
102.810
103.150
103.510
103.850
104.200
104.540
104.890
105.240
105.580
105.930
106.280
106.620
106.980
107.320
107.660
108.010
108.360
108.710
109.060
109.400
109.750
110.120
110.450
110.780
111.130
111.480
111.830
112.170
112.520
112.860
113.210
113.560
113.900
114.250
114.600
114.950
115.290
115.640
115.980
116.330
116.680
117.030
117.380
117.720
118.070
118.410
118.760
119.110
119.460
119.800
