0.070
0.690
1.280
1.850
2.410
3.010
3.590
4.180
4.740
5.310
5.980
6.610
7.230
7.870
8.530
9.160
9.820
10.500
11.220
11.930
12.630
13.320
13.980
14.700
15.350
16.050
16.740
17.390
18.070
18.780
19.430
20.160
20.820
21.480
22.210
22.880
23.610
24.250
24.890
25.320
25.750
26.190
26.610
27.040
27.470
27.900
28.320
28.750
29.180
29.610
30.040
30.480
30.900
31.330
31.750
32.180
32.610
33.040
33.470
33.900
34.330
34.760
35.180
35.610
36.040
36.470
36.900
37.320
37.750
38.180
38.610
39.040
39.460
39.890
40.320
40.760
41.180
41.610
42.040
42.460
42.890
43.320
43.750
44.180
44.610
45.040
45.470
45.890
46.320
46.750
47.180
47.610
48.040
48.460
48.890
49.310
49.750
50.180
50.600
51.030
51.460
51.890
52.320
52.750
53.180
53.610
54.030
54.470
54.890
55.320
55.750
56.180
56.610
57.030
57.460
57.900
58.320
58.750
59.180
59.610
60.030
60.460
60.890
61.320
61.750
62.180
62.610
63.040
63.460
63.890
64.320
64.750
65.180
65.610
66.030
66.460
66.890
67.320
67.750
68.180
68.610
69.030
69.460
69.890
70.320
70.750
71.180
71.610
72.040
72.460
72.890
73.320
73.750
74.180
74.610
75.040
75.460
75.890
76.320
76.750
77.180
77.610
78.030
78.460
78.890
79.320
79.750
80.180
80.610
81.030
81.460
81.900
82.320
82.750
83.180
83.610
84.030
84.460
84.890
85.320
85.750
86.180
86.610
87.040
87.470
87.890
88.320
88.750
89.180
89.610
90.040
90.460
90.890
91.320
91.750
92.180
92.610
93.030
93.460
93.890
94.320
94.750
95.180
95.610
96.040
96.460
96.890
97.320
97.750
98.180
98.610
99.040
99.460
99.890
100.320
100.750
101.180
101.610
102.030
102.460
102.890
103.320
103.750
104.180
104.610
105.030
105.460
105.900
106.310
106.730
107.140
107.520
107.920
108.290
108.690
109.110
109.530
109.980
110.390
110.820
111.260
111.690
112.120
112.540
112.990
113.410
113.830
114.270
114.690
115.110
115.440
115.800
116.150
116.500
116.860
117.210
117.550
117.890
118.230
118.580
118.920
119.260
119.610
119.930
