0.420
1.110
1.790
2.480
3.170
3.850
4.540
5.220
5.910
6.590
7.280
7.960
8.650
9.340
10.020
10.710
11.390
12.080
12.760
13.450
14.140
14.820
15.510
16.190
16.880
17.560
18.250
18.930
19.620
20.310
20.990
21.680
22.370
23.050
23.740
24.420
25.110
25.790
26.480
27.160
27.850
28.530
29.220
29.910
30.590
31.280
31.960
32.650
33.340
34.020
34.710
35.390
36.080
36.760
37.450
38.130
38.820
39.500
40.200
40.880
41.580
42.240
42.920
43.610
44.290
44.980
45.670
46.360
47.040
47.720
48.420
49.110
49.780
50.470
51.140
51.830
52.530
53.200
53.910
54.590
55.270
55.960
56.650
57.320
58.020
58.700
59.380
60.060
60.760
61.450
62.130
62.810
63.500
64.190
64.840
65.450
66.120
66.810
67.500
68.190
68.870
69.560
70.240
70.930
71.610
72.300
73.000
73.680
74.360
75.050
75.740
76.420
77.100
77.790
78.500
79.260
79.960
80.640
81.330
82.010
82.700
83.390
84.080
84.770
85.450
86.130
86.830
87.510
88.200
88.880
89.570
90.250
90.940
91.620
92.310
93.000
93.690
94.360
95.050
95.740
96.430
97.120
97.800
98.490
99.170
99.860
100.540
101.230
101.910
102.600
103.280
103.960
104.650
105.330
106.020
106.710
107.390
108.080
108.760
109.450
110.140
110.820
111.510
112.190
112.880
113.560
114.250
114.930
115.620
116.310
116.990
117.680
118.370
119.050
119.740
