0.170
0.700
1.190
1.710
2.210
2.730
3.240
3.750
4.250
4.770
5.280
5.790
6.290
6.810
7.320
7.830
8.330
8.850
9.360
9.870
10.380
10.890
11.400
11.910
12.410
12.930
13.440
13.950
14.460
14.980
15.480
15.990
16.500
17.030
17.520
18.040
18.550
19.060
19.560
20.080
20.580
21.100
21.610
22.120
22.620
23.140
23.640
24.160
24.660
25.180
25.680
26.200
26.700
27.220
27.730
28.240
28.740
29.260
29.770
30.280
30.780
31.300
31.810
32.320
32.820
33.350
33.840
34.360
34.870
35.380
35.890
36.400
36.900
37.420
37.930
38.440
38.950
39.460
39.970
40.480
40.980
41.510
42.010
42.520
43.030
43.550
44.050
44.570
45.060
45.590
46.090
46.610
47.120
47.630
48.140
48.650
49.160
49.680
50.180
50.680
51.210
51.680
52.180
52.650
53.170
53.660
54.140
54.640
55.150
55.670
56.190
56.710
57.210
57.710
58.220
58.750
59.230
59.750
60.270
60.790
61.280
61.790
62.300
62.800
63.320
63.830
64.340
64.840
65.350
65.870
66.390
66.890
67.400
67.920
68.420
68.940
69.440
69.960
70.470
70.970
71.490
72.000
72.510
73.030
73.540
74.040
74.550
75.060
75.580
76.080
76.600
77.110
77.620
78.120
78.630
79.150
79.660
80.170
80.690
81.190
81.770
82.320
82.830
83.350
83.850
84.360
84.870
85.380
85.880
86.400
86.910
87.420
87.930
88.440
88.950
89.460
89.960
90.480
90.990
91.500
92.010
92.530
93.030
93.550
94.040
94.570
95.070
95.590
96.090
96.610
97.110
97.630
98.120
98.660
99.150
99.670
100.170
100.690
101.190
101.710
102.210
102.730
103.230
103.750
104.250
104.770
105.280
105.790
106.290
106.810
107.320
107.830
108.330
108.850
109.360
109.870
110.370
110.890
111.400
111.910
112.420
112.930
113.440
113.950
114.450
114.990
115.480
116.000
116.500
117.020
117.520
118.040
118.530
119.060
119.560
120.090
