0.220
0.670
1.120
1.570
2.020
2.480
2.940
3.380
3.840
4.290
4.740
5.200
5.650
6.100
6.550
7.010
7.460
7.910
8.370
8.820
9.270
9.730
10.180
10.630
11.080
11.540
11.990
12.440
12.890
13.350
13.800
14.250
14.710
15.160
15.610
16.070
16.520
16.980
17.430
17.870
18.340
18.780
19.240
19.690
20.140
20.600
21.050
21.500
21.950
22.400
22.860
23.310
23.760
24.210
24.670
25.120
25.570
26.020
26.480
26.930
27.390
27.840
28.290
28.740
29.190
29.650
30.100
30.550
31.010
31.460
31.910
32.370
32.820
33.270
33.720
34.180
34.630
35.090
35.540
35.980
36.440
36.890
37.350
37.800
38.250
38.710
39.160
39.610
40.060
40.520
40.970
41.430
41.880
42.330
42.780
43.230
43.700
44.160
44.620
45.070
45.500
45.950
46.410
46.850
47.310
47.760
48.210
48.670
49.120
49.570
50.030
50.480
50.930
51.390
51.830
52.290
52.740
53.200
53.650
54.100
54.550
55.010
55.460
55.910
56.370
56.820
57.270
57.720
58.180
58.630
59.080
59.530
59.990
60.440
60.900
61.350
61.800
62.250
62.710
63.150
63.610
64.070
64.510
64.970
65.420
65.880
66.330
66.780
67.230
67.690
68.140
68.590
69.040
69.500
69.950
70.400
70.860
71.310
71.760
72.220
72.670
73.120
73.570
74.030
74.480
74.940
75.380
75.840
76.290
76.750
77.200
77.650
78.100
78.560
79.010
79.460
79.910
80.360
80.820
81.270
81.720
82.170
82.630
83.080
83.540
83.990
84.440
84.900
85.350
85.800
86.250
86.710
87.170
87.620
88.070
88.520
88.970
89.420
89.880
90.330
90.780
91.230
91.690
92.140
92.590
93.060
93.510
93.980
94.410
94.870
95.310
95.760
96.210
96.670
97.120
97.580
98.030
98.480
98.930
99.390
99.840
100.300
100.750
101.200
101.660
102.110
102.540
103.010
103.460
103.910
104.370
104.820
105.270
105.720
106.180
106.630
107.080
107.540
108.000
108.440
108.900
109.350
109.800
110.260
110.710
111.160
111.610
112.070
112.520
112.970
113.420
113.870
114.320
114.780
115.220
115.680
116.140
116.590
117.040
117.500
117.950
118.410
118.860
119.310
119.760
