0.070
0.480
0.910
1.340
1.770
2.200
2.620
3.060
3.480
3.910
4.340
4.770
5.200
5.630
6.050
6.480
6.910
7.340
7.760
8.200
8.630
9.050
9.480
9.920
10.340
10.770
11.190
11.630
12.050
12.480
12.910
13.340
13.760
14.190
14.620
15.060
15.480
15.910
16.340
16.780
17.190
17.620
18.050
18.490
18.910
19.340
19.770
20.200
20.630
21.070
21.490
21.920
22.350
22.780
23.200
23.650
24.060
24.490
24.920
25.350
25.770
26.210
26.630
27.060
27.480
27.910
28.340
28.770
29.200
29.630
30.060
30.490
30.920
31.350
31.770
32.210
32.630
33.060
33.490
33.920
34.330
34.770
35.190
35.620
36.050
36.480
36.910
37.340
37.760
38.200
38.620
39.050
39.480
39.910
40.340
40.760
41.190
41.620
42.050
42.480
42.910
43.340
43.770
44.200
44.620
45.050
45.480
45.910
46.340
46.760
47.190
47.620
48.050
48.480
48.910
49.340
49.770
50.190
50.620
51.050
51.480
51.910
52.340
52.770
53.200
53.620
54.050
54.480
54.910
55.340
55.760
56.200
56.630
57.050
57.480
57.910
58.340
58.770
59.190
59.630
60.050
60.470
60.910
61.340
61.770
62.200
62.620
63.060
63.480
63.910
64.340
64.770
65.190
65.620
66.050
66.480
66.910
67.340
67.770
68.190
68.620
69.050
69.480
69.910
70.340
70.770
71.200
71.630
72.050
72.480
72.910
73.340
73.770
74.190
74.620
75.050
75.480
75.910
76.340
76.770
77.200
77.620
78.050
78.490
78.910
79.340
79.770
80.200
80.620
81.050
81.480
81.910
82.340
82.770
83.190
83.630
84.050
84.480
84.910
85.340
85.770
86.200
86.620
87.050
87.480
87.890
88.340
88.770
89.200
89.630
90.050
90.480
90.910
91.340
91.770
92.200
92.620
93.050
93.480
93.910
94.340
94.760
95.190
95.620
96.050
96.480
96.910
97.340
97.770
98.200
98.620
99.050
99.480
99.910
100.340
100.770
101.200
101.610
102.050
102.480
102.910
103.340
103.770
104.200
104.630
105.050
105.480
105.910
106.340
106.770
107.190
107.630
108.050
108.480
108.910
109.340
109.770
110.200
110.620
111.050
111.480
111.910
112.340
112.770
113.190
113.620
114.050
114.480
114.910
115.330
115.770
116.190
116.630
117.050
117.480
117.910
118.340
118.770
119.190
119.630
120.050
