0.120
0.460
0.790
1.150
1.490
1.830
2.170
2.510
2.860
3.210
3.550
3.890
4.230
4.570
4.910
5.260
5.600
5.940
6.280
6.630
6.970
7.310
7.660
7.990
8.340
8.690
9.030
9.370
9.720
10.060
10.390
10.740
11.090
11.430
11.770
12.120
12.460
12.800
13.140
13.470
13.830
14.170
14.510
14.860
15.200
15.540
15.890
16.230
16.570
16.910
17.260
17.610
17.950
18.290
18.640
18.970
19.330
19.670
20.010
20.330
20.690
21.020
21.360
21.710
22.060
22.400
22.750
23.090
23.430
23.770
24.110
24.450
24.800
25.130
25.480
25.820
26.170
26.500
26.840
27.170
27.540
27.880
28.240
28.580
28.910
29.260
29.600
29.940
30.280
30.630
30.970
31.310
31.650
31.990
32.340
32.680
33.040
33.370
33.720
34.060
34.400
34.740
35.080
35.410
35.760
36.080
36.440
36.800
37.140
37.500
37.840
38.180
38.510
38.840
39.180
39.540
39.880
40.220
40.550
40.880
41.190
41.510
41.830
42.150
42.480
42.800
43.120
43.430
43.760
44.070
44.400
44.710
45.040
45.360
45.680
46.000
46.320
46.640
46.960
47.280
47.590
47.910
48.230
48.550
48.870
49.190
49.510
49.840
50.160
50.480
50.800
51.120
51.430
51.750
52.080
52.390
52.720
53.030
53.350
53.680
54.000
54.320
54.630
54.960
55.270
55.590
55.910
56.230
56.560
56.880
57.190
57.520
57.830
58.150
58.470
58.800
59.120
59.430
59.760
60.080
60.400
60.720
61.040
61.350
61.670
62.000
62.340
62.690
63.030
63.370
63.720
64.060
64.400
64.740
65.090
65.430
65.770
66.110
66.460
66.800
67.140
67.490
67.830
68.170
68.520
68.860
69.200
69.550
69.880
70.230
70.570
70.910
71.250
71.600
71.940
72.290
72.630
72.970
73.310
73.660
74.000
74.340
74.690
75.030
75.370
75.710
76.060
76.400
76.740
77.090
77.430
77.770
78.110
78.460
78.800
79.140
79.490
79.830
80.160
80.510
80.850
81.200
81.540
81.860
82.220
82.560
82.920
83.260
83.600
83.950
84.280
84.630
84.970
85.310
85.660
86.000
86.340
86.690
87.020
87.370
87.720
88.060
88.400
88.740
89.080
89.430
89.770
90.120
90.460
90.790
91.140
91.490
91.820
92.170
92.510
92.850
93.200
93.540
93.880
94.230
94.570
94.910
95.260
95.600
95.940
96.290
96.630
96.970
97.310
97.660
98.000
98.340
98.690
99.030
99.370
99.720
100.060
100.400
100.740
101.080
101.420
101.740
102.060
102.370
102.690
103.010
103.330
103.660
104.010
104.340
104.710
105.040
105.370
105.720
106.060
106.400
106.740
107.090
107.430
107.770
108.110
108.460
108.800
109.140
109.480
109.830
110.170
110.510
110.860
111.200
111.540
111.890
112.230
112.570
112.910
113.260
113.600
113.940
114.290
114.630
114.970
115.320
115.660
116.000
116.340
116.690
117.030
117.370
117.710
118.060
118.400
118.740
119.090
119.430
119.770
