0.050
0.510
0.980
1.460
1.940
2.420
2.890
3.370
3.840
4.320
4.790
5.270
5.750
6.220
6.700
7.170
7.650
8.120
8.600
9.080
9.550
10.030
10.500
10.980
11.460
11.930
12.410
12.890
13.360
13.840
14.310
14.790
15.270
15.740
16.220
16.700
17.170
17.650
18.120
18.600
19.080
19.550
20.030
20.510
20.980
21.460
21.930
22.410
22.890
23.360
23.830
24.320
24.790
25.270
25.740
26.220
26.700
27.180
27.650
28.130
28.600
29.080
29.550
30.030
30.510
30.990
31.460
31.940
32.410
32.890
33.360
33.840
34.320
34.790
35.270
35.750
36.220
36.700
37.170
37.650
38.130
38.600
39.080
39.560
40.030
40.510
40.980
41.460
41.940
42.420
42.890
43.370
43.840
44.320
44.790
45.270
45.750
46.230
46.700
47.170
47.650
48.130
48.600
49.080
49.550
50.030
50.500
50.980
51.460
51.930
52.410
52.890
53.370
53.840
54.310
54.790
55.270
55.750
56.220
56.700
57.170
57.650
58.130
58.600
59.080
59.560
60.030
60.510
60.980
61.460
61.930
62.410
62.890
63.360
63.840
64.320
64.790
65.270
65.750
66.220
66.700
67.170
67.650
68.130
68.600
69.080
69.550
70.030
70.510
70.980
71.450
71.930
72.410
72.890
73.360
73.840
74.320
74.790
75.270
75.740
76.220
76.700
77.170
77.650
78.130
78.600
79.070
79.550
80.030
80.510
80.980
81.460
81.940
82.410
82.890
83.370
83.840
84.320
84.790
85.270
85.750
86.230
86.690
87.180
87.650
88.130
88.600
89.080
89.560
90.040
90.500
90.990
91.460
91.940
92.410
92.890
93.370
93.840
94.320
94.800
95.270
95.750
96.220
96.700
97.180
97.650
98.130
98.610
99.080
99.560
100.030
100.510
100.990
101.460
101.920
102.410
102.890
103.360
103.840
104.320
104.790
105.270
105.740
106.220
106.700
107.170
107.650
108.130
108.600
109.080
109.550
110.030
110.510
110.980
111.460
111.940
112.410
112.890
113.360
113.840
114.320
114.790
115.260
115.750
116.220
116.700
117.170
117.650
118.120
118.480
118.840
119.190
119.550
119.900
