0.070
0.550
1.020
1.500
1.980
2.450
2.930
3.410
3.880
4.360
4.840
5.310
5.790
6.260
6.740
7.220
7.690
8.170
8.650
9.120
9.600
10.070
10.550
11.030
11.500
11.980
12.460
12.930
13.410
13.880
14.360
14.840
15.310
15.790
16.270
16.740
17.220
17.690
18.170
18.650
19.120
19.600
20.070
20.550
21.030
21.500
21.980
22.460
22.930
23.410
23.880
24.360
24.840
25.310
25.790
26.270
26.740
27.220
27.700
28.170
28.650
29.120
29.600
30.080
30.550
31.030
31.510
31.980
32.460
32.930
33.410
33.890
34.360
34.840
35.310
35.790
36.270
36.740
37.220
37.700
38.180
38.650
39.120
39.600
40.080
40.550
41.030
41.510
41.980
42.460
42.940
43.410
43.890
44.360
44.840
45.320
45.790
46.270
46.750
47.220
47.700
48.170
48.650
49.130
49.600
50.080
50.550
51.030
51.510
51.980
52.460
52.940
53.410
53.890
54.360
54.840
55.320
55.790
56.270
56.750
57.220
57.700
58.180
58.650
59.130
59.600
60.080
60.560
61.030
61.510
61.990
62.460
62.940
63.410
63.890
64.370
64.840
65.320
65.790
66.270
66.750
67.220
67.700
68.180
68.650
69.130
69.600
70.080
70.560
71.030
71.510
71.990
72.470
72.940
73.420
73.890
74.370
74.850
75.320
75.800
76.280
76.750
77.230
77.710
78.180
78.660
79.130
79.610
80.090
80.560
81.040
81.520
82.000
82.470
82.950
83.420
83.900
84.370
84.850
85.330
85.800
86.280
86.760
87.240
87.720
88.190
88.670
89.150
89.630
90.090
90.570
91.050
91.530
92.000
92.480
92.960
93.430
93.900
94.380
94.860
95.340
95.810
96.300
96.780
97.260
97.720
98.210
98.670
99.150
99.610
100.100
100.580
101.050
101.630
102.240
102.720
103.190
103.670
104.150
104.620
105.090
105.560
106.050
106.530
107.000
107.480
107.950
108.430
108.900
109.380
109.860
110.330
110.810
111.290
111.760
112.240
112.710
113.190
113.670
114.140
114.620
115.100
115.570
116.040
116.520
117.000
117.480
117.960
118.430
118.910
119.390
119.870
