0.150
0.650
1.140
1.630
2.120
2.610
3.100
3.600
4.090
4.580
5.070
5.560
6.060
6.550
7.040
7.530
8.020
8.520
9.010
9.500
9.990
10.480
10.970
11.460
11.960
12.450
12.940
13.430
13.920
14.410
14.910
15.400
15.890
16.380
16.870
17.360
17.860
18.350
18.840
19.330
19.820
20.310
20.810
21.300
21.790
22.280
22.770
23.270
23.760
24.250
24.740
25.230
25.730
26.220
26.710
27.200
27.690
28.180
28.680
29.170
29.660
30.150
30.640
31.140
31.630
32.120
32.610
33.100
33.600
34.090
34.580
35.070
35.560
36.050
36.550
37.040
37.530
38.020
38.510
39.010
39.500
39.990
40.480
40.970
41.460
41.950
42.450
42.940
43.430
43.920
44.410
44.910
45.400
45.890
46.380
46.880
47.370
47.860
48.350
48.840
49.330
49.820
50.320
50.810
51.300
51.790
52.280
52.770
53.270
53.760
54.250
54.740
55.230
55.730
56.220
56.710
57.200
57.690
58.190
58.680
59.170
59.660
60.150
60.640
61.140
61.630
62.120
62.610
63.100
63.590
64.090
64.580
65.070
65.560
66.050
66.540
67.040
67.530
68.020
68.510
69.000
69.500
69.990
70.480
70.970
71.460
71.960
72.450
72.940
73.430
73.920
74.410
74.910
75.400
75.890
76.380
76.870
77.360
77.860
78.350
78.840
79.330
79.830
80.320
80.810
81.300
81.790
82.280
82.780
83.270
83.760
84.250
84.750
85.230
85.730
86.220
86.710
87.200
87.700
88.190
88.680
89.170
89.660
90.150
90.650
91.140
91.630
92.120
92.610
93.100
93.600
94.090
94.580
95.070
95.560
96.050
96.550
97.040
97.530
98.020
98.520
99.010
99.500
99.990
100.480
100.970
101.470
101.960
102.450
102.940
103.430
103.920
104.420
104.910
105.400
105.890
106.390
106.870
107.370
107.860
108.350
108.840
109.330
109.830
110.320
110.810
111.300
111.790
112.290
112.770
113.270
113.760
114.250
114.740
115.240
115.730
116.220
116.710
117.200
117.690
118.190
118.680
119.170
119.660
