0.100
0.460
0.810
1.170
1.530
1.880
2.240
2.590
2.950
3.300
3.630
3.940
4.270
4.620
4.980
5.330
5.690
6.040
6.400
6.760
7.230
7.710
8.190
8.660
9.140
9.620
10.090
10.570
11.050
11.520
12.000
12.470
12.950
13.430
13.900
14.380
14.860
15.330
15.810
16.280
16.760
17.240
17.710
18.190
18.670
19.140
19.620
20.090
20.570
21.050
21.520
22.000
22.470
22.950
23.430
23.900
24.380
24.860
25.330
25.810
26.290
26.760
27.240
27.710
28.190
28.670
29.140
29.620
30.090
30.570
31.050
31.520
32.000
32.480
32.950
33.430
33.900
34.380
34.850
35.330
35.810
36.290
36.760
37.240
37.710
38.190
38.660
39.140
39.620
40.100
40.570
41.050
41.520
42.000
42.480
42.950
43.430
43.900
44.380
44.860
45.330
45.810
46.280
46.760
47.240
47.710
48.190
48.670
49.140
49.620
50.090
50.570
51.050
51.520
52.000
52.470
52.950
53.430
53.900
54.380
54.860
55.340
55.810
56.280
56.760
57.240
57.710
58.190
58.670
59.140
59.610
60.100
60.570
61.050
61.520
62.000
62.480
62.960
63.430
63.900
64.380
64.860
65.330
65.810
66.280
66.760
67.240
67.710
68.190
68.670
69.140
69.620
70.090
70.570
71.050
71.520
72.000
72.480
72.950
73.430
73.900
74.380
74.860
75.330
75.810
76.290
76.760
77.240
77.710
78.190
78.670
79.140
79.620
80.100
80.570
81.050
81.520
82.000
82.470
82.950
83.430
83.900
84.380
84.860
85.330
85.810
86.280
86.760
87.240
87.710
88.190
88.670
89.140
89.620
90.090
90.570
91.050
91.520
92.000
92.470
92.950
93.430
93.900
94.380
94.860
95.330
95.810
96.280
96.760
97.240
97.710
98.190
98.670
99.140
99.620
100.090
100.570
101.050
101.520
102.000
102.470
102.950
103.430
103.900
104.380
104.860
105.330
105.810
106.280
106.760
107.230
107.710
108.190
108.670
109.140
109.620
110.100
110.570
111.040
111.520
112.000
112.480
112.950
113.430
113.910
114.380
114.860
115.330
115.810
116.290
116.760
117.240
117.710
118.190
118.670
119.140
119.620
120.090
