0.240
0.670
1.100
1.530
1.960
2.380
2.820
3.240
3.670
4.100
4.530
4.960
5.380
5.810
6.240
6.670
7.100
7.530
7.960
8.380
8.810
9.240
9.670
10.100
10.530
10.950
11.380
11.810
12.240
12.670
13.100
13.520
13.950
14.380
14.810
15.240
15.670
16.100
16.530
16.950
17.380
17.810
18.240
18.670
19.100
19.530
19.950
20.380
20.810
21.240
21.670
22.100
22.530
22.950
23.380
23.810
24.240
24.670
25.100
25.530
25.960
26.380
26.810
27.240
27.670
28.100
28.530
28.960
29.380
29.810
30.240
30.670
31.100
31.530
31.950
32.380
32.810
33.240
33.640
34.090
34.520
34.950
35.480
36.130
36.780
37.420
38.060
38.700
39.340
39.980
40.630
41.270
41.920
42.550
43.200
43.850
44.480
45.120
45.770
46.410
47.070
47.700
48.340
48.980
49.630
50.270
50.910
51.560
52.200
52.840
53.490
54.130
54.780
55.430
56.060
56.700
57.330
57.990
58.630
59.270
59.920
60.650
61.310
62.030
62.700
63.370
64.090
64.740
65.380
66.030
66.690
67.310
67.950
68.590
69.230
69.870
70.520
71.170
71.800
72.440
73.090
73.740
74.380
75.020
75.670
76.310
76.960
77.590
78.240
78.900
79.510
80.170
80.800
81.460
82.070
82.740
83.370
84.020
84.670
85.310
85.950
86.600
87.230
87.820
88.420
89.060
89.600
90.170
90.770
91.310
91.850
92.270
92.700
93.130
93.560
94.000
94.420
94.850
95.270
95.700
96.130
96.560
96.990
97.420
97.850
98.280
98.700
99.140
99.560
99.980
100.420
100.850
101.270
101.690
102.130
102.560
102.990
103.410
103.840
104.280
104.700
105.130
105.560
105.990
106.420
106.850
107.270
107.710
108.130
108.570
108.990
109.450
109.930
110.380
110.800
111.240
111.660
112.090
112.530
112.960
113.380
113.810
114.240
114.670
115.100
115.530
115.950
116.380
116.810
117.240
117.670
118.100
118.530
118.960
119.380
119.810
