0.310
1.140
1.960
2.780
3.600
4.420
5.250
6.070
6.890
7.710
8.540
9.330
10.180
11.000
11.820
12.640
13.470
14.290
15.110
15.930
16.750
17.570
18.400
19.220
20.040
20.870
21.680
22.490
23.330
24.150
24.970
25.780
26.620
27.450
28.260
29.060
29.600
30.170
30.720
31.270
31.820
32.350
32.900
33.490
34.030
34.610
35.130
35.680
36.230
36.760
37.310
37.860
38.400
38.950
39.500
40.050
40.590
41.130
41.690
42.230
42.790
43.340
43.880
44.430
44.980
45.520
46.070
46.620
47.170
47.740
48.280
48.810
49.360
49.920
50.460
51.010
51.550
52.090
52.650
53.200
53.730
54.290
54.840
55.400
55.790
56.200
56.610
57.030
57.440
57.850
58.260
58.670
59.080
59.490
59.900
60.320
60.730
61.130
61.550
61.960
62.370
62.780
63.190
63.600
64.010
64.420
64.830
65.250
65.660
66.070
66.480
66.890
67.300
67.720
68.130
68.530
68.950
69.360
69.770
70.180
70.590
71.000
71.410
71.820
72.230
72.640
73.050
73.460
73.880
74.290
74.710
75.110
75.520
75.930
76.340
76.750
77.160
77.570
77.980
78.390
78.810
79.220
79.630
80.040
80.450
80.870
81.280
81.680
82.100
82.510
82.920
83.330
83.740
84.150
84.560
84.970
85.380
85.790
86.210
86.610
87.030
87.440
87.860
88.260
88.670
89.080
89.490
89.900
90.310
90.720
91.140
91.550
91.960
92.370
92.780
93.190
93.600
94.020
94.420
94.830
95.240
95.660
96.070
96.480
96.890
97.300
97.710
98.120
98.530
98.940
99.360
99.760
100.180
100.590
101.000
101.410
101.820
102.230
102.650
103.050
103.470
103.880
104.290
104.700
105.110
105.520
105.930
106.340
106.750
107.170
107.580
107.980
108.400
108.810
109.210
109.630
110.040
110.450
110.860
111.270
111.680
112.090
112.510
112.920
113.330
113.740
114.150
114.560
114.970
115.380
115.790
116.200
116.620
117.030
117.440
117.850
118.260
118.670
119.080
119.490
119.900
