0.460
1.210
1.910
2.590
3.280
3.970
4.660
5.350
6.040
6.730
7.400
8.110
8.800
9.490
10.180
10.870
11.560
12.250
12.950
13.630
14.320
15.010
15.690
16.390
17.080
17.760
18.460
19.150
19.840
20.530
21.200
21.910
22.590
23.280
23.960
24.660
25.350
26.040
26.740
27.420
28.110
28.800
29.490
30.180
30.880
31.560
32.250
32.940
33.630
34.310
35.010
35.700
36.400
37.080
37.770
38.450
39.140
39.840
40.530
41.220
41.910
42.590
43.300
43.970
44.670
45.350
46.050
46.730
47.430
48.110
48.800
49.490
50.190
50.870
51.560
52.250
52.950
53.630
54.320
55.010
55.700
56.390
57.080
57.770
58.460
59.150
59.840
60.530
61.220
61.910
62.600
63.290
63.980
64.660
65.350
66.040
66.740
67.420
68.120
68.800
69.500
70.180
70.880
71.560
72.250
72.940
73.630
74.320
75.000
75.690
76.400
77.080
77.770
78.460
79.140
79.840
80.540
81.220
81.920
82.600
83.290
83.970
84.670
85.350
86.050
86.730
87.420
88.110
88.800
89.490
90.190
90.870
91.580
92.250
92.940
93.630
94.330
95.010
95.700
96.390
97.090
97.770
98.470
99.150
99.840
100.530
101.220
101.910
102.600
103.290
103.970
104.670
105.370
106.040
106.750
107.420
108.120
108.800
109.500
110.180
110.880
111.560
112.260
112.940
113.630
114.320
115.010
115.700
116.390
117.080
117.770
118.460
119.140
119.840
