0.200
0.560
0.910
1.260
1.620
1.970
2.320
2.670
3.030
3.380
3.730
4.080
4.440
4.790
5.130
5.500
5.850
6.200
6.550
6.910
7.260
7.610
7.970
8.320
8.670
9.030
9.380
9.730
10.090
10.440
10.790
11.140
11.500
11.850
12.200
12.560
12.910
13.260
13.610
13.970
14.320
14.670
15.020
15.380
15.730
16.080
16.430
16.790
17.140
17.500
17.850
18.200
18.560
18.910
19.260
19.610
19.970
20.320
20.670
21.030
21.380
21.730
22.080
22.440
22.790
23.140
23.500
23.850
24.200
24.550
24.910
25.260
25.610
25.970
26.320
26.670
27.020
27.380
27.730
28.080
28.440
28.790
29.140
29.500
29.850
30.200
30.550
30.910
31.260
31.610
31.970
32.320
32.670
33.020
33.380
33.730
34.080
34.440
34.790
35.140
35.500
35.850
36.200
36.550
36.910
37.260
37.610
37.970
38.320
38.670
39.020
39.380
39.730
40.080
40.440
40.790
41.140
41.500
41.850
42.200
42.560
42.910
43.260
43.610
43.970
44.320
44.670
45.020
45.380
45.730
46.080
46.440
46.790
47.140
47.500
47.850
48.200
48.550
48.900
49.260
49.620
49.970
50.310
50.670
51.030
51.380
51.730
52.090
52.440
52.790
53.140
53.500
53.850
54.200
54.550
54.910
55.260
55.610
55.960
56.320
56.670
57.030
57.380
57.730
58.090
58.440
58.790
59.140
59.500
59.850
60.200
60.550
60.910
61.260
61.610
61.970
62.320
62.670
63.030
63.380
63.730
64.080
64.440
64.790
65.150
65.500
65.850
66.200
66.560
66.910
67.260
67.610
67.970
68.320
68.670
69.030
69.380
69.730
70.080
70.440
70.790
71.140
71.490
71.850
72.210
72.560
72.900
73.260
73.610
73.970
74.320
74.670
75.030
75.380
75.730
76.080
76.440
76.790
77.140
77.500
77.850
78.200
78.550
78.910
79.260
79.610
79.970
80.320
80.670
81.020
81.380
81.730
82.090
82.440
82.790
83.140
83.500
83.850
84.200
84.550
84.910
85.260
85.610
85.970
86.320
86.670
87.030
87.380
87.730
88.080
88.440
88.790
89.140
89.490
89.850
90.200
90.550
90.910
91.260
91.610
91.970
92.320
92.670
93.030
93.380
93.730
94.090
94.440
94.790
95.150
95.490
95.850
96.200
96.560
96.910
97.260
97.610
97.970
98.320
98.670
99.030
99.380
99.730
100.080
100.430
100.790
101.140
101.500
101.850
102.200
102.550
102.910
103.260
103.610
103.960
104.320
104.670
105.030
105.380
105.730
106.080
106.440
106.790
107.140
107.500
107.850
108.200
108.560
108.910
109.260
109.610
109.970
110.320
110.670
111.020
111.380
111.730
112.080
112.430
112.790
113.140
113.500
113.850
114.200
114.550
114.910
115.260
115.610
115.970
116.320
116.670
117.030
117.380
117.730
118.080
118.440
118.790
119.140
119.490
119.850
