0.270
0.750
1.230
1.700
2.180
2.650
3.130
3.610
4.080
4.560
5.040
5.510
5.990
6.460
6.940
7.420
7.890
8.370
8.850
9.320
9.800
10.270
10.750
11.230
11.700
12.180
12.660
13.130
13.610
14.080
14.560
15.040
15.510
15.990
16.460
16.940
17.420
17.890
18.370
18.850
19.320
19.800
20.270
20.750
21.230
21.700
22.180
22.650
23.130
23.610
24.080
24.560
25.040
25.510
25.990
26.460
26.940
27.420
27.890
28.370
28.850
29.320
29.800
30.280
30.750
31.230
31.700
32.180
32.650
33.130
33.610
34.090
34.560
35.040
35.510
35.990
36.460
36.940
37.420
37.900
38.370
38.850
39.320
39.800
40.270
40.750
41.220
41.710
42.110
42.520
42.920
43.370
43.850
44.320
44.800
45.270
45.750
46.230
46.700
47.180
47.660
48.130
48.610
49.090
49.560
50.040
50.510
50.990
51.460
51.940
52.420
52.900
53.370
53.850
54.320
54.800
55.270
55.750
56.230
56.710
57.180
57.660
58.130
58.610
59.080
59.560
60.040
60.510
60.990
61.470
61.940
62.420
62.890
63.370
63.850
64.320
64.800
65.280
65.750
66.230
66.700
67.180
67.660
68.130
68.610
69.090
69.560
70.120
70.630
71.170
71.690
72.160
72.660
73.130
73.610
74.090
74.560
75.040
75.510
75.990
76.470
76.940
77.420
77.890
78.370
78.850
79.320
79.800
80.270
80.750
81.230
81.700
82.180
82.660
83.130
83.610
84.080
84.560
85.040
85.510
85.990
86.470
86.940
87.420
87.890
88.370
88.850
89.320
89.800
90.280
90.750
91.230
91.700
92.180
92.660
93.130
93.610
94.090
94.560
95.040
95.510
95.990
96.460
96.940
97.420
97.890
98.370
98.850
99.320
99.800
100.280
100.750
101.230
101.700
102.180
102.660
103.130
103.610
104.080
104.560
105.040
105.510
105.990
106.470
106.940
107.420
107.890
108.370
108.840
109.320
109.800
110.270
110.750
111.230
111.700
112.180
112.650
113.130
113.610
114.080
114.560
115.040
115.510
115.990
116.460
116.940
117.420
117.890
118.370
118.850
119.320
119.800
