0.110
0.540
0.970
1.400
1.830
2.260
2.680
3.110
3.540
3.970
4.400
4.830
5.260
5.680
6.110
6.540
6.970
7.400
7.830
8.260
8.690
9.110
9.540
9.970
10.400
10.830
11.260
11.690
12.110
12.540
12.970
13.400
13.830
14.260
14.690
15.110
15.540
15.970
16.400
16.830
17.260
17.690
18.120
18.540
18.970
19.400
19.830
20.260
20.690
21.100
21.540
21.960
22.400
22.820
23.250
23.680
24.110
24.540
24.970
25.400
25.820
26.260
26.680
27.110
27.540
27.970
28.400
28.820
29.260
29.690
30.110
30.540
30.970
31.400
31.830
32.250
32.690
33.110
33.540
33.970
34.400
34.830
35.250
35.680
36.110
36.540
36.970
37.400
37.830
38.250
38.680
39.110
39.540
39.970
40.400
40.830
41.260
41.680
42.110
42.540
42.970
43.400
43.830
44.260
44.690
45.120
45.550
45.980
46.400
46.840
47.270
47.690
48.110
48.550
48.980
49.410
49.830
50.260
50.690
51.120
51.550
51.980
52.400
52.840
53.260
53.690
54.120
54.550
54.970
55.400
55.830
56.260
56.690
57.120
57.550
57.980
58.400
58.830
59.260
59.690
60.110
60.550
60.970
61.410
61.830
62.260
62.690
63.120
63.550
63.980
64.400
64.840
65.260
65.690
66.120
66.550
66.970
67.410
67.830
68.260
68.690
69.120
69.550
69.980
70.400
70.840
71.260
71.690
72.120
72.550
72.970
73.400
73.830
74.260
74.690
75.120
75.540
75.980
76.400
76.840
77.260
77.690
78.120
78.550
78.970
79.410
79.830
80.260
80.690
81.120
81.550
81.980
82.400
82.830
83.260
83.690
84.120
84.540
84.970
85.400
85.830
86.270
86.690
87.120
87.550
87.970
88.400
88.830
89.260
89.700
90.120
90.550
90.980
91.410
91.830
92.260
92.690
93.120
93.550
93.970
94.400
94.830
95.260
95.690
96.120
96.550
96.970
97.400
97.830
98.260
98.690
99.120
99.540
99.980
100.400
100.830
101.260
101.690
102.110
102.540
102.970
103.410
103.960
104.690
105.540
106.400
107.260
108.120
108.970
109.830
110.690
111.540
112.400
113.260
114.110
114.970
115.830
116.690
117.540
118.400
119.260
