0.410
1.050
1.660
2.300
2.950
3.580
4.240
4.900
5.560
6.240
6.900
7.560
8.150
8.800
9.390
10.040
10.630
11.260
11.890
12.550
13.190
13.840
14.480
15.100
15.720
16.320
16.940
17.560
18.170
18.810
19.420
20.040
20.690
21.370
22.020
22.660
23.300
23.920
24.550
25.200
25.860
26.490
27.150
27.790
28.490
29.140
29.770
30.400
31.070
31.700
32.370
33.000
33.670
34.330
34.980
35.550
36.150
36.790
37.430
38.070
38.720
39.350
40.000
40.640
41.280
41.920
42.570
43.210
43.860
44.500
45.150
45.790
46.430
47.070
47.720
48.360
49.080
49.750
50.420
51.140
51.780
52.430
53.070
53.720
54.360
55.000
55.640
56.290
56.930
57.570
58.130
58.740
59.290
59.900
60.460
61.110
61.760
62.450
63.140
63.790
64.510
65.180
65.820
66.350
66.900
67.430
67.970
68.390
68.820
69.250
69.680
70.110
70.530
70.960
71.410
71.820
72.250
72.680
73.110
73.530
73.970
74.390
74.820
75.250
75.670
76.110
76.540
76.960
77.390
77.820
78.250
78.670
79.100
79.530
79.960
80.390
80.820
81.250
81.680
82.100
82.540
82.960
83.390
83.820
84.250
84.680
85.110
85.530
85.960
86.390
86.830
87.250
87.680
88.110
88.530
88.960
89.390
89.820
90.250
90.670
91.100
91.530
91.960
92.390
92.820
93.250
93.680
94.100
94.530
94.960
95.390
95.820
96.250
96.680
97.110
97.530
97.960
98.390
98.820
99.250
99.680
100.100
100.530
100.960
101.390
101.820
102.250
102.680
103.100
103.530
103.960
104.390
104.820
105.250
105.680
106.110
106.530
106.960
107.390
107.820
108.250
108.680
109.100
109.530
109.960
110.390
110.820
111.250
111.680
112.110
112.540
112.960
113.390
113.820
114.250
114.680
115.100
115.530
115.960
116.390
116.820
117.250
117.680
118.110
118.530
118.960
119.390
119.820
