0.070
0.750
1.460
2.190
2.890
3.620
4.340
5.060
5.770
6.490
7.210
7.930
8.640
9.360
10.080
10.800
11.520
12.240
12.960
13.680
14.390
15.110
15.830
16.560
17.270
17.990
18.710
19.430
20.140
20.860
21.580
22.300
23.020
23.740
24.460
25.180
25.890
26.610
27.330
28.050
28.770
29.490
30.220
30.930
31.670
32.380
33.110
33.830
34.550
35.250
35.960
36.680
37.430
38.120
38.870
39.580
40.300
41.000
41.730
42.430
43.180
43.900
44.610
45.330
46.050
46.750
47.470
48.170
48.930
49.640
50.340
51.080
51.800
52.490
53.210
53.920
54.630
55.180
55.700
56.070
56.420
56.790
57.140
57.500
57.860
58.230
58.580
58.940
59.300
59.670
60.010
60.380
60.740
61.100
61.450
61.820
62.170
62.540
62.890
63.250
63.610
63.990
64.330
64.690
65.050
65.430
65.770
66.130
66.480
66.850
67.200
67.570
67.920
68.290
68.640
69.000
69.360
69.730
70.080
70.440
70.800
71.170
71.510
71.870
72.230
72.600
72.950
73.320
73.680
74.040
74.400
74.760
75.110
75.470
75.830
76.190
76.550
76.920
77.260
77.620
77.980
78.340
78.700
79.060
79.420
79.790
80.140
80.500
80.860
81.230
81.570
81.940
82.300
82.670
83.010
83.370
83.730
84.090
84.450
84.810
85.170
85.540
85.890
86.250
86.610
86.970
87.320
87.690
88.040
88.410
88.760
89.120
89.480
89.840
90.200
90.560
90.920
91.280
91.630
92.000
92.360
92.720
93.070
93.440
93.790
94.160
94.500
94.870
95.230
95.590
95.950
96.310
96.670
97.030
97.380
97.750
98.100
98.470
98.820
99.190
99.540
99.910
100.250
100.620
100.980
101.340
101.690
102.060
102.420
102.780
103.130
103.500
103.850
104.220
104.570
104.930
105.290
105.660
106.010
106.370
106.730
107.090
107.440
107.810
108.160
108.530
108.880
109.250
109.600
109.970
110.320
110.680
111.040
111.400
111.760
112.120
112.480
112.840
113.190
113.550
113.910
114.280
114.630
115.000
115.350
115.720
116.070
116.430
116.790
117.150
117.500
117.870
118.230
118.590
118.940
119.310
119.660
120.030
