0.070
0.400
0.750
1.100
1.460
1.810
2.160
2.510
2.870
3.210
3.580
3.920
4.280
4.630
4.980
5.330
5.690
6.040
6.400
6.740
7.100
7.450
7.800
8.160
8.510
8.860
9.220
9.570
9.930
10.280
10.630
10.980
11.340
11.690
12.040
12.400
12.740
13.100
13.450
13.810
14.160
14.510
14.870
15.220
15.570
15.920
16.280
16.630
16.980
17.330
17.690
18.050
18.400
18.750
19.100
19.450
19.810
20.160
20.510
20.860
21.220
21.570
21.930
22.280
22.630
22.980
23.340
23.690
24.040
24.400
24.750
25.100
25.460
25.810
26.160
26.510
26.870
27.220
27.570
27.920
28.280
28.630
28.990
29.340
29.690
30.050
30.390
30.750
31.100
31.460
31.810
32.160
32.520
32.870
33.220
33.570
33.930
34.280
34.630
34.980
35.340
35.690
36.040
36.400
36.750
37.100
37.450
37.810
38.160
38.510
38.870
39.220
39.570
39.920
40.280
40.630
40.990
41.340
41.690
42.040
42.400
42.750
43.100
43.460
43.810
44.160
44.510
44.870
45.220
45.570
45.930
46.280
46.630
46.980
47.340
47.690
48.050
48.400
48.750
49.110
49.460
49.800
50.160
50.510
50.870
51.220
51.570
51.930
52.460
52.980
53.710
54.400
55.100
55.820
56.520
57.220
57.930
58.630
59.330
60.040
60.750
61.460
62.150
62.870
63.570
64.280
65.050
65.870
66.580
67.280
67.990
68.690
69.400
70.100
70.810
71.520
72.220
72.930
73.630
74.340
74.940
75.580
76.290
77.000
77.700
78.380
79.040
79.690
80.360
81.070
81.730
82.280
82.840
83.330
83.830
84.290
84.760
85.220
85.710
86.160
86.510
86.870
87.220
87.570
87.920
88.290
88.630
88.990
89.340
89.670
90.040
90.410
90.770
91.120
91.470
91.820
92.180
92.530
92.880
93.230
93.580
93.930
94.290
94.640
94.990
95.340
95.700
96.050
96.400
96.760
97.100
97.460
97.810
98.160
98.520
98.870
99.220
99.580
99.930
100.280
100.630
100.990
101.340
101.690
102.050
102.400
102.750
103.100
103.460
103.810
104.160
104.520
104.870
105.220
105.580
105.930
106.280
106.640
106.990
107.340
107.690
108.050
108.400
108.750
109.100
109.460
109.810
110.160
110.520
110.870
111.220
111.580
111.930
112.280
112.630
112.990
113.340
113.700
114.050
114.400
114.750
115.100
115.460
115.810
116.160
116.520
116.870
117.220
117.580
117.930
118.280
118.630
118.990
119.330
119.690
120.040
