0.300
0.640
1.000
1.340
1.700
2.040
2.390
2.740
3.090
3.440
3.780
4.130
4.490
4.830
5.180
5.530
5.880
6.230
6.580
6.930
7.280
7.620
7.980
8.320
8.670
9.020
9.370
9.720
10.070
10.410
10.770
11.110
11.460
11.810
12.160
12.510
12.860
13.200
13.560
13.900
14.250
14.600
14.950
15.300
15.650
16.000
16.350
16.690
17.050
17.390
17.740
18.090
18.440
18.790
19.140
19.480
19.840
20.180
20.530
20.880
21.230
21.580
21.930
22.270
22.630
22.970
23.320
23.670
24.020
24.370
24.720
25.060
25.420
25.760
26.110
26.460
26.810
27.160
27.510
27.860
28.210
28.560
28.900
29.250
29.600
29.950
30.300
30.650
31.000
31.340
31.690
32.040
32.390
32.740
33.090
33.440
33.790
34.130
34.480
34.830
35.180
35.530
35.880
36.230
36.580
36.920
37.270
37.620
37.970
38.320
38.670
39.020
39.370
39.720
40.060
40.420
40.760
41.110
41.460
41.810
42.160
42.510
42.860
43.210
43.550
43.900
44.250
44.600
44.950
45.300
45.650
46.000
46.350
46.690
47.040
47.390
47.740
48.090
48.440
48.790
49.140
49.480
49.840
50.180
50.530
50.880
51.230
51.580
51.930
52.280
52.630
52.970
53.320
53.670
54.020
54.370
54.720
55.070
55.420
55.760
56.110
56.460
56.810
57.160
57.510
57.850
58.210
58.550
58.900
59.250
59.600
59.950
60.300
60.650
61.000
61.340
61.690
62.040
62.390
62.740
63.090
63.440
63.790
64.130
64.480
64.830
65.180
65.530
65.880
66.230
66.580
66.930
67.280
67.620
67.970
68.320
68.670
69.020
69.370
69.720
70.070
70.410
70.760
71.110
71.460
71.810
72.160
72.510
72.860
73.210
73.560
73.900
74.250
74.600
74.950
75.300
75.650
76.000
76.350
76.690
77.040
77.390
77.740
78.090
78.440
78.780
79.130
79.480
79.830
80.180
80.530
80.880
81.230
81.580
81.920
82.270
82.620
82.970
83.320
83.670
84.020
84.370
84.720
85.060
85.410
85.760
86.110
86.460
86.810
87.160
87.510
87.860
88.210
88.550
88.900
89.250
89.600
89.950
90.300
90.650
91.000
91.340
91.700
92.040
92.390
92.740
93.090
93.440
93.790
94.130
94.490
94.830
95.180
95.530
95.880
96.230
96.580
96.930
97.280
97.620
97.970
98.320
98.670
99.020
99.370
99.720
100.070
100.410
100.760
101.110
101.460
101.810
102.160
102.510
102.860
103.210
103.550
103.900
104.250
104.600
104.950
105.300
105.650
105.990
106.350
106.690
107.040
107.390
107.740
108.090
108.440
108.790
109.140
109.480
109.830
110.180
110.530
110.880
111.230
111.580
111.930
112.270
112.620
112.970
113.320
113.670
114.020
114.370
114.720
115.070
115.420
115.760
116.110
116.460
116.810
117.160
117.510
117.860
118.210
118.560
118.910
119.250
119.600
119.950
