0.080
0.530
0.960
1.380
1.810
2.250
2.670
3.100
3.530
3.960
4.390
4.820
5.240
5.670
6.100
6.530
6.950
7.390
7.820
8.240
8.670
9.100
9.530
9.960
10.380
10.810
11.240
11.670
12.100
12.530
12.960
13.380
13.810
14.240
14.670
15.100
15.530
15.960
16.380
16.820
17.240
17.670
18.100
18.530
18.950
19.390
19.810
20.240
20.670
21.100
21.520
21.950
22.380
22.810
23.240
23.670
24.100
24.530
24.960
25.390
25.810
26.240
26.670
27.100
27.530
27.950
28.380
28.810
29.240
29.680
30.110
30.530
30.970
31.390
31.810
32.250
32.680
33.110
33.530
33.960
34.390
34.820
35.240
35.670
36.100
36.530
36.960
37.380
37.820
38.240
38.670
39.100
39.530
39.960
40.380
40.820
41.250
41.670
42.100
42.530
42.960
43.390
43.810
44.250
44.680
45.100
45.520
45.960
46.390
46.830
47.250
47.670
48.100
48.530
48.960
49.400
49.820
50.250
50.670
51.100
51.530
51.960
52.390
52.820
53.250
53.680
54.110
54.540
54.960
55.390
55.820
56.240
56.670
57.090
57.530
57.960
58.380
58.800
59.250
59.670
60.090
60.520
60.960
61.390
61.810
62.240
62.670
63.100
63.530
63.950
64.390
64.820
65.240
65.660
66.100
66.520
66.960
67.370
67.820
68.250
68.670
69.100
69.530
69.960
70.380
70.810
71.240
71.670
72.100
72.530
72.960
73.380
73.810
74.240
74.670
75.100
75.530
75.950
76.380
76.810
77.240
77.670
78.100
78.530
78.950
79.380
79.810
80.240
80.670
81.100
81.530
81.960
82.390
82.810
83.240
83.670
84.100
84.530
84.960
85.390
85.810
86.240
86.670
87.100
87.530
87.960
88.380
88.810
89.240
89.670
90.100
90.530
90.960
91.390
91.810
92.240
92.670
93.100
93.530
93.960
94.380
94.810
95.240
95.670
96.100
96.530
96.960
97.390
97.820
98.240
98.670
99.100
99.530
99.960
100.380
100.810
101.240
101.670
102.100
102.530
102.960
103.380
103.810
104.240
104.670
105.100
105.530
105.950
106.380
106.810
107.240
107.670
108.100
108.530
108.960
109.380
109.810
110.240
110.670
111.100
111.530
111.960
112.380
112.810
113.240
113.670
114.100
114.530
114.960
115.390
115.810
116.240
116.670
117.100
117.530
117.960
118.380
118.810
119.240
119.670
