0.330
1.030
1.720
2.410
3.090
3.780
4.470
5.160
5.850
6.540
7.230
7.920
8.600
9.260
9.890
10.510
11.180
11.800
12.430
13.090
13.760
14.480
15.180
15.870
16.540
17.230
17.930
18.610
19.300
20.000
20.690
21.380
22.070
22.760
23.440
24.130
24.800
25.510
26.200
26.890
27.560
28.260
28.950
29.640
30.330
31.030
31.710
32.410
33.100
33.790
34.470
35.170
35.840
36.550
37.250
37.930
38.610
39.300
40.010
40.670
41.370
42.070
42.750
43.440
44.130
44.820
45.500
46.200
46.870
47.580
48.280
48.970
49.630
50.320
51.050
51.720
52.400
53.100
53.790
54.470
55.170
55.860
56.540
57.230
57.910
58.610
59.310
60.010
60.670
61.360
62.080
62.760
63.400
63.790
64.130
64.470
64.820
65.160
65.510
65.850
66.200
66.540
66.890
67.230
67.580
67.920
68.270
68.610
68.940
69.300
69.650
69.990
70.330
70.680
71.020
71.370
71.710
72.060
72.400
72.750
73.100
73.440
73.780
74.130
74.460
74.820
75.160
75.510
75.850
76.200
76.540
76.880
77.220
77.570
77.920
78.260
78.610
78.950
79.300
79.640
79.990
80.330
80.680
81.020
81.370
81.710
82.060
82.400
82.750
83.090
83.440
83.780
84.130
84.470
84.810
85.160
85.500
85.850
86.200
86.540
86.880
87.230
87.580
87.920
88.260
88.610
88.950
89.300
89.650
89.990
90.330
90.680
91.020
91.360
91.710
92.060
92.400
92.750
93.090
93.440
93.780
94.130
94.470
94.810
95.160
95.500
95.850
96.200
96.540
96.880
97.230
97.580
97.920
98.260
98.610
98.950
99.300
99.640
99.990
100.330
100.680
101.020
101.370
101.710
102.060
102.400
102.750
103.090
103.440
103.780
104.130
104.470
104.820
105.160
105.510
105.850
106.200
106.540
106.880
107.230
107.570
107.920
108.260
108.610
108.960
109.300
109.640
109.990
110.340
110.680
111.020
111.370
111.710
112.060
112.400
112.750
113.090
113.440
113.770
114.130
114.470
114.820
115.160
115.510
115.850
116.200
116.540
116.890
117.230
117.580
117.920
118.270
118.610
118.960
119.300
119.650
119.990
