0.100
0.800
1.500
2.210
2.920
3.620
4.330
5.030
5.740
6.450
7.150
7.860
8.570
9.270
9.980
10.680
11.390
12.100
12.800
13.500
14.210
14.910
15.620
16.320
17.030
17.740
18.440
19.160
19.850
20.540
21.240
21.940
22.680
23.390
24.070
24.820
25.490
26.230
26.910
27.660
28.340
29.030
29.750
30.430
31.170
31.860
32.560
33.360
34.110
34.890
35.670
36.580
37.490
38.440
39.340
40.250
41.130
42.060
42.960
43.860
44.820
45.870
46.900
47.880
48.950
49.980
50.930
51.880
52.870
53.780
54.750
55.690
56.600
57.540
58.530
59.410
60.360
61.280
62.230
63.180
64.160
65.070
66.020
66.990
67.900
68.830
69.810
70.710
71.650
72.580
73.520
74.470
75.460
76.360
77.300
78.270
78.970
79.670
80.390
81.110
81.790
82.500
83.190
83.910
84.620
85.320
86.030
86.740
87.440
88.220
89.040
89.730
90.450
91.150
91.860
92.550
93.260
93.970
94.680
95.380
96.090
96.800
97.510
98.210
98.920
99.610
100.330
101.030
101.740
102.440
103.150
103.860
104.560
105.260
105.980
106.680
107.390
108.100
108.800
109.510
110.210
110.900
111.630
112.340
113.040
113.740
114.450
115.150
115.860
116.550
117.270
117.980
118.680
119.380
120.070
