0.170
0.520
0.860
1.210
1.560
1.900
2.240
2.590
2.940
3.280
3.620
3.970
4.310
4.660
5.000
5.350
5.690
6.040
6.380
6.730
7.070
7.420
7.760
8.110
8.450
8.800
9.140
9.480
9.830
10.170
10.520
10.860
11.210
11.550
11.900
12.240
12.590
12.930
13.280
13.620
13.970
14.320
14.660
15.000
15.350
15.690
16.040
16.370
16.720
17.060
17.400
17.760
18.110
18.450
18.790
19.140
19.480
19.830
20.170
20.520
20.860
21.210
21.550
21.900
22.240
22.590
22.930
23.280
23.620
23.960
24.310
24.660
25.000
25.350
25.690
26.040
26.380
26.720
27.070
27.420
27.760
28.100
28.450
28.790
29.140
29.480
29.830
30.180
30.520
30.860
31.210
31.550
31.900
32.240
32.590
32.930
33.280
33.620
33.970
34.310
34.660
34.990
35.350
35.690
36.040
36.380
36.730
37.070
37.420
37.760
38.110
38.450
38.800
39.140
39.490
39.840
40.190
40.500
40.800
41.110
41.430
41.730
42.050
42.350
42.660
42.960
43.270
43.570
43.860
44.170
44.460
44.760
45.070
45.360
45.660
45.970
46.260
46.560
46.870
47.190
47.490
47.810
48.120
48.430
48.740
49.050
49.360
49.660
49.970
50.290
50.600
50.900
51.210
51.520
51.830
52.140
52.460
52.770
53.090
53.410
53.740
54.050
54.370
54.690
55.010
55.340
55.650
55.980
56.290
56.620
56.930
57.260
57.580
57.900
58.220
58.540
58.860
59.170
59.510
59.860
60.190
60.540
60.880
61.210
61.560
61.910
62.250
62.590
62.940
63.290
63.630
63.980
64.320
64.660
65.010
65.360
65.700
66.040
66.390
66.730
67.080
67.420
67.770
68.110
68.460
68.800
69.150
69.490
69.840
70.180
70.530
70.870
71.210
71.560
71.900
72.250
72.590
72.940
73.280
73.620
73.970
74.320
74.660
75.010
75.350
75.700
76.040
76.390
76.730
77.080
77.420
77.760
78.110
78.460
78.800
79.150
79.490
79.840
80.180
80.520
80.870
81.210
81.550
81.890
82.240
82.590
82.930
83.280
83.620
83.960
84.310
84.660
85.000
85.350
85.690
86.040
86.380
86.730
87.070
87.420
87.760
88.110
88.450
88.800
89.140
89.490
89.830
90.170
90.520
90.860
91.210
91.560
91.900
92.240
92.590
92.930
93.280
93.620
93.970
94.310
94.660
95.000
95.350
95.690
96.040
96.380
96.730
97.070
97.420
97.760
98.110
98.450
98.790
99.140
99.490
99.830
100.170
100.520
100.860
101.200
101.550
101.900
102.240
102.590
102.930
103.280
103.620
103.970
104.310
104.660
105.000
105.350
105.690
106.040
106.380
106.730
107.070
107.420
107.760
108.110
108.450
108.800
109.140
109.480
109.830
110.170
110.520
110.870
111.210
111.550
111.900
112.230
112.590
112.930
113.280
113.620
113.970
114.310
114.660
115.000
115.350
115.690
116.040
116.380
116.730
117.070
117.420
117.760
118.110
118.450
118.790
119.140
119.480
119.830
