0.410
0.850
1.270
1.700
2.130
2.570
3.000
3.430
3.850
4.310
4.770
5.250
5.710
6.170
6.620
7.070
7.540
8.030
8.490
8.970
9.420
9.880
10.330
10.800
11.250
11.710
12.180
12.630
13.060
13.510
13.990
14.440
14.890
15.350
15.830
16.280
16.740
17.210
17.660
18.110
18.590
19.030
19.490
19.920
20.370
20.850
21.300
21.750
22.210
22.690
23.140
23.610
24.070
24.520
24.960
25.420
25.880
26.330
26.770
27.210
27.670
28.150
28.590
29.070
29.510
29.990
30.410
30.850
31.280
31.710
32.130
32.560
32.990
33.420
33.830
34.280
34.710
35.130
35.560
35.990
36.420
36.860
37.280
37.710
38.130
38.560
38.970
39.400
39.840
40.280
40.700
41.140
41.560
41.990
42.420
42.850
43.280
43.710
44.130
44.570
44.990
45.420
45.850
46.270
46.710
47.130
47.560
47.990
48.420
48.850
49.270
49.700
50.130
50.570
50.990
51.420
51.850
52.280
52.700
53.140
53.560
53.990
54.420
54.860
55.280
55.710
56.130
56.570
56.990
57.420
57.850
58.270
58.700
59.130
59.560
59.990
60.420
60.850
61.270
61.700
62.130
62.560
62.990
63.410
63.850
64.280
64.700
65.120
65.560
65.990
66.410
66.840
67.280
67.710
68.130
68.550
68.990
69.420
69.840
70.270
70.700
71.130
71.560
71.980
72.420
72.850
73.270
73.700
74.130
74.560
74.990
75.410
75.850
76.280
76.700
77.130
77.560
78.000
78.450
78.880
79.330
79.740
80.180
80.600
81.040
81.480
81.890
82.340
82.740
83.160
83.600
84.000
84.440
84.850
85.270
85.700
86.130
86.560
86.990
87.420
87.840
88.280
88.700
89.130
89.550
89.990
90.420
90.840
91.270
91.710
92.130
92.560
92.980
93.420
93.850
94.270
94.700
95.130
95.560
95.990
96.410
96.850
97.270
97.700
98.130
98.560
98.990
99.420
99.840
100.280
100.700
101.130
101.560
101.990
102.420
102.840
103.270
103.710
104.130
104.560
104.980
105.420
105.840
106.270
106.700
107.130
107.560
107.990
108.410
108.850
109.270
109.700
110.130
110.560
110.990
111.410
111.840
112.270
112.710
113.130
113.560
113.990
114.410
114.840
115.270
115.700
116.130
116.560
116.980
117.420
117.840
118.260
118.700
119.130
119.560
119.980
