0.190
0.630
1.070
1.510
1.950
2.400
2.840
3.280
3.720
4.160
4.600
5.040
5.480
5.930
6.370
6.810
7.250
7.690
8.130
8.570
9.010
9.450
9.890
10.340
10.770
11.220
11.660
12.100
12.540
12.980
13.420
13.860
14.310
14.750
15.190
15.630
16.070
16.510
16.950
17.390
17.830
18.280
18.720
19.160
19.600
20.040
20.480
20.920
21.360
21.810
22.250
22.690
23.130
23.570
24.010
24.450
24.890
25.340
25.780
26.220
26.660
27.100
27.540
27.980
28.420
28.860
29.300
29.750
30.190
30.630
31.070
31.510
31.950
32.400
32.830
33.280
33.720
34.160
34.600
35.040
35.480
35.920
36.360
36.800
37.250
37.690
38.130
38.570
39.010
39.450
39.890
40.330
40.780
41.220
41.660
42.100
42.540
42.980
43.420
43.860
44.310
44.750
45.190
45.630
46.070
46.510
46.950
47.390
47.840
48.280
48.720
49.160
49.600
50.040
50.480
50.920
51.360
51.810
52.250
52.690
53.130
53.570
54.010
54.450
54.890
55.340
55.780
56.220
56.660
57.110
57.540
57.990
58.420
58.870
59.310
59.750
60.190
60.640
61.070
61.520
61.950
62.400
62.840
63.280
63.720
64.160
64.600
65.040
65.480
65.930
66.360
66.810
67.250
67.690
68.130
68.570
69.010
69.460
69.890
70.340
70.780
71.220
71.660
72.100
72.540
72.980
73.420
73.870
74.310
74.750
75.190
75.630
76.070
76.520
76.950
77.400
77.840
78.280
78.720
79.160
79.600
80.050
80.480
80.930
81.370
81.810
82.250
82.690
83.130
83.570
84.010
84.460
84.890
85.340
85.780
86.220
86.660
87.100
87.540
87.980
88.420
88.870
89.300
89.750
90.180
90.630
91.070
91.510
91.950
92.400
92.830
93.270
93.710
94.160
94.600
95.050
95.480
95.930
96.360
96.810
97.250
97.700
98.130
98.570
99.010
99.460
99.890
100.340
100.780
101.220
101.660
102.100
102.540
102.990
103.420
103.870
104.300
104.750
105.190
105.640
106.070
106.510
106.950
107.390
107.830
108.270
108.720
109.160
109.600
110.050
110.480
110.930
111.360
111.810
112.240
112.690
113.130
113.570
114.010
114.450
114.890
115.340
115.780
116.220
116.660
117.100
117.540
117.980
118.430
118.870
119.310
119.750
