0.060
0.370
0.710
1.040
1.380
1.720
2.050
2.390
2.730
3.060
3.400
3.740
4.070
4.410
4.750
5.090
5.420
5.760
6.100
6.440
6.780
7.120
7.460
7.800
8.140
8.460
8.790
9.130
9.470
9.800
10.140
10.480
10.820
11.150
11.490
11.830
12.170
12.500
12.840
13.180
13.510
13.850
14.190
14.520
14.860
15.200
15.540
15.870
16.210
16.550
16.880
17.220
17.560
17.900
18.260
18.590
18.920
19.250
19.580
19.920
20.260
20.590
20.930
21.270
21.610
21.940
22.280
22.610
22.950
23.290
23.620
23.960
24.300
24.640
24.980
25.310
25.650
25.990
26.320
26.660
27.000
27.330
27.680
28.010
28.350
28.690
29.020
29.360
29.700
30.040
30.370
30.700
31.040
31.380
31.710
32.050
32.390
32.730
33.060
33.400
33.740
34.070
34.410
34.750
35.090
35.420
35.760
36.100
36.430
36.770
37.110
37.450
37.780
38.120
38.460
38.800
39.140
39.470
39.810
40.150
40.490
40.820
41.160
41.610
42.080
42.570
43.050
43.590
44.120
44.680
45.290
45.870
46.490
47.170
47.870
48.550
49.240
49.910
50.590
51.280
51.970
52.620
53.300
53.980
54.670
55.320
55.990
56.690
57.350
58.000
58.670
59.350
60.010
60.690
61.360
62.050
62.700
63.400
64.060
64.740
65.390
66.070
66.750
67.440
68.110
68.780
69.460
70.160
70.820
71.490
72.170
72.830
73.510
74.190
74.860
75.370
75.880
76.220
76.550
76.890
77.220
77.560
77.900
78.230
78.570
78.920
79.270
79.610
79.950
80.290
80.630
80.960
81.300
81.630
81.960
82.300
82.640
82.970
83.310
83.650
83.990
84.320
84.660
85.000
85.330
85.680
86.010
86.350
86.690
87.020
87.350
87.690
88.030
88.360
88.700
89.030
89.370
89.690
90.030
90.370
90.700
91.040
91.380
91.720
92.050
92.390
92.730
93.060
93.400
93.740
94.070
94.410
94.750
95.080
95.420
95.760
96.100
96.430
96.770
97.110
97.450
97.790
98.130
98.460
98.800
99.140
99.480
99.810
100.150
100.480
100.820
101.150
101.490
101.830
102.160
102.500
102.840
103.180
103.510
103.850
104.190
104.520
104.860
105.200
105.530
105.870
106.210
106.540
106.880
107.220
107.560
107.890
108.230
108.570
108.910
109.250
109.590
109.940
110.280
110.610
110.930
111.270
111.600
111.940
112.280
112.610
112.950
113.300
113.620
113.960
114.300
114.640
114.970
115.310
115.650
115.990
116.320
116.660
117.000
117.330
117.670
118.000
118.340
118.680
119.020
119.360
119.690
120.040
