0.320
0.820
1.320
1.830
2.320
2.830
3.320
3.830
4.330
4.830
5.320
5.830
6.320
6.820
7.320
7.830
8.320
8.820
9.310
9.820
10.330
10.830
11.320
11.830
12.320
12.830
13.320
13.820
14.330
14.830
15.320
15.830
16.320
16.820
17.320
17.810
18.320
18.830
19.320
19.830
20.320
20.830
21.320
21.820
22.330
22.820
23.320
23.820
24.320
24.820
25.370
25.950
26.490
27.070
27.570
28.070
28.570
29.070
29.580
30.080
30.570
31.080
31.580
32.070
32.570
33.070
33.580
34.080
34.570
35.070
35.570
36.070
36.570
37.070
37.570
38.070
38.570
39.070
39.570
40.070
40.570
41.070
41.570
42.070
42.570
43.070
43.570
44.070
44.570
45.070
45.570
46.070
46.570
47.070
47.570
48.070
48.570
49.070
49.580
50.070
50.570
51.070
51.570
52.070
52.570
53.070
53.570
54.070
54.570
55.070
55.570
56.070
56.570
57.070
57.570
58.070
58.570
59.070
59.570
60.070
60.570
61.070
61.560
62.070
62.560
63.070
63.570
64.070
64.570
65.070
65.570
66.070
66.570
67.070
67.570
68.070
68.570
69.070
69.570
70.070
70.570
71.070
71.570
72.070
72.570
73.070
73.570
74.070
74.570
75.070
75.570
76.070
76.570
77.070
77.560
78.080
78.580
79.070
79.570
80.070
80.570
81.070
81.570
82.070
82.570
83.070
83.570
84.070
84.570
85.070
85.570
86.070
86.570
87.070
87.570
88.080
88.570
89.070
89.570
90.070
90.570
91.060
91.570
92.060
92.570
93.070
93.520
93.950
94.420
94.850
95.320
95.830
96.330
96.830
97.330
97.830
98.320
98.830
99.330
99.820
100.330
100.820
101.320
101.820
102.330
102.830
103.320
103.820
104.330
104.820
105.320
105.820
106.320
106.830
107.320
107.820
108.320
108.830
109.320
109.830
110.330
110.830
111.320
111.820
112.330
112.830
113.330
113.830
114.320
114.830
115.330
115.820
116.320
116.820
117.320
117.830
118.320
118.830
119.320
119.830
