0.380
0.950
1.510
2.080
2.650
3.210
3.780
4.350
4.910
5.480
6.040
6.610
7.170
7.740
8.310
8.870
9.470
10.040
10.580
11.130
11.700
12.270
12.840
13.400
13.970
14.530
15.100
15.670
16.230
16.800
17.360
17.930
18.500
19.060
19.630
20.200
20.760
21.330
21.890
22.460
23.020
23.590
24.160
24.720
25.290
25.850
26.420
26.990
27.550
28.120
28.680
29.250
29.820
30.380
30.950
31.510
32.080
32.650
33.210
33.780
34.340
34.910
35.480
36.040
36.610
37.180
37.740
38.310
38.870
39.440
40.000
40.570
41.140
41.700
42.270
42.840
43.400
43.970
44.530
45.100
45.660
46.230
46.820
47.370
47.930
48.500
49.060
49.630
50.190
50.760
51.330
51.890
52.460
53.020
53.590
54.160
54.720
55.290
55.850
56.420
56.990
57.550
58.120
58.680
59.250
59.820
60.380
60.950
61.510
62.080
62.650
63.210
63.780
64.340
64.910
65.480
66.040
66.610
67.170
67.740
68.310
68.870
69.440
70.000
70.570
71.140
71.700
72.270
72.830
73.400
73.970
74.530
75.100
75.660
76.230
76.800
77.360
77.930
78.500
79.060
79.630
80.190
80.760
81.330
81.890
82.460
83.020
83.600
84.150
84.720
85.290
85.850
86.420
86.980
87.550
88.120
88.680
89.250
89.810
90.380
90.950
91.510
92.080
92.640
93.220
93.780
94.340
94.910
95.480
96.040
96.610
97.170
97.740
98.310
98.870
99.440
100.000
100.570
101.150
101.700
102.270
102.830
103.400
103.970
104.530
105.100
105.670
106.230
106.800
107.360
107.930
108.500
109.060
109.630
110.200
110.760
111.330
111.890
112.460
113.020
113.590
114.150
114.720
115.290
115.850
116.420
116.990
117.550
118.120
118.680
119.250
119.820
