0.290
0.630
0.980
1.320
1.670
2.010
2.360
2.700
3.050
3.390
3.740
4.080
4.420
4.770
5.120
5.460
5.810
6.150
6.490
6.840
7.180
7.530
7.870
8.220
8.570
8.910
9.250
9.600
9.940
10.290
10.630
10.980
11.320
11.670
12.010
12.360
12.700
13.050
13.390
13.740
14.080
14.430
14.770
15.120
15.460
15.800
16.150
16.500
16.840
17.190
17.530
17.870
18.220
18.560
18.910
19.250
19.590
19.940
20.280
20.630
20.980
21.320
21.660
22.010
22.350
22.700
23.040
23.390
23.730
24.080
24.420
24.770
25.110
25.460
25.800
26.150
26.490
26.840
27.180
27.520
27.870
28.210
28.560
28.910
29.260
29.600
29.940
30.280
30.620
30.970
31.320
31.670
32.020
32.530
33.040
33.560
34.070
34.600
35.120
35.630
36.150
36.840
37.520
38.220
38.900
39.600
40.290
40.980
41.670
42.360
43.050
43.740
44.430
45.110
45.810
46.490
47.180
47.880
48.560
49.250
49.940
50.640
51.330
52.020
52.700
53.400
54.080
54.770
55.460
56.150
56.840
57.530
58.220
58.910
59.600
60.290
60.980
61.670
62.360
63.050
63.560
64.080
64.430
64.770
65.120
65.460
65.800
66.150
66.490
66.840
67.180
67.530
67.870
68.220
68.570
68.910
69.250
69.600
69.940
70.290
70.630
70.980
71.320
71.670
72.010
72.360
72.700
73.050
73.390
73.740
74.080
74.430
74.770
75.120
75.460
75.810
76.150
76.490
76.840
77.190
77.530
77.870
78.220
78.560
78.910
79.250
79.600
79.940
80.290
80.630
80.980
81.320
81.670
82.010
82.360
82.700
83.050
83.390
83.740
84.080
84.420
84.770
85.120
85.460
85.800
86.150
86.490
86.840
87.180
87.530
87.870
88.220
88.560
88.910
89.250
89.600
89.940
90.290
90.630
90.980
91.320
91.670
92.010
92.360
92.700
93.050
93.390
93.740
94.080
94.430
94.770
95.120
95.460
95.800
96.150
96.500
96.830
97.180
97.530
97.870
98.220
98.560
98.910
99.250
99.600
99.940
100.290
100.640
100.980
101.320
101.670
102.010
102.360
102.700
103.050
103.390
103.740
104.080
104.420
104.770
105.120
105.460
105.800
106.160
106.490
106.840
107.180
107.530
107.870
108.220
108.560
108.910
109.250
109.600
109.940
110.290
110.630
110.980
111.320
111.670
112.010
112.360
112.700
113.050
113.390
113.740
114.080
114.430
114.770
115.110
115.460
115.810
116.150
116.490
116.840
117.180
117.530
117.870
118.220
118.570
118.910
119.250
119.590
119.940
