0.070
1.030
2.010
2.880
3.780
4.670
5.570
6.440
7.300
8.170
8.990
9.820
10.660
11.490
12.330
13.160
14.000
14.830
15.670
16.500
17.350
18.180
19.020
19.850
20.690
21.520
22.360
23.190
24.030
24.870
25.710
26.540
27.370
28.210
29.050
29.880
30.720
31.550
32.390
33.230
34.060
34.900
35.740
36.570
37.410
38.240
39.080
39.920
40.750
41.580
42.420
43.250
44.090
44.930
45.770
46.600
47.440
48.270
49.110
49.940
50.780
51.620
52.450
53.290
54.120
54.960
55.800
56.630
57.470
58.300
59.140
59.970
60.810
61.650
62.480
63.320
64.150
64.990
65.830
66.660
67.500
68.340
69.170
70.010
70.840
71.680
72.510
73.350
74.180
75.020
75.790
76.630
77.470
78.300
79.200
80.020
80.870
81.680
82.550
83.540
84.520
85.490
86.430
87.390
88.340
89.220
90.060
90.870
91.710
92.580
93.430
94.250
95.080
95.920
96.760
97.590
98.430
99.260
100.100
100.940
101.770
102.610
103.440
104.280
105.120
105.950
106.790
107.620
108.460
109.300
110.130
110.970
111.800
112.640
113.470
114.310
115.150
115.980
116.820
117.660
118.490
119.330
