0.040
0.910
1.810
2.750
3.660
4.530
5.460
6.300
7.240
8.100
9.020
9.870
10.750
11.630
12.460
13.340
14.250
15.120
15.940
16.820
17.700
18.510
19.470
20.440
21.340
22.270
23.260
24.230
25.170
26.110
27.120
28.070
29.010
29.900
30.740
31.580
32.450
33.340
34.240
35.190
36.100
37.020
37.940
38.900
39.870
40.730
41.620
42.530
43.400
44.310
45.050
45.750
46.450
47.170
47.930
48.630
49.330
50.030
50.690
51.420
52.090
52.770
53.510
54.170
54.910
55.590
56.270
57.000
57.670
58.410
59.110
59.810
60.470
61.170
61.890
62.610
63.310
63.970
64.670
65.370
66.090
66.810
67.470
68.100
68.770
69.400
70.000
70.630
71.280
71.710
72.150
72.590
73.020
73.460
73.900
74.330
74.760
75.190
75.630
76.060
76.490
76.930
77.370
77.810
78.230
78.670
79.110
79.540
79.980
80.410
80.840
81.280
81.720
82.150
82.580
83.020
83.450
83.890
84.320
84.760
85.190
85.630
86.070
86.500
86.930
87.370
87.800
88.240
88.670
89.110
89.540
89.980
90.410
90.840
91.280
91.720
92.150
92.580
93.020
93.460
93.900
94.320
94.760
95.180
95.600
96.000
96.420
96.850
97.260
97.690
98.130
98.560
98.990
99.430
99.860
100.300
100.730
101.170
101.600
102.040
102.470
102.910
103.340
103.780
104.210
104.650
105.080
105.520
105.950
106.390
106.820
107.260
107.690
108.120
108.560
108.990
109.430
109.860
110.300
110.740
111.210
111.680
112.140
112.590
113.020
113.450
113.890
114.330
114.760
115.190
115.620
116.040
116.490
116.930
117.360
117.810
118.250
118.680
119.110
119.550
120.000
