0.240
0.580
0.930
1.270
1.620
1.960
2.300
2.650
3.000
3.340
3.690
4.030
4.380
4.720
5.060
5.410
5.760
6.100
6.440
6.790
7.130
7.480
7.820
8.170
8.520
8.860
9.200
9.550
9.890
10.230
10.580
10.930
11.280
11.620
11.960
12.300
12.650
12.990
13.340
13.680
14.030
14.370
14.720
15.060
15.410
15.750
16.100
16.440
16.790
17.130
17.480
17.820
18.170
18.510
18.850
19.200
19.550
19.890
20.230
20.580
20.930
21.270
21.610
21.960
22.310
22.650
22.990
23.340
23.680
24.030
24.370
24.720
25.070
25.410
25.750
26.100
26.440
26.790
27.130
27.470
27.820
28.170
28.510
28.860
29.200
29.550
29.890
30.230
30.580
30.930
31.270
31.610
31.960
32.300
32.650
32.990
33.340
33.680
34.030
34.370
34.720
35.060
35.410
35.750
36.100
36.440
36.790
37.130
37.480
37.820
38.160
38.510
38.860
39.200
39.550
39.890
40.240
40.580
40.920
41.270
41.620
41.960
42.300
42.650
42.990
43.340
43.680
44.030
44.370
44.720
45.060
45.410
45.750
46.100
46.440
46.780
47.130
47.480
47.820
48.160
48.510
48.850
49.200
49.540
49.890
50.230
50.580
50.920
51.270
51.610
51.960
52.300
52.650
52.990
53.340
53.680
54.030
54.370
54.720
55.060
55.560
56.100
56.790
57.480
58.170
58.850
59.540
60.230
60.920
61.610
62.300
62.990
63.680
64.370
65.060
65.750
66.440
67.130
67.820
68.510
69.200
69.890
70.580
71.270
71.960
72.650
73.350
74.030
74.720
75.410
76.100
76.790
77.480
78.170
78.860
79.540
80.230
80.920
81.610
82.300
82.990
83.680
84.310
84.710
85.060
85.410
85.760
86.100
86.440
86.790
87.140
87.480
87.820
88.170
88.520
88.860
89.200
89.550
89.890
90.240
90.580
90.930
91.270
91.620
91.960
92.300
92.650
92.990
93.340
93.680
94.030
94.370
94.720
95.060
95.410
95.750
96.100
96.440
96.790
97.130
97.480
97.820
98.170
98.510
98.860
99.200
99.550
99.890
100.240
100.580
100.930
101.270
101.620
101.960
102.310
102.650
102.990
103.340
103.690
104.030
104.370
104.720
105.060
105.410
105.750
106.100
106.450
106.790
107.130
107.480
107.830
108.170
108.510
108.860
109.200
109.540
109.890
110.240
110.580
110.930
111.270
111.620
111.970
112.300
112.650
112.990
113.340
113.680
114.030
114.370
114.720
115.060
115.410
115.750
116.100
116.440
116.790
117.130
117.480
117.820
118.160
118.510
118.860
119.200
119.550
119.890
