0.200
0.550
0.900
1.240
1.590
1.940
2.290
2.640
2.990
3.330
3.690
4.030
4.380
4.740
5.080
5.430
5.780
6.130
6.480
6.830
7.170
7.530
7.870
8.220
8.570
8.920
9.270
9.620
9.960
10.320
10.660
11.010
11.360
11.710
12.060
12.410
12.750
13.110
13.450
13.800
14.150
14.500
14.850
15.200
15.540
15.900
16.240
16.590
16.940
17.290
17.640
17.990
18.340
18.690
19.030
19.380
19.730
20.080
20.430
20.780
21.130
21.480
21.820
22.170
22.520
22.880
23.220
23.570
23.920
24.270
24.610
24.960
25.310
25.670
26.010
26.360
26.710
27.060
27.410
27.750
28.090
28.440
28.810
29.140
29.500
29.850
30.200
30.550
30.900
31.250
31.600
31.950
32.300
32.650
33.000
33.340
33.700
34.050
34.390
34.740
35.080
35.430
35.780
36.130
36.480
36.820
37.180
37.540
37.880
38.230
38.580
38.930
39.270
39.620
39.970
40.320
40.650
41.000
41.350
41.710
42.050
42.400
42.750
43.110
43.440
43.790
44.140
44.500
44.840
45.190
45.540
45.900
46.240
46.580
46.940
47.290
47.630
47.980
48.340
48.690
49.030
49.370
49.730
50.080
50.420
50.770
51.120
51.480
51.810
52.170
52.510
52.870
53.210
53.560
53.910
54.270
54.610
54.950
55.300
55.660
56.000
56.360
56.700
57.060
57.390
57.740
58.090
58.450
58.800
59.140
59.490
59.850
60.190
60.540
60.890
61.240
61.590
61.930
62.270
62.640
62.970
63.320
63.670
64.030
64.380
64.730
65.070
65.430
65.770
66.130
66.480
66.830
67.170
67.530
67.860
68.210
68.560
68.890
69.250
69.610
69.960
70.300
70.650
71.010
71.360
71.710
72.060
72.400
72.750
73.090
73.440
73.800
74.150
74.500
74.850
75.200
75.550
75.900
76.240
76.590
76.940
77.290
77.640
77.990
78.340
78.690
79.030
79.380
79.730
80.080
80.430
80.780
81.130
81.480
81.820
82.170
82.520
82.870
83.220
83.570
83.920
84.270
84.620
84.960
85.310
85.670
86.010
86.360
86.710
87.060
87.410
87.750
88.100
88.450
88.800
89.150
89.500
89.850
90.200
90.550
90.890
91.250
91.590
91.940
92.290
92.640
92.990
93.340
93.680
94.030
94.380
94.730
95.080
95.420
95.770
96.130
96.480
96.830
97.170
97.520
97.870
98.220
98.570
98.920
99.270
99.620
99.960
100.310
100.660
101.010
101.360
101.710
102.060
102.410
102.750
103.100
103.450
103.800
104.150
104.500
104.850
105.200
105.550
105.890
106.240
106.590
106.940
107.290
107.640
107.990
108.340
108.690
109.030
109.390
109.730
110.080
110.430
110.780
111.130
111.480
111.820
112.170
112.520
112.870
113.220
113.570
113.920
114.270
114.620
114.970
115.310
115.660
116.010
116.360
116.710
117.060
117.410
117.760
118.100
118.450
118.800
119.150
119.500
119.850
