0.310
0.740
1.170
1.600
2.030
2.470
2.890
3.310
3.740
4.170
4.600
5.030
5.460
5.900
6.310
6.740
7.170
7.610
8.030
8.460
8.890
9.310
9.740
10.170
10.600
11.020
11.460
11.890
12.320
12.740
13.170
13.600
14.030
14.470
14.890
15.320
15.750
16.170
16.600
17.030
17.460
17.880
18.310
18.740
19.170
19.600
20.040
20.470
20.890
21.310
21.740
22.170
22.600
23.050
23.460
23.890
24.310
24.750
25.170
25.600
26.030
26.470
26.890
27.310
27.740
28.170
28.600
29.030
29.460
29.900
30.320
30.740
31.170
31.600
32.030
32.460
32.890
33.330
33.740
34.170
34.600
35.030
35.460
35.890
36.310
36.740
37.170
37.600
38.030
38.450
38.890
39.320
39.740
40.170
40.600
41.030
41.460
41.890
42.310
42.740
43.170
43.600
44.030
44.460
44.890
45.310
45.740
46.170
46.600
47.020
47.470
47.900
48.320
48.740
49.180
49.580
50.010
50.450
50.870
51.290
51.740
52.170
52.600
53.030
53.460
53.890
54.320
54.750
55.180
55.610
56.040
56.450
56.900
57.310
57.760
58.190
58.600
59.040
59.470
59.900
60.330
60.750
61.190
61.610
62.050
62.470
62.890
63.320
63.730
64.170
64.610
65.040
65.460
65.880
66.330
66.740
67.170
67.600
68.040
68.470
68.900
69.330
69.750
70.180
70.610
71.030
71.460
71.890
72.320
72.740
73.180
73.610
74.040
74.450
74.890
75.320
75.750
76.180
76.600
77.030
77.460
77.890
78.310
78.740
79.170
79.600
80.030
80.460
80.890
81.320
81.740
82.170
82.600
83.030
83.460
83.890
84.310
84.760
85.170
85.600
86.030
86.460
86.890
87.320
87.740
88.180
88.600
89.030
89.460
89.890
90.310
90.740
91.170
91.600
92.030
92.460
92.890
93.310
93.740
94.170
94.600
95.030
95.460
95.890
96.320
96.750
97.170
97.600
98.030
98.450
98.890
99.310
99.750
100.170
100.600
101.030
101.460
101.880
102.320
102.750
103.170
103.600
104.030
104.460
104.890
105.320
105.740
106.170
106.600
107.030
107.460
107.890
108.310
108.760
109.170
109.600
110.030
110.460
110.890
111.320
111.740
112.180
112.600
113.030
113.460
113.890
114.310
114.740
115.170
115.610
116.030
116.460
116.890
117.320
117.740
118.170
118.600
119.020
119.460
119.880
