0.390
0.930
1.480
2.020
2.570
3.110
3.660
4.200
4.750
5.290
5.840
6.380
6.930
7.470
8.020
8.570
9.110
9.660
10.210
10.770
11.290
11.840
12.390
12.930
13.480
14.020
14.570
15.110
15.660
16.200
16.750
17.290
17.840
18.380
18.930
19.480
20.020
20.570
21.110
21.660
22.210
22.750
23.290
23.840
24.390
24.930
25.480
26.020
26.570
27.110
27.660
28.200
28.750
29.290
29.860
30.380
30.930
31.470
32.030
32.570
33.110
33.660
34.220
34.750
35.300
35.840
36.390
36.930
37.480
38.020
38.580
39.110
39.660
40.200
40.750
41.290
41.840
42.390
42.940
43.470
44.020
44.570
45.140
45.680
46.210
46.780
47.310
47.870
48.490
49.080
49.850
50.570
51.280
52.010
52.770
53.460
54.170
54.940
55.650
56.430
57.130
57.870
58.610
59.370
60.080
60.750
61.450
62.090
62.770
63.460
64.150
64.620
65.040
65.490
65.940
66.380
66.800
67.240
67.680
68.130
68.570
68.980
69.410
69.850
70.310
70.750
71.170
71.610
72.050
72.500
72.930
73.350
73.770
74.210
74.660
75.100
75.530
75.960
76.400
76.860
77.300
77.720
78.160
78.600
79.060
79.480
79.900
80.330
80.780
81.230
81.660
82.090
82.530
82.960
83.410
83.840
84.250
84.690
85.130
85.590
86.030
86.450
86.900
87.350
87.780
88.210
88.620
89.050
89.500
89.950
90.390
90.810
91.250
91.690
92.120
92.570
92.980
93.420
93.860
94.320
94.760
95.180
95.640
96.070
96.510
96.940
97.480
98.020
98.560
99.110
99.660
100.200
100.750
101.290
101.840
102.380
102.930
103.480
104.020
104.570
105.110
105.660
106.200
106.750
107.290
107.840
108.390
108.930
109.480
110.020
110.570
111.110
111.660
112.200
112.750
113.290
113.840
114.390
114.930
115.480
116.020
116.570
117.110
117.660
118.210
118.750
119.290
119.840
