0.460
1.140
1.830
2.510
3.190
3.870
4.560
5.240
5.920
6.600
7.280
7.960
8.640
9.320
10.010
10.690
11.370
12.050
12.730
13.410
14.090
14.770
15.460
16.140
16.820
17.510
18.190
18.870
19.550
20.230
20.920
21.600
22.280
22.960
23.640
24.320
25.010
25.690
26.370
27.050
27.730
28.420
29.100
29.780
30.460
31.140
31.820
32.510
33.190
33.870
34.550
35.230
35.920
36.590
37.280
37.960
38.640
39.320
40.010
40.690
41.370
42.050
42.740
43.410
44.100
44.780
45.460
46.140
46.820
47.500
48.190
48.870
49.550
50.230
50.910
51.600
52.280
52.960
53.640
54.320
55.000
55.690
56.370
57.050
57.730
58.410
59.100
59.780
60.460
61.140
61.820
62.510
63.190
63.870
64.550
65.240
65.920
66.600
67.280
67.970
68.650
69.330
69.990
70.680
71.360
72.000
72.620
73.250
73.910
74.560
75.180
75.810
76.490
77.180
77.850
78.530
79.210
79.890
80.570
81.260
81.930
82.620
83.300
84.100
84.890
85.690
86.370
87.050
87.730
88.410
89.100
89.780
90.460
91.140
91.830
92.500
93.190
93.870
94.550
95.230
95.920
96.600
97.280
97.960
98.640
99.320
100.010
100.690
101.370
102.050
102.730
103.410
104.100
104.780
105.460
106.140
106.820
107.510
108.190
108.870
109.550
110.230
110.910
111.600
112.280
112.960
113.640
114.320
115.000
115.690
116.370
117.050
117.730
118.410
119.100
119.780
