0.080
0.750
1.410
2.080
2.750
3.420
4.080
4.750
5.420
6.080
6.750
7.410
8.080
8.730
9.350
9.990
10.630
11.290
11.910
12.570
12.990
13.420
13.850
14.280
14.710
15.130
15.560
15.990
16.420
16.850
17.280
17.710
18.130
18.560
18.990
19.420
19.850
20.290
20.710
21.140
21.570
22.000
22.430
22.860
23.290
23.740
24.140
24.560
24.990
25.410
25.850
26.270
26.700
27.130
27.560
27.980
28.420
28.840
29.280
29.700
30.130
30.560
30.990
31.410
31.850
32.270
32.700
33.130
33.560
33.990
34.420
34.840
35.280
35.700
36.130
36.560
36.990
37.420
37.850
38.270
38.710
39.130
39.560
39.990
40.420
40.850
41.280
41.700
42.140
42.560
42.990
43.420
43.850
44.270
44.710
45.130
45.570
45.990
46.420
46.850
47.280
47.700
48.140
48.560
49.000
49.420
49.850
50.270
50.710
51.130
51.570
51.990
52.420
52.850
53.280
53.700
54.140
54.560
54.990
55.420
55.850
56.270
56.710
57.130
57.570
57.990
58.420
58.850
59.280
59.700
60.140
60.560
60.990
61.420
61.860
62.280
62.710
63.130
63.570
63.990
64.420
64.850
65.280
65.700
66.140
66.560
66.990
67.420
67.850
68.280
68.710
69.130
69.560
69.990
70.420
70.850
71.280
71.700
72.140
72.560
72.990
73.420
73.850
74.280
74.710
75.130
75.570
75.990
76.420
76.850
77.280
77.700
78.140
78.560
79.000
79.420
79.850
80.280
80.710
81.130
81.570
81.990
82.430
82.850
83.280
83.700
84.140
84.560
85.000
85.420
85.860
86.280
86.710
87.130
87.570
87.990
88.420
88.850
89.290
89.700
90.140
90.560
91.000
91.420
91.850
92.270
92.710
93.130
93.560
93.990
94.420
94.850
95.270
95.690
96.130
96.540
96.950
97.360
97.750
98.150
98.540
98.930
99.320
99.680
100.060
100.420
100.790
101.140
101.500
101.830
102.190
102.530
102.870
103.210
103.540
103.870
104.210
104.540
104.880
105.210
105.540
105.880
106.210
106.540
106.880
107.220
107.560
107.900
108.240
108.560
108.900
109.220
109.570
109.880
110.210
110.540
110.870
111.210
111.540
111.870
112.200
112.540
112.870
113.210
113.540
113.880
114.210
114.540
114.870
115.210
115.540
115.870
116.200
116.530
116.870
117.210
117.540
117.870
118.220
118.550
118.870
119.200
119.540
119.870
