0.320
0.800
1.270
1.730
2.200
2.670
3.130
3.610
4.070
4.550
5.020
5.480
5.950
6.420
6.890
7.350
7.820
8.290
8.760
9.230
9.700
10.170
10.640
11.100
11.570
12.050
12.510
12.980
13.450
13.920
14.390
14.850
15.320
15.800
16.270
16.730
17.200
17.670
18.140
18.610
19.070
19.550
20.010
20.480
20.950
21.420
21.890
22.360
22.820
23.300
23.780
24.230
24.700
25.170
25.640
26.110
26.570
27.040
27.510
27.980
28.450
28.920
29.400
29.850
30.320
30.800
31.280
31.730
32.200
32.670
33.140
33.610
34.070
34.550
35.010
35.480
35.950
36.420
36.890
37.350
37.820
38.300
38.770
39.230
39.690
40.050
40.400
40.760
41.140
41.540
41.920
42.280
42.640
43.020
43.420
43.800
44.150
44.520
44.910
45.300
45.670
46.030
46.390
46.780
47.190
47.550
47.900
48.260
48.610
48.990
49.390
49.770
50.130
50.510
50.910
51.280
51.650
52.000
52.370
52.770
53.150
53.520
53.890
54.270
54.670
55.040
55.400
55.760
56.140
56.540
56.920
57.280
57.660
58.040
58.440
58.800
59.150
59.510
59.850
60.160
60.480
60.810
61.160
61.510
61.860
62.200
62.560
62.910
63.260
63.610
64.070
64.550
65.130
65.720
66.300
66.970
67.600
68.220
68.880
69.480
70.120
70.750
71.340
71.960
72.610
73.220
73.820
74.510
75.320
76.030
76.740
77.540
78.260
79.060
79.780
80.520
81.300
82.020
82.810
83.530
84.250
85.050
85.780
86.570
87.280
87.980
88.450
88.920
89.380
89.850
90.320
90.790
91.250
91.730
92.200
92.670
93.140
93.600
94.070
94.550
95.010
95.480
95.950
96.420
96.880
97.350
97.820
98.300
98.770
99.230
99.700
100.170
100.630
101.110
101.570
102.040
102.510
102.980
103.440
103.930
104.390
104.850
105.320
105.800
106.260
106.730
107.190
107.680
108.130
108.610
109.070
109.550
110.010
110.480
110.950
111.420
111.890
112.350
112.820
113.300
113.760
114.230
114.700
115.180
115.650
116.100
116.570
117.050
117.510
117.980
118.440
118.800
119.150
119.510
119.850
