0.400
0.830
1.250
1.690
2.130
2.550
2.980
3.420
3.830
4.270
4.690
5.130
5.560
5.990
6.400
6.840
7.250
7.700
8.130
8.550
8.990
9.410
9.840
10.270
10.690
11.130
11.550
11.980
12.410
12.830
13.260
13.700
14.130
14.550
14.990
15.410
15.850
16.270
16.690
17.130
17.570
17.980
18.410
18.850
19.270
19.700
20.140
20.540
20.940
21.370
21.760
22.170
22.590
23.030
23.450
23.880
24.300
24.740
25.160
25.600
26.020
26.450
26.880
27.300
27.730
28.160
28.590
29.020
29.450
29.880
30.300
30.740
31.160
31.600
32.020
32.460
32.880
33.310
33.730
34.160
34.590
35.020
35.450
35.880
36.310
36.740
37.160
37.590
38.020
38.450
38.880
39.310
39.730
40.160
40.590
41.020
41.450
41.880
42.310
42.740
43.160
43.590
44.020
44.450
44.880
45.310
45.730
46.170
46.590
47.020
47.450
47.880
48.300
48.730
49.160
49.590
50.020
50.450
50.880
51.300
51.740
52.160
52.590
53.020
53.450
53.880
54.310
54.740
55.160
55.590
56.020
56.450
56.880
57.300
57.740
58.160
58.590
59.020
59.450
59.870
60.300
60.750
61.210
61.690
62.130
62.560
62.990
63.420
63.840
64.270
64.700
65.130
65.560
65.990
66.420
66.840
67.270
67.700
68.130
68.560
68.990
69.420
69.840
70.270
70.700
71.130
71.560
71.990
72.410
72.840
73.270
73.700
74.130
74.560
74.980
75.410
75.840
76.270
76.700
77.130
77.560
77.980
78.410
78.840
79.270
79.700
80.130
80.560
80.990
81.410
81.840
82.270
82.700
83.130
83.550
83.990
84.410
84.840
85.270
85.700
86.130
86.560
86.990
87.410
87.840
88.270
88.700
89.130
89.560
89.980
90.420
90.850
91.270
91.700
92.130
92.560
92.980
93.420
93.840
94.270
94.700
95.130
95.560
95.980
96.410
96.840
97.270
97.700
98.130
98.560
98.980
99.410
99.840
100.270
100.700
101.130
101.560
101.990
102.410
102.840
103.270
103.700
104.130
104.560
104.980
105.410
105.840
106.270
106.700
107.130
107.560
107.990
108.410
108.840
109.270
109.700
110.130
110.560
110.980
111.420
111.840
112.270
112.700
113.130
113.550
113.990
114.410
114.840
115.270
115.700
116.130
116.560
116.990
117.420
117.850
118.270
118.700
119.130
119.560
119.980
