0.070
0.510
0.940
1.370
1.810
2.220
2.660
3.090
3.510
3.940
4.370
4.800
5.230
5.650
6.080
6.510
6.950
7.370
7.790
8.230
8.660
9.080
9.510
9.940
10.370
10.800
11.230
11.650
12.080
12.510
12.940
13.370
13.800
14.230
14.650
15.080
15.510
15.940
16.370
16.800
17.230
17.650
18.080
18.510
18.940
19.370
19.800
20.230
20.650
21.080
21.510
21.940
22.370
22.800
23.230
23.650
24.080
24.510
24.940
25.370
25.800
26.230
26.660
27.080
27.510
27.940
28.370
28.790
29.230
29.650
30.080
30.510
30.940
31.370
31.800
32.220
32.650
33.080
33.510
33.940
34.370
34.800
35.230
35.650
36.080
36.510
36.940
37.370
37.800
38.230
38.660
39.080
39.510
39.940
40.370
40.800
41.230
41.660
42.090
42.510
42.940
43.370
43.800
44.220
44.650
45.080
45.510
45.940
46.370
46.790
47.220
47.650
48.080
48.510
48.940
49.370
49.790
50.220
50.650
51.080
51.510
51.940
52.360
52.800
53.220
53.650
54.080
54.510
54.940
55.360
55.790
56.230
56.650
57.080
57.510
57.940
58.370
58.790
59.220
59.650
60.080
60.510
60.940
61.370
61.790
62.220
62.650
63.080
63.510
63.940
64.370
64.800
65.220
65.650
66.080
66.510
66.940
67.370
67.800
68.230
68.650
69.080
69.510
69.940
70.370
70.790
71.220
71.650
72.080
72.510
72.940
73.380
73.810
74.230
74.650
75.100
75.510
75.940
76.380
76.800
77.220
77.650
78.090
78.510
78.940
79.370
79.800
80.230
80.650
81.080
81.510
81.940
82.370
82.790
83.230
83.650
84.090
84.510
84.940
85.370
85.800
86.220
86.660
87.080
87.520
87.950
88.370
88.800
89.240
89.650
90.080
90.510
90.940
91.370
91.800
92.230
92.650
93.080
93.510
93.940
94.370
94.790
95.230
95.660
96.080
96.510
96.940
97.370
97.800
98.220
98.660
99.080
99.510
99.940
100.370
100.800
101.240
101.650
102.080
102.510
102.940
103.350
103.780
104.230
104.660
105.080
105.520
105.940
106.370
106.790
107.230
107.650
108.090
108.510
108.940
109.360
109.800
110.220
110.660
111.080
111.520
111.940
112.380
112.800
113.230
113.650
114.080
114.510
114.830
115.150
115.480
115.800
116.120
116.440
116.760
117.080
117.370
117.660
117.940
118.260
118.590
118.910
119.230
119.550
119.870
