0.070
0.540
0.970
1.400
1.820
2.260
2.680
3.110
3.540
3.970
4.390
4.830
5.250
5.680
6.110
6.540
6.970
7.400
7.810
8.250
8.690
9.120
9.540
9.970
10.390
10.830
11.250
11.690
12.130
12.540
12.970
13.400
13.830
14.260
14.680
15.110
15.550
15.970
16.400
16.830
17.260
17.680
18.110
18.540
18.980
19.400
19.830
20.250
20.680
21.110
21.540
21.970
22.410
22.830
23.260
23.680
24.110
24.540
24.960
25.400
25.830
26.260
26.680
27.110
27.520
27.970
28.390
28.830
29.240
29.690
30.120
30.540
30.970
31.400
31.830
32.260
32.700
33.110
33.540
33.970
34.400
34.830
35.260
35.680
36.100
36.540
36.970
37.400
37.830
38.260
38.680
39.110
39.540
39.970
40.400
40.830
41.250
41.690
42.110
42.540
42.970
43.400
43.830
44.260
44.690
45.110
45.540
45.970
46.400
46.830
47.250
47.680
48.110
48.540
48.970
49.400
49.830
50.260
50.680
51.110
51.540
51.970
52.400
52.830
53.260
53.690
54.110
54.540
54.970
55.400
55.820
56.260
56.690
57.120
57.540
57.970
58.400
58.830
59.250
59.680
60.110
60.550
60.970
61.380
61.830
62.250
62.680
63.110
63.540
63.980
64.390
64.820
65.260
65.680
66.120
66.550
66.960
67.390
67.820
68.250
68.680
69.120
69.540
69.980
70.410
70.820
71.250
71.690
72.100
72.540
72.970
73.400
73.820
74.260
74.680
75.120
75.540
75.980
76.410
76.840
77.270
77.690
78.110
78.540
78.970
79.400
79.830
80.270
80.700
81.120
81.540
81.980
82.410
82.830
83.270
83.690
84.120
84.540
84.960
85.410
85.820
86.260
86.700
87.120
87.540
87.980
88.400
88.840
89.260
89.690
90.120
90.540
90.970
91.400
91.820
92.250
92.680
93.100
93.540
93.980
94.390
94.840
95.250
95.700
96.110
96.520
96.970
97.400
97.820
98.260
98.680
99.100
99.540
99.960
100.400
100.830
101.250
101.660
102.110
102.540
102.970
103.400
103.810
104.250
104.670
105.120
105.540
105.970
106.390
106.830
107.260
107.690
108.120
108.550
108.970
109.400
109.830
110.260
110.680
111.110
111.540
111.980
112.400
112.830
113.260
113.690
114.120
114.550
114.980
115.400
115.830
116.260
116.690
117.120
117.540
117.970
118.410
118.830
119.260
119.690
