0.300
0.670
1.050
1.420
1.800
2.170
2.550
2.920
3.300
3.670
4.050
4.420
4.800
5.170
5.550
5.920
6.300
6.670
7.050
7.420
7.800
8.170
8.550
8.920
9.300
9.680
10.050
10.420
10.800
11.170
11.550
11.920
12.300
12.670
13.050
13.420
13.800
14.170
14.550
14.920
15.300
15.670
16.050
16.420
16.800
17.170
17.550
17.920
18.290
18.670
19.050
19.420
19.800
20.170
20.550
20.920
21.300
21.660
22.040
22.430
22.800
23.180
23.550
23.920
24.300
24.670
25.050
25.420
25.800
26.170
26.550
26.920
27.300
27.670
28.050
28.420
28.800
29.170
29.550
29.920
30.290
30.670
31.050
31.420
31.800
32.170
32.550
32.920
33.290
33.660
34.030
34.420
34.810
35.180
35.550
35.930
36.300
36.670
37.050
37.420
37.800
38.180
38.550
38.920
39.290
39.670
40.050
40.420
40.800
41.170
41.550
41.930
42.300
42.670
43.050
43.420
43.800
44.180
44.550
44.920
45.300
45.670
46.050
46.400
46.790
47.170
47.540
47.930
48.310
48.690
49.060
49.430
49.810
50.180
50.540
50.930
51.300
51.690
52.050
52.430
52.800
53.180
53.550
53.930
54.300
54.680
55.060
55.430
55.810
56.190
56.560
56.950
57.310
57.690
58.050
58.430
58.800
59.180
59.550
59.930
60.300
60.670
61.050
61.430
61.800
62.180
62.550
62.930
63.300
63.670
64.020
64.420
64.800
65.170
65.540
65.920
66.300
66.680
67.050
67.420
67.800
68.180
68.550
68.930
69.300
69.700
70.110
70.520
70.940
71.350
71.740
72.120
72.490
72.860
73.240
73.610
73.990
74.360
74.740
75.110
75.490
75.860
76.240
76.610
76.990
77.360
77.740
78.110
78.490
78.860
79.240
79.620
79.990
80.360
80.740
81.110
81.490
81.860
82.240
82.610
82.990
83.360
83.740
84.110
84.490
84.860
85.240
85.610
85.990
86.360
86.740
87.110
87.480
87.860
88.240
88.620
88.990
89.360
89.740
90.100
90.490
90.860
91.240
91.610
91.990
92.360
92.740
93.110
93.490
93.920
94.340
94.790
95.170
95.550
95.920
96.300
96.670
97.050
97.420
97.800
98.170
98.550
98.920
99.300
99.670
100.050
100.420
100.800
101.170
101.550
101.920
102.290
102.670
103.050
103.420
103.800
104.170
104.550
104.920
105.300
105.680
106.050
106.420
106.800
107.170
107.550
107.920
108.300
108.670
109.050
109.420
109.800
110.170
110.550
110.920
111.300
111.670
112.050
112.420
112.800
113.170
113.550
113.920
114.290
114.670
115.050
115.420
115.800
116.170
116.550
116.920
117.300
117.670
118.050
118.420
118.800
119.170
119.550
119.920
