0.360
1.020
1.740
2.420
3.110
3.790
4.480
5.170
5.850
6.540
7.230
7.910
8.600
9.280
9.970
10.480
10.990
11.490
11.830
12.190
12.530
12.880
13.220
13.560
13.910
14.250
14.590
14.930
15.280
15.620
15.960
16.310
16.650
16.990
17.330
17.680
18.020
18.360
18.700
19.050
19.390
19.730
20.070
20.420
20.760
21.110
21.450
21.790
22.130
22.480
22.820
23.160
23.510
23.850
24.190
24.540
24.880
25.220
25.560
25.910
26.250
26.590
26.930
27.280
27.620
27.960
28.300
28.650
28.990
29.330
29.680
30.030
30.530
31.050
31.550
32.060
32.720
33.450
34.130
34.910
35.590
36.280
36.960
37.650
38.340
39.020
39.720
40.390
41.080
41.760
42.450
43.130
43.820
44.510
45.210
45.880
46.560
47.250
47.940
48.620
49.310
49.990
50.670
51.360
52.050
52.740
53.370
54.020
54.710
55.380
56.010
56.690
57.380
58.060
58.750
59.490
60.190
60.870
61.560
62.280
62.940
63.640
64.340
65.000
65.680
66.350
67.050
67.760
68.430
69.120
69.820
70.480
71.160
71.830
72.520
73.250
74.020
74.800
75.560
76.330
77.090
77.890
78.630
79.380
80.130
80.930
81.690
82.420
83.210
84.020
84.710
85.390
86.080
86.760
87.450
88.140
88.830
89.510
90.190
90.880
91.570
92.250
92.940
93.600
94.300
94.990
95.680
96.360
97.050
97.740
98.420
99.110
99.800
100.480
101.160
101.850
102.530
103.040
103.480
103.910
104.290
104.710
105.060
105.440
105.790
106.130
106.480
106.820
107.160
107.500
107.850
108.190
108.530
108.880
109.220
109.560
109.900
110.250
110.590
110.930
111.280
111.620
111.960
112.310
112.650
112.990
113.330
113.680
114.020
114.360
114.700
115.050
115.380
115.730
116.080
116.420
116.760
117.110
117.450
117.790
118.130
118.470
118.820
119.160
119.500
119.840
