0.250
0.670
1.110
1.530
1.970
2.400
2.820
3.250
3.690
4.110
4.550
4.960
5.390
5.830
6.260
6.710
7.180
7.630
8.080
8.510
8.930
9.360
9.780
10.220
10.650
11.070
11.510
11.940
12.360
12.790
13.220
13.640
14.070
14.500
14.940
15.360
15.790
16.220
16.660
17.080
17.500
17.940
18.360
18.800
19.230
19.650
20.080
20.510
20.930
21.360
21.790
22.220
22.650
23.080
23.500
23.930
24.360
24.790
25.220
25.650
26.070
26.510
26.930
27.370
27.790
28.220
28.650
29.080
29.500
29.930
30.360
30.790
31.220
31.650
32.080
32.500
32.930
33.360
33.790
34.210
34.650
35.080
35.510
35.930
36.360
36.790
37.210
37.650
38.080
38.500
38.930
39.360
39.800
40.220
40.650
41.080
41.510
41.940
42.370
42.790
43.220
43.650
44.080
44.510
44.950
45.370
45.800
46.230
46.650
47.080
47.510
47.940
48.370
48.790
49.210
49.650
50.070
50.510
50.940
51.360
51.790
52.220
52.650
53.080
53.500
53.940
54.360
54.790
55.220
55.650
56.080
56.510
56.920
57.360
57.790
58.220
58.660
59.080
59.510
59.940
60.360
60.800
61.220
61.650
62.080
62.510
62.950
63.370
63.800
64.220
64.650
65.080
65.510
65.940
66.360
66.790
67.220
67.660
68.080
68.510
68.940
69.370
69.790
70.220
70.650
71.080
71.510
71.940
72.370
72.790
73.230
73.660
74.080
74.510
74.940
75.370
75.800
76.230
76.650
77.080
77.510
77.940
78.360
78.800
79.220
79.650
80.080
80.510
80.930
81.370
81.800
82.220
82.650
83.080
83.500
83.940
84.370
84.790
85.220
85.650
86.080
86.510
86.940
87.370
87.790
88.230
88.650
89.070
89.510
89.940
90.360
90.790
91.220
91.660
92.080
92.510
92.940
93.370
93.800
94.220
94.650
95.080
95.510
95.940
96.370
96.800
97.230
97.660
98.080
98.510
98.940
99.370
99.800
100.230
100.650
101.080
101.510
101.940
102.370
102.800
103.230
103.650
104.080
104.510
104.940
105.370
105.800
106.230
106.660
107.080
107.510
107.940
108.370
108.800
109.230
109.650
110.080
110.510
110.940
111.370
111.800
112.230
112.660
113.080
113.510
113.940
114.370
114.800
115.230
115.660
116.080
116.510
116.940
117.370
117.800
118.230
118.650
119.080
119.510
119.940
