0.360
0.850
1.340
1.820
2.310
2.800
3.290
3.770
4.260
4.750
5.240
5.720
6.210
6.700
7.190
7.680
8.160
8.650
9.140
9.630
10.110
10.600
11.090
11.580
12.070
12.560
13.040
13.530
14.010
14.510
15.000
15.490
15.970
16.460
16.950
17.430
17.910
18.410
18.900
19.380
19.870
20.360
20.850
21.330
21.820
22.310
22.800
23.290
23.770
24.260
24.750
25.240
25.720
26.210
26.710
27.190
27.670
28.160
28.650
29.140
29.620
30.110
30.610
31.080
31.570
32.060
32.560
33.040
33.520
34.010
34.510
34.990
35.480
35.960
36.460
36.940
37.430
37.910
38.410
38.890
39.380
39.860
40.360
40.840
41.330
41.820
42.310
42.790
43.280
43.770
44.260
44.740
45.230
45.720
46.220
46.690
47.180
47.670
48.170
48.650
49.130
49.620
50.120
50.600
51.090
51.570
52.070
52.550
53.040
53.520
54.020
54.500
54.990
55.470
55.970
56.450
56.940
57.430
57.920
58.400
58.890
59.380
59.870
60.350
60.840
61.330
61.820
62.310
62.790
63.280
63.770
64.250
64.740
65.230
65.730
66.210
66.700
67.180
67.680
68.160
68.650
69.130
69.630
70.110
70.600
71.090
71.580
72.060
72.550
73.040
73.530
74.010
74.500
74.990
75.480
75.960
76.450
76.940
77.430
77.910
78.400
78.890
79.380
79.870
80.350
80.840
81.340
81.820
82.300
82.790
83.290
83.770
84.260
84.740
85.240
85.720
86.210
86.690
87.190
87.670
88.160
88.640
89.140
89.620
90.110
90.600
91.090
91.570
92.060
92.570
93.050
93.530
94.020
94.520
95.000
95.490
95.960
96.470
96.940
97.430
97.920
98.420
98.900
99.390
99.870
100.370
100.850
101.340
101.820
102.320
102.810
103.290
103.770
104.260
104.760
105.230
105.720
106.210
106.700
107.180
107.670
108.160
108.650
109.130
109.620
110.110
110.610
111.080
111.570
112.060
112.560
113.040
113.530
114.010
114.510
114.990
115.480
115.960
116.460
116.940
117.430
117.910
118.410
118.890
119.380
119.870
