0.600
1.310
2.010
2.720
3.430
4.130
4.840
5.550
6.250
6.960
7.670
8.370
9.080
9.790
10.500
11.200
11.910
12.620
13.320
14.030
14.740
15.440
16.150
16.860
17.570
18.270
18.980
19.690
20.390
21.100
21.810
22.520
23.220
23.930
24.640
25.340
26.050
26.760
27.460
28.170
28.880
29.590
30.290
31.000
31.710
32.410
33.120
33.830
34.540
35.240
35.950
36.660
37.360
38.070
38.780
39.480
40.190
40.900
41.600
42.310
43.020
43.720
44.440
45.140
45.840
46.550
47.260
47.960
48.670
49.390
50.090
50.800
51.500
52.210
52.920
53.620
54.250
54.880
55.580
56.280
56.990
57.700
58.430
59.110
59.810
60.520
61.200
61.930
62.630
63.260
63.890
64.540
65.190
65.820
66.430
67.060
67.760
68.470
69.170
69.880
70.590
71.300
72.000
72.710
73.420
74.130
74.830
75.540
76.240
76.950
77.660
78.370
79.070
79.780
80.490
81.200
81.900
82.610
83.320
84.020
84.730
85.440
86.150
86.850
87.560
88.260
88.980
89.680
90.390
91.100
91.800
92.510
93.210
93.920
94.630
95.340
96.040
96.750
97.460
98.160
98.870
99.580
100.280
100.990
101.700
102.410
103.110
103.820
104.530
105.230
105.940
106.650
107.360
108.060
108.770
109.480
110.180
110.890
111.590
112.300
113.010
113.720
114.420
115.130
115.840
116.550
117.250
117.960
118.660
119.370
