0.350
0.780
1.210
1.640
2.070
2.500
2.920
3.350
3.780
4.210
4.640
5.080
5.500
5.930
6.350
6.780
7.210
7.640
8.070
8.490
8.920
9.360
9.780
10.220
10.630
11.070
11.500
11.920
12.360
12.790
13.210
13.640
14.070
14.490
14.920
15.350
15.780
16.210
16.640
17.070
17.500
17.920
18.350
18.780
19.210
19.640
20.070
20.500
20.930
21.350
21.780
22.210
22.640
23.070
23.500
23.920
24.350
24.780
25.210
25.640
26.060
26.500
26.930
27.350
27.780
28.210
28.640
29.070
29.490
29.920
30.350
30.780
31.210
31.630
32.070
32.500
32.920
33.360
33.790
34.220
34.650
35.080
35.500
35.920
36.360
36.780
37.210
37.640
38.070
38.500
38.930
39.350
39.790
40.200
40.640
41.070
41.500
41.930
42.360
42.780
43.210
43.630
44.000
44.350
44.720
45.140
45.570
45.990
46.430
46.860
47.280
47.710
48.150
48.570
48.990
49.420
49.860
50.290
50.720
51.140
51.570
52.000
52.430
52.850
53.290
53.710
54.140
54.560
55.000
55.430
55.860
56.280
56.710
57.140
57.570
57.990
58.420
58.850
59.280
59.700
60.140
60.570
61.000
61.410
61.860
62.290
62.700
63.140
63.570
64.000
64.420
64.850
65.280
65.710
66.140
66.560
67.000
67.420
67.850
68.290
68.720
69.140
69.560
69.990
70.430
70.850
71.280
71.750
72.240
72.710
73.210
73.640
74.070
74.500
74.930
75.350
75.780
76.210
76.640
77.050
77.490
77.930
78.350
78.780
79.210
79.640
80.070
80.500
80.920
81.350
81.780
82.210
82.640
83.070
83.500
83.920
84.350
84.780
85.210
85.640
86.070
86.490
86.930
87.350
87.780
88.210
88.640
89.070
89.500
89.920
90.350
90.780
91.210
91.640
92.070
92.500
92.930
93.350
93.780
94.210
94.640
95.070
95.500
95.930
96.350
96.780
97.210
97.630
98.060
98.500
98.920
99.350
99.780
100.200
100.640
101.070
101.500
101.930
102.350
102.780
103.210
103.630
104.070
104.490
104.920
105.350
105.780
106.210
106.640
107.060
107.500
107.920
108.350
108.780
109.210
109.640
110.070
110.490
110.930
111.350
111.780
112.210
112.640
113.070
113.500
113.920
114.350
114.780
115.210
115.640
116.070
116.500
116.930
117.350
117.780
118.210
118.640
119.070
119.500
119.920
