0.550
1.250
1.960
2.670
3.340
4.080
4.780
5.490
6.200
6.900
7.610
8.310
9.020
9.730
10.430
11.150
11.840
12.550
13.250
13.960
14.660
15.370
16.070
16.780
17.460
18.190
18.900
19.610
20.310
21.020
21.730
22.430
23.130
23.840
24.550
25.250
25.960
26.660
27.370
28.080
28.790
29.500
30.240
30.930
31.660
32.380
33.130
33.800
34.530
35.180
35.890
36.580
37.260
37.980
38.620
39.230
39.900
40.580
41.310
42.020
42.720
43.430
44.140
44.840
45.550
46.250
46.960
47.660
48.370
49.080
49.780
50.490
51.180
51.900
52.610
53.310
54.020
54.740
55.430
56.130
56.840
57.550
58.250
58.960
59.660
60.370
61.080
61.780
62.480
63.190
63.900
64.600
65.310
66.020
66.720
67.460
68.150
68.850
69.550
70.250
70.960
71.670
72.400
73.150
73.940
74.670
75.380
76.080
76.790
77.490
78.200
78.900
79.610
80.310
81.030
81.730
82.440
83.140
83.840
84.550
85.250
85.960
86.670
87.370
88.070
88.780
89.490
90.190
90.900
91.610
92.320
93.020
93.690
94.430
95.140
95.840
96.540
97.260
97.960
98.670
99.370
100.080
100.790
101.510
102.190
102.900
103.610
104.280
104.890
105.550
106.250
106.960
107.660
108.370
109.080
109.780
110.490
111.200
111.900
112.610
113.310
114.020
114.720
115.430
116.130
116.840
117.550
118.250
119.050
119.840
