0.240
0.650
1.050
1.460
1.870
2.270
2.670
3.080
3.490
3.890
4.300
4.700
5.110
5.510
5.920
6.330
6.730
7.140
7.540
7.950
8.350
8.760
9.160
9.570
9.970
10.380
10.780
11.190
11.600
12.000
12.400
12.810
13.220
13.620
14.030
14.430
14.840
15.240
15.650
16.060
16.470
16.870
17.270
17.680
18.080
18.490
18.890
19.300
19.700
20.110
20.510
20.920
21.320
21.730
22.130
22.540
22.940
23.350
23.760
24.160
24.570
24.970
25.380
25.780
26.190
26.590
27.000
27.400
27.810
28.210
28.620
29.030
29.430
29.840
30.240
30.650
31.050
31.460
31.860
32.270
32.680
33.080
33.490
33.890
34.300
34.700
35.110
35.510
35.920
36.320
36.730
37.130
37.540
37.940
38.350
38.760
39.160
39.570
39.970
40.380
40.790
41.190
41.590
42.000
42.410
42.810
43.220
43.620
44.030
44.430
44.840
45.240
45.650
46.050
46.460
46.860
47.270
47.680
48.080
48.490
48.890
49.300
49.700
50.110
50.510
50.920
51.320
51.730
52.130
52.540
52.940
53.350
53.760
54.160
54.570
54.970
55.380
55.780
56.190
56.590
57.000
57.410
57.810
58.220
58.620
59.030
59.430
59.840
60.240
60.650
61.050
61.460
61.860
62.270
62.680
63.080
63.490
63.890
64.300
64.700
65.110
65.510
65.920
66.320
66.730
67.130
67.540
67.940
68.350
68.760
69.160
69.570
69.970
70.380
70.780
71.190
71.590
72.000
72.400
72.810
73.210
73.620
74.030
74.430
74.840
75.240
75.650
76.050
76.460
76.860
77.270
77.670
78.080
78.480
78.890
79.290
79.700
80.100
80.510
80.920
81.320
81.730
82.130
82.540
82.940
83.350
83.750
84.160
84.560
84.970
85.370
85.780
86.180
86.590
87.000
87.410
87.810
88.210
88.620
89.020
89.430
89.840
90.240
90.650
91.050
91.460
91.860
92.270
92.670
93.080
93.480
93.890
94.290
94.700
95.110
95.510
95.920
96.330
96.730
97.130
97.540
97.950
98.350
98.760
99.160
99.570
99.970
100.370
100.780
101.190
101.590
101.990
102.400
102.810
103.220
103.620
104.030
104.430
104.840
105.240
105.650
106.050
106.460
106.860
107.270
107.680
108.080
108.490
108.890
109.300
109.700
110.110
110.510
110.920
111.330
111.730
112.130
112.540
112.950
113.350
113.760
114.160
114.570
114.970
115.380
115.790
116.190
116.590
117.000
117.410
117.810
118.210
118.620
119.020
119.430
119.840
