0.280
0.790
1.300
1.820
2.320
2.840
3.340
3.860
4.360
4.880
5.380
5.900
6.400
6.920
7.420
7.940
8.440
8.960
9.460
9.980
10.480
11.000
11.500
12.020
12.540
13.040
13.530
14.060
14.570
15.080
15.590
16.100
16.610
17.120
17.630
18.150
18.650
19.160
19.670
20.180
20.690
21.210
21.710
22.230
22.730
23.240
23.750
24.270
24.770
25.290
25.790
26.310
26.810
27.330
27.830
28.350
28.850
29.370
29.880
30.390
30.900
31.410
31.920
32.430
32.940
33.450
33.960
34.470
34.980
35.490
36.000
36.510
37.020
37.530
38.030
38.550
39.060
39.570
40.080
40.590
41.100
41.610
42.120
42.640
43.140
43.650
44.160
44.670
45.190
45.700
46.210
46.710
47.220
47.740
48.240
48.760
49.260
49.780
50.280
50.800
51.300
51.820
52.320
52.840
53.340
53.860
54.360
54.880
55.380
55.900
56.410
56.920
57.420
57.940
58.440
58.960
59.470
59.980
60.490
61.000
61.510
62.030
62.520
63.040
63.550
64.060
64.570
65.080
65.590
66.110
66.610
67.120
67.630
68.150
68.650
69.160
69.670
70.190
70.690
71.210
71.710
72.230
72.730
73.250
73.750
74.270
74.770
75.290
75.800
76.310
76.810
77.330
77.840
78.360
78.860
79.370
79.890
80.390
80.900
81.410
81.920
82.430
82.940
83.450
83.960
84.470
84.980
85.490
86.000
86.510
87.020
87.530
88.040
88.550
89.060
89.570
90.080
90.590
91.100
91.610
92.120
92.630
93.140
93.660
94.160
94.670
95.180
95.690
96.210
96.720
97.230
97.730
98.240
98.760
99.260
99.780
100.280
100.800
101.300
101.820
102.320
102.840
103.340
103.860
104.360
104.880
105.380
105.900
106.410
106.920
107.420
107.940
108.450
108.960
109.470
109.980
110.490
111.000
111.510
112.020
112.540
113.050
113.560
114.060
114.570
115.080
115.590
116.100
116.610
117.130
117.630
118.150
118.650
119.170
119.670
