0.170
0.600
1.030
1.460
1.880
2.310
2.740
3.170
3.600
4.030
4.460
4.880
5.310
5.740
6.170
6.600
7.030
7.460
7.890
8.310
8.740
9.170
9.600
10.030
10.460
10.880
11.310
11.740
12.170
12.600
13.030
13.460
13.890
14.310
14.740
15.170
15.600
16.030
16.460
16.890
17.310
17.740
18.170
18.600
19.030
19.460
19.890
20.310
20.740
21.170
21.600
22.030
22.460
22.890
23.310
23.750
24.300
24.880
25.460
26.310
27.170
28.030
28.890
29.740
30.600
31.460
32.320
33.170
34.030
34.890
35.740
36.600
37.460
38.310
39.170
40.030
40.890
41.740
42.600
43.460
44.310
45.170
46.030
46.890
47.740
48.600
49.460
50.320
51.180
52.030
52.890
53.740
54.600
55.460
56.310
57.170
58.030
58.890
59.740
60.600
61.460
62.320
63.170
64.030
64.890
65.750
66.600
67.460
68.320
69.170
70.030
70.890
71.750
72.610
73.460
74.320
75.170
75.730
76.330
76.890
77.320
77.740
78.180
78.600
79.030
79.460
79.890
80.320
80.740
81.170
81.600
82.030
82.460
82.890
83.320
83.740
84.170
84.600
85.030
85.460
85.890
86.320
86.750
87.170
87.600
88.030
88.460
88.890
89.320
89.740
90.170
90.600
91.030
91.460
91.890
92.310
92.750
93.180
93.600
94.030
94.460
94.890
95.310
95.740
96.180
96.600
97.030
97.450
97.890
98.310
98.740
99.170
99.600
100.030
100.460
100.890
101.310
101.740
102.170
102.600
103.030
103.460
103.890
104.310
104.750
105.170
105.600
106.030
106.460
106.890
107.320
107.750
108.180
108.600
109.030
109.460
109.880
110.320
110.750
111.170
111.600
112.030
112.460
112.890
113.320
113.750
114.180
114.600
115.030
115.460
115.890
116.320
116.740
117.170
117.600
118.030
118.460
118.890
119.310
119.750
