0.070
0.980
1.770
2.660
3.470
4.320
5.110
5.980
6.800
7.620
8.410
9.280
10.050
10.870
11.660
12.450
13.220
14.020
14.830
15.580
16.470
17.340
18.180
19.140
20.040
20.970
21.850
22.740
23.660
24.580
25.470
26.470
27.460
28.380
29.260
30.140
30.980
31.930
32.840
33.770
34.650
35.540
36.460
37.380
38.270
39.160
40.010
40.940
41.820
42.710
43.620
44.410
45.220
46.010
46.820
47.630
48.420
49.240
49.920
50.530
51.180
51.780
52.380
53.010
53.570
54.140
54.700
55.240
55.770
56.340
56.920
57.520
58.150
58.750
59.340
59.920
60.490
61.120
61.730
62.320
62.920
63.490
64.100
64.700
65.300
65.860
66.420
66.970
67.520
68.060
68.620
69.140
69.730
70.330
70.950
71.510
72.120
72.720
73.310
73.920
74.530
75.130
75.730
76.290
76.900
77.480
78.110
78.760
79.440
80.060
80.860
81.670
82.470
83.270
84.070
84.860
85.660
86.470
87.270
88.070
88.870
89.670
90.470
91.280
92.080
92.970
93.790
94.670
95.470
96.280
97.080
97.930
98.840
99.760
100.650
101.590
102.460
103.450
104.380
105.280
106.250
107.180
108.060
108.940
109.780
110.730
111.640
112.560
113.450
114.370
115.260
116.170
117.070
117.950
118.850
119.730
