0.390
1.030
1.720
2.410
3.100
3.790
4.480
5.170
5.860
6.550
7.240
7.930
8.620
9.310
10.000
10.690
11.380
12.070
12.760
13.450
14.140
14.830
15.520
16.210
16.900
17.580
18.270
18.970
19.650
20.340
21.030
21.720
22.410
23.100
23.780
24.560
25.310
26.020
26.800
27.560
28.280
29.060
29.800
30.520
31.260
32.030
32.760
33.480
34.230
34.970
35.730
36.500
37.230
38.020
38.770
39.460
40.170
40.860
41.540
42.240
42.940
43.680
44.360
45.000
45.710
46.390
47.020
47.640
48.280
48.960
49.620
50.340
51.030
51.770
52.470
53.190
53.910
54.580
55.250
55.880
56.560
57.260
57.920
58.620
59.270
59.990
60.670
61.380
62.100
62.810
63.500
64.140
64.860
65.510
66.210
66.900
67.600
68.290
68.960
69.650
70.350
71.040
71.750
72.420
73.100
73.790
74.490
75.170
75.860
76.540
77.240
77.930
78.610
79.310
80.000
80.690
81.380
82.070
82.760
83.450
84.140
84.830
85.520
86.210
86.900
87.590
88.280
88.960
89.660
90.340
90.990
91.380
91.720
92.070
92.410
92.760
93.100
93.450
93.790
94.140
94.480
94.830
95.170
95.520
95.860
96.210
96.550
96.900
97.240
97.580
97.930
98.280
98.620
98.970
99.310
99.650
100.000
100.340
100.690
101.030
101.380
101.720
102.070
102.410
102.760
103.100
103.450
103.790
104.140
104.480
104.830
105.170
105.520
105.860
106.210
106.550
106.900
107.240
107.580
107.930
108.280
108.620
108.970
109.310
109.650
110.000
110.340
110.690
111.030
111.380
111.720
112.070
112.410
112.760
113.100
113.450
113.790
114.140
114.480
114.830
115.170
115.520
115.860
116.210
116.550
116.890
117.240
117.580
117.930
118.270
118.620
118.960
119.310
119.650
119.990
