0.640
1.500
2.350
3.210
4.070
4.920
5.780
6.640
7.490
8.350
9.210
10.060
10.920
11.780
12.630
13.500
14.350
15.210
16.060
16.920
17.780
18.640
19.490
20.360
21.210
22.070
22.930
23.780
24.640
25.460
26.300
27.110
27.740
28.170
28.600
29.030
29.460
29.890
30.310
30.750
31.170
31.600
32.030
32.450
32.880
33.320
33.750
34.180
34.600
35.030
35.460
35.890
36.320
36.750
37.180
37.600
38.030
38.460
38.890
39.320
39.750
40.180
40.610
41.040
41.470
41.900
42.330
42.750
43.180
43.610
44.040
44.460
44.890
45.320
45.750
46.180
46.610
47.040
47.470
47.890
48.320
48.750
49.180
49.610
50.030
50.460
50.900
51.360
51.840
52.280
52.740
53.210
53.680
54.110
54.540
54.960
55.390
55.820
56.250
56.680
57.110
57.540
57.960
58.390
58.820
59.250
59.680
60.110
60.530
60.960
61.390
61.820
62.250
62.680
63.110
63.530
63.960
64.390
64.820
65.250
65.680
66.110
66.540
66.960
67.390
67.820
68.250
68.680
69.110
69.540
69.960
70.390
70.820
71.250
71.680
72.110
72.540
72.960
73.390
73.820
74.250
74.680
75.110
75.530
75.960
76.390
76.820
77.250
77.680
78.110
78.540
78.970
79.390
79.820
80.240
80.670
81.100
81.530
81.960
82.390
82.820
83.250
83.680
84.110
84.540
84.960
85.390
85.820
86.250
86.680
87.110
87.540
87.960
88.390
88.820
89.250
89.680
90.110
90.540
90.960
91.390
91.820
92.250
92.680
93.110
93.540
93.960
94.390
94.820
95.250
95.680
96.110
96.530
96.960
97.390
97.820
98.250
98.680
99.110
99.540
99.960
100.390
100.820
101.250
101.680
102.110
102.540
102.960
103.390
103.820
104.250
104.680
105.110
105.540
105.960
106.390
106.820
107.250
107.680
108.100
108.530
108.960
109.390
109.820
110.250
110.680
111.110
111.540
111.960
112.390
112.820
113.250
113.680
114.110
114.540
114.960
115.390
115.820
116.250
116.680
117.110
117.540
117.960
118.390
118.820
119.250
119.680
