0.120
0.510
0.870
1.230
1.600
2.000
2.380
2.760
3.120
3.500
3.900
4.280
4.650
5.020
5.400
5.800
6.180
6.540
6.900
7.280
7.680
8.060
8.430
8.800
9.180
9.580
9.960
10.320
10.680
11.050
11.450
11.830
12.210
12.570
12.950
13.330
13.730
14.100
14.470
14.850
15.240
15.630
15.980
16.350
16.730
17.130
17.510
17.870
18.250
18.630
19.010
19.410
19.770
20.130
20.500
20.890
21.280
21.660
22.020
22.400
22.780
23.180
23.540
23.920
24.300
24.690
25.080
25.430
25.800
26.180
26.580
26.960
27.320
27.700
28.080
28.470
28.860
29.210
29.580
29.950
30.330
30.730
31.100
31.470
31.850
32.230
32.630
32.990
33.370
33.750
34.140
34.520
34.880
35.240
35.610
35.990
36.390
36.770
37.130
37.510
37.890
38.290
38.660
39.030
39.410
39.790
40.190
40.550
40.910
41.280
41.660
42.060
42.440
42.800
43.180
43.570
43.960
44.330
44.700
45.080
45.460
45.860
46.220
46.580
46.950
47.330
47.730
48.110
48.470
48.850
49.230
49.630
50.000
50.370
50.750
51.130
51.530
51.890
52.250
52.620
53.000
53.400
53.780
54.140
54.520
54.900
55.300
55.670
56.040
56.420
56.800
57.190
57.560
57.920
58.280
58.660
59.060
59.440
59.800
60.180
60.560
60.960
61.340
61.700
62.080
62.460
62.860
63.230
63.580
63.950
64.330
64.730
65.110
65.470
65.850
66.230
66.630
67.000
67.370
67.750
68.130
68.530
68.890
69.250
69.620
70.000
70.400
70.780
71.140
71.520
71.900
72.300
72.670
73.040
73.420
73.800
74.200
74.560
74.920
75.290
75.670
76.070
76.450
76.810
77.190
77.570
77.970
78.350
78.710
79.090
79.470
79.870
80.230
80.590
80.960
81.340
81.740
82.120
82.480
82.860
83.240
83.640
84.010
84.380
84.760
85.140
85.540
85.900
86.260
86.630
87.010
87.410
87.790
88.150
88.530
88.910
89.310
89.680
90.050
90.430
90.820
91.210
91.570
91.930
92.300
92.680
93.080
93.460
93.820
94.200
94.580
94.980
95.350
95.720
96.100
96.480
96.880
97.240
97.600
97.960
98.310
98.670
99.020
99.380
99.730
100.090
100.440
100.790
101.150
101.500
101.860
102.210
102.560
102.920
103.280
103.630
103.980
104.320
104.660
105.000
105.330
105.680
106.010
106.340
106.690
107.060
107.410
107.760
108.110
108.460
108.820
109.180
109.530
109.880
110.250
110.600
110.970
111.340
111.690
112.060
112.410
112.770
113.140
113.530
113.890
114.250
114.610
114.970
115.320
115.670
116.020
116.380
116.730
117.090
117.430
117.790
118.130
118.470
118.790
119.110
119.440
119.760
120.080
