0.810
1.640
2.460
3.290
4.120
4.950
5.790
6.600
7.430
8.260
9.100
9.910
10.740
11.570
12.410
13.230
14.050
14.880
15.710
16.540
17.360
18.190
19.030
19.850
20.670
21.500
22.320
23.140
23.990
24.810
25.640
26.470
27.300
28.120
28.950
29.780
30.610
31.430
32.260
33.090
33.920
34.740
35.570
36.400
37.230
38.050
38.880
39.710
40.540
41.370
42.190
43.020
43.850
44.680
45.510
46.330
47.160
47.990
48.820
49.640
50.470
51.300
52.130
52.960
53.780
54.610
55.440
56.260
57.090
57.920
58.750
59.580
60.410
61.230
62.070
62.890
63.720
64.540
65.370
66.200
67.020
67.850
68.680
69.510
70.340
71.160
72.000
72.820
73.650
74.480
75.310
76.130
76.960
77.790
78.610
79.440
80.270
81.100
81.930
82.750
83.580
84.410
85.240
86.060
86.890
87.720
88.550
89.370
90.200
91.030
91.860
92.690
93.510
94.330
95.170
95.990
96.820
97.650
98.480
99.310
100.130
100.960
101.790
102.620
103.450
104.270
105.100
105.930
106.750
107.580
108.420
109.240
110.070
110.890
111.720
112.550
113.380
114.210
115.040
115.860
116.690
117.510
118.340
119.170
120.000
