0.370
0.890
1.400
1.910
2.430
2.940
3.450
3.970
4.480
5.000
5.510
6.030
6.540
7.050
7.570
8.080
8.600
9.120
9.630
10.140
10.660
11.170
11.690
12.200
12.710
13.230
13.740
14.250
14.770
15.290
15.800
16.310
16.830
17.340
17.850
18.370
18.880
19.400
19.910
20.420
20.940
21.450
21.970
22.480
22.990
23.510
24.020
24.540
25.050
25.570
26.080
26.590
27.110
27.620
28.140
28.650
29.170
29.680
30.200
30.710
31.220
31.740
32.260
32.770
33.290
33.790
34.310
34.820
35.340
35.850
36.370
36.890
37.390
37.910
38.430
38.940
39.450
39.960
40.480
41.000
41.510
42.020
42.540
43.060
43.560
44.080
44.600
45.110
45.620
46.130
46.650
47.170
47.690
48.200
48.710
49.230
49.740
50.250
50.750
51.290
51.800
52.310
52.830
53.330
53.860
54.360
54.890
55.400
55.910
56.420
56.930
57.450
57.960
58.480
58.990
59.510
60.020
60.540
61.050
61.570
62.080
62.590
63.100
63.620
64.130
64.650
65.160
65.680
66.190
66.710
67.220
67.740
68.250
68.770
69.270
69.790
70.300
70.820
71.330
71.850
72.360
72.880
73.390
73.910
74.420
74.930
75.450
75.960
76.480
76.990
77.500
78.020
78.530
79.050
79.560
80.080
80.590
81.100
81.620
82.130
82.650
83.160
83.670
84.190
84.700
85.210
85.730
86.240
86.760
87.280
87.920
88.560
89.070
89.590
90.100
90.620
91.130
91.640
92.160
92.670
93.180
93.700
94.220
94.730
95.240
95.760
96.270
96.790
97.300
97.810
98.330
98.840
99.360
99.870
100.380
100.900
101.410
101.930
102.440
102.960
103.470
103.980
104.500
105.010
105.530
106.040
106.560
107.070
107.580
108.100
108.610
109.130
109.640
110.160
110.670
111.180
111.700
112.210
112.730
113.240
113.750
114.270
114.780
115.300
115.810
116.330
116.840
117.350
117.870
118.380
118.900
119.410
119.920
