0.410
1.110
1.790
2.490
3.160
3.850
4.540
5.230
5.910
6.590
7.280
7.970
8.630
9.330
10.030
10.710
11.400
12.080
12.760
13.460
14.100
14.820
15.510
16.210
16.900
17.560
18.250
18.940
19.620
20.310
20.990
21.680
22.360
23.050
23.730
24.420
25.110
25.790
26.460
27.160
27.840
28.530
29.200
29.900
30.590
31.280
31.960
32.650
33.330
34.020
34.700
35.390
36.080
36.760
37.440
38.130
38.820
39.500
40.170
40.880
41.560
42.250
42.930
43.620
44.310
44.990
45.680
46.360
47.050
47.730
48.410
49.110
49.800
50.480
51.160
51.850
52.530
53.220
53.910
54.590
55.280
55.960
56.650
57.330
58.020
58.710
59.390
60.080
60.760
61.450
62.130
62.820
63.510
64.190
64.880
65.400
65.910
66.250
66.590
66.930
67.280
67.620
67.960
68.300
68.650
68.990
69.340
69.680
70.020
70.360
70.700
71.050
71.390
71.740
72.080
72.420
72.760
73.100
73.450
73.790
74.130
74.480
74.820
75.160
75.500
75.850
76.190
76.530
76.880
77.220
77.560
77.910
78.250
78.590
78.930
79.280
79.620
79.960
80.310
80.650
80.990
81.330
81.680
82.020
82.360
82.700
83.050
83.390
83.720
84.060
84.400
84.760
85.100
85.430
85.790
86.130
86.480
86.820
87.170
87.510
87.850
88.190
88.530
88.880
89.220
89.560
89.910
90.250
90.590
90.940
91.280
91.620
91.950
92.310
92.660
92.990
93.330
93.680
94.020
94.360
94.710
95.050
95.390
95.730
96.080
96.420
96.770
97.110
97.450
97.790
98.140
98.480
98.820
99.160
99.510
99.850
100.190
100.530
100.880
101.220
101.560
101.910
102.250
102.590
102.920
103.280
103.620
103.960
104.310
104.650
105.000
105.340
105.680
106.020
106.360
106.700
107.050
107.390
107.730
108.070
108.420
108.760
109.110
109.440
109.790
110.140
110.480
110.820
111.160
111.510
111.850
112.190
112.540
112.880
113.220
113.560
113.910
114.250
114.590
114.930
115.280
115.620
115.970
116.310
116.650
116.990
117.330
117.680
118.020
118.360
118.710
119.050
119.390
119.730
120.070
