0.920
1.840
2.740
3.700
4.630
5.560
6.470
7.440
8.370
9.350
10.340
11.320
12.270
13.230
14.150
15.120
16.070
17.030
18.000
18.950
19.920
20.900
21.830
22.710
23.670
24.620
25.590
26.540
27.510
28.450
29.450
30.390
31.360
32.340
33.300
34.230
35.200
36.160
37.110
38.070
39.030
40.000
40.960
41.910
42.870
43.820
44.810
45.760
46.810
47.800
48.790
49.720
50.680
51.640
52.630
53.550
54.510
55.480
56.430
57.410
58.350
59.340
60.300
61.360
62.380
63.380
64.440
65.560
66.680
67.690
68.780
69.760
70.780
71.740
72.630
73.550
74.440
75.310
76.240
77.190
78.140
79.120
80.080
81.030
82.020
82.980
83.920
84.870
85.810
86.790
87.760
88.710
89.650
90.610
91.580
92.570
93.440
94.300
95.170
95.980
96.830
97.700
98.630
99.510
100.510
101.470
102.420
103.350
104.380
105.350
106.310
107.230
108.240
109.200
110.160
111.070
112.030
113.040
114.000
114.910
115.920
116.880
117.820
118.710
119.670
