0.560
1.240
1.930
2.620
3.300
3.990
4.680
5.360
6.050
6.730
7.410
8.100
8.790
9.470
10.160
10.840
11.530
12.220
12.900
13.590
14.270
14.960
15.650
16.330
17.020
17.700
18.390
19.070
19.760
20.440
21.130
21.820
22.500
23.190
23.870
24.560
25.250
25.930
26.610
27.300
27.980
28.670
29.350
30.040
30.730
31.410
32.100
32.780
33.470
34.150
34.840
35.530
36.210
36.900
37.590
38.270
38.960
39.640
40.330
41.020
41.700
42.390
43.070
43.760
44.440
45.130
45.820
46.500
47.190
47.870
48.560
49.240
49.930
50.610
51.300
51.990
52.670
53.360
54.040
54.730
55.410
56.100
56.790
57.470
58.150
58.840
59.540
60.230
60.910
61.600
62.280
62.970
63.650
64.330
65.020
65.710
66.390
67.070
67.760
68.440
69.130
69.820
70.500
71.190
71.880
72.560
73.240
73.930
74.620
75.300
75.990
76.680
77.360
78.050
78.730
79.420
80.100
80.790
81.480
82.160
82.850
83.540
84.220
84.900
85.590
86.270
86.960
87.650
88.330
89.010
89.700
90.390
91.070
91.760
92.450
93.140
93.820
94.500
95.190
95.870
96.560
97.240
97.930
98.620
99.300
99.990
100.670
101.360
102.050
102.730
103.420
104.110
104.790
105.480
106.160
106.850
107.530
108.220
108.900
109.590
110.270
110.960
111.640
112.330
113.020
113.700
114.390
115.070
115.760
116.440
117.130
117.820
118.500
119.190
119.870
