0.280
0.760
1.250
1.740
2.220
2.710
3.200
3.690
4.170
4.660
5.150
5.640
6.130
6.610
7.100
7.590
8.080
8.560
9.050
9.540
10.020
10.520
10.990
11.490
11.970
12.470
12.940
13.440
13.920
14.420
14.890
15.390
15.870
16.370
16.850
17.340
17.820
18.320
18.800
19.300
19.770
20.270
20.750
21.250
21.720
22.220
22.700
23.200
23.680
24.180
24.650
25.150
25.630
26.130
26.600
27.100
27.580
28.080
28.550
29.050
29.530
30.030
30.500
31.000
31.480
31.980
32.460
32.950
33.430
33.930
34.410
34.910
35.380
35.890
36.360
36.850
37.330
37.840
38.310
38.810
39.280
39.790
40.260
40.750
41.250
41.730
42.220
42.710
43.200
43.680
44.180
44.660
45.150
45.640
46.130
46.610
47.100
47.590
48.070
48.560
49.050
49.540
50.030
50.510
51.000
51.490
51.980
52.460
52.950
53.440
53.930
54.420
54.900
55.390
55.880
56.370
56.860
57.230
57.590
57.960
58.330
58.690
59.050
59.420
59.790
60.150
60.520
60.880
61.250
61.620
61.980
62.340
62.720
63.080
63.440
63.820
64.180
64.540
64.910
65.270
65.640
66.010
66.370
66.730
67.100
67.470
67.830
68.200
68.560
68.930
69.300
69.660
70.030
70.400
70.760
71.130
71.490
71.860
72.220
72.590
72.950
73.320
73.690
74.050
74.420
74.790
75.150
75.510
75.880
76.250
76.610
76.980
77.350
77.710
78.080
78.440
78.810
79.180
79.540
79.900
80.280
80.640
81.000
81.370
81.740
82.100
82.470
82.830
83.200
83.570
83.930
84.300
84.670
85.030
85.390
85.770
86.130
86.490
86.860
87.220
87.590
87.960
88.320
88.690
89.060
89.420
89.780
90.150
90.520
90.880
91.250
91.610
91.980
92.350
92.710
93.080
93.450
93.810
94.170
94.540
94.910
95.270
95.640
96.000
96.370
96.740
97.100
97.470
97.840
98.200
98.560
98.930
99.300
99.660
100.030
100.390
100.760
101.130
101.490
101.860
102.230
102.590
102.950
103.320
103.690
104.050
104.420
104.790
105.150
105.520
105.880
106.250
106.620
106.980
107.340
107.710
108.080
108.440
108.810
109.170
109.540
109.910
110.270
110.640
111.010
111.370
111.740
112.100
112.470
112.830
113.200
113.570
113.930
114.300
114.660
115.030
115.400
115.760
116.120
116.500
116.860
117.220
117.600
117.950
118.320
118.690
119.050
119.420
119.780
