0.070
0.470
0.900
1.320
1.750
2.180
2.610
3.040
3.470
3.900
4.330
4.760
5.190
5.620
6.050
6.480
6.900
7.330
7.760
8.190
8.620
9.050
9.480
9.910
10.340
10.770
11.200
11.630
12.060
12.480
12.910
13.340
13.770
14.200
14.630
15.060
15.490
15.920
16.340
16.780
17.210
17.630
18.060
18.500
18.920
19.350
19.780
20.210
20.640
21.070
21.500
21.920
22.360
22.780
23.210
23.650
24.070
24.500
24.930
25.360
25.790
26.220
26.650
27.070
27.510
27.940
28.360
28.790
29.220
29.650
30.080
30.510
30.940
31.370
31.800
32.230
32.660
33.080
33.510
33.940
34.370
34.800
35.230
35.660
36.090
36.520
36.950
37.380
37.810
38.230
38.660
39.090
39.530
39.950
40.380
40.820
41.240
41.670
42.100
42.530
42.960
43.390
43.820
44.250
44.670
45.110
45.530
45.960
46.400
46.820
47.250
47.680
48.110
48.540
48.960
49.400
49.830
50.260
50.690
51.120
51.540
51.970
52.390
52.830
53.260
53.690
54.120
54.550
54.980
55.400
55.830
56.260
56.690
57.120
57.550
57.980
58.410
58.840
59.260
59.690
60.130
60.550
60.990
61.420
61.850
62.270
62.690
63.130
63.560
63.990
64.420
64.850
65.270
65.700
66.130
66.560
66.990
67.430
67.860
68.280
68.710
69.140
69.570
70.000
70.430
70.860
71.290
71.710
72.140
72.570
73.000
73.430
73.850
74.290
74.720
75.140
75.570
76.000
76.440
76.860
77.290
77.730
78.160
78.580
79.010
79.450
79.870
80.300
80.730
81.150
81.580
82.010
82.440
82.870
83.300
83.720
84.160
84.590
85.020
85.440
85.870
86.310
86.730
87.150
87.590
88.020
88.450
88.880
89.310
89.730
90.170
90.590
91.030
91.450
91.890
92.310
92.740
93.170
93.600
94.030
94.460
94.890
95.310
95.750
96.180
96.600
97.040
97.460
97.890
98.330
98.750
99.180
99.610
100.040
100.460
100.900
101.330
101.760
102.180
102.610
103.040
103.470
103.900
104.330
104.760
105.190
105.620
106.050
106.480
106.900
107.340
107.760
108.190
108.620
109.050
109.480
109.910
110.340
110.770
111.190
111.630
112.060
112.480
112.910
113.340
113.770
114.200
114.630
115.060
115.490
115.920
116.340
116.780
117.210
117.630
118.060
118.490
118.920
119.350
119.780
