0.330
0.740
1.160
1.580
1.990
2.410
2.830
3.250
3.660
4.080
4.490
4.910
5.320
5.740
6.160
6.570
6.990
7.410
7.820
8.240
8.660
9.070
9.490
9.910
10.320
10.740
11.160
11.570
11.990
12.410
12.820
13.240
13.660
14.080
14.490
14.910
15.320
15.740
16.160
16.580
17.020
17.440
17.860
18.260
18.690
19.090
19.500
19.910
20.340
20.750
21.160
21.550
21.970
22.390
22.820
23.240
23.670
24.070
24.510
24.910
25.350
25.750
26.190
26.610
27.010
27.420
27.830
28.240
28.660
29.080
29.500
29.910
30.330
30.750
31.160
31.570
31.990
32.410
32.820
33.240
33.660
34.080
34.490
34.910
35.330
35.750
36.160
36.570
36.990
37.420
37.830
38.240
38.660
39.080
39.490
39.910
40.330
40.740
41.160
41.580
41.990
42.410
42.820
43.240
43.660
44.080
44.490
44.910
45.330
45.740
46.160
46.570
46.990
47.410
47.830
48.240
48.660
49.080
49.490
49.910
50.320
50.740
51.160
51.570
51.990
52.410
52.820
53.240
53.670
54.090
54.490
54.920
55.330
55.750
56.160
56.570
56.990
57.400
57.810
58.240
58.650
59.080
59.490
59.900
60.320
60.740
61.150
61.580
61.990
62.410
62.820
63.240
63.660
64.080
64.480
64.900
65.320
65.740
66.160
66.570
66.990
67.410
67.820
68.240
68.660
69.080
69.480
69.910
70.330
70.740
71.150
71.570
71.980
72.410
72.830
73.240
73.660
74.080
74.490
74.910
75.330
75.740
76.150
76.570
76.990
77.410
77.810
78.240
78.660
79.080
79.490
79.910
80.320
80.740
81.150
81.570
81.990
82.410
82.820
83.250
83.660
84.080
84.490
84.910
85.330
85.740
86.160
86.570
86.990
87.400
87.820
88.240
88.650
89.080
89.490
89.910
90.330
90.740
91.150
91.570
91.990
92.410
92.830
93.240
93.660
94.080
94.490
94.910
95.330
95.750
96.160
96.580
96.990
97.410
97.820
98.240
98.660
99.080
99.490
99.910
100.320
100.740
101.160
101.580
101.990
102.410
102.830
103.240
103.660
104.080
104.490
104.910
105.330
105.740
106.160
106.580
106.990
107.410
107.830
108.240
108.660
109.080
109.490
109.910
110.330
110.740
111.160
111.580
111.990
112.410
112.830
113.240
113.660
114.080
114.490
114.910
115.330
115.740
116.160
116.570
116.990
117.410
117.820
118.240
118.660
119.080
119.490
119.910
