0.590
1.550
2.510
3.470
4.420
5.370
6.380
7.310
8.300
9.220
10.220
11.180
12.150
13.180
14.150
15.090
16.090
16.870
17.690
18.560
19.350
20.090
20.840
21.600
22.340
23.100
23.820
24.530
25.220
25.900
26.610
27.300
28.060
28.860
29.630
30.440
31.260
32.070
32.830
33.670
34.430
35.230
36.070
36.870
37.640
38.430
39.240
40.070
40.860
41.650
42.520
43.420
44.290
45.210
46.060
46.970
47.930
48.830
49.700
50.700
51.630
52.630
53.550
54.500
55.490
56.480
57.460
58.430
59.440
60.520
61.500
62.450
63.390
64.360
65.300
66.310
67.260
68.360
69.440
70.550
71.620
72.750
73.830
74.900
75.970
77.070
78.170
79.250
