0.070
1.110
2.060
3.110
4.120
5.120
6.120
7.060
8.010
9.020
9.960
10.890
11.810
12.730
13.610
14.550
15.520
16.480
17.470
18.450
19.410
20.170
20.930
21.720
22.480
23.160
23.760
24.340
24.910
25.510
26.100
26.650
27.230
27.840
28.400
28.970
29.580
30.120
30.690
31.290
31.840
32.420
33.000
33.550
34.120
34.650
35.250
35.810
36.420
36.980
37.560
38.160
38.740
39.300
39.880
40.420
41.000
41.580
42.130
42.720
43.300
43.840
44.380
44.910
45.470
46.010
46.530
47.080
47.580
48.130
48.560
48.980
49.410
49.840
50.270
50.700
51.130
51.560
51.990
52.410
52.840
53.270
53.700
54.130
54.560
54.990
55.420
55.840
56.270
56.700
57.130
57.560
57.980
58.410
58.840
59.270
59.700
60.130
60.560
60.980
61.420
61.840
62.270
62.700
63.130
63.550
63.990
64.410
64.840
65.270
65.700
66.130
66.560
66.980
67.410
67.840
68.270
68.700
69.130
69.550
69.980
70.410
70.840
71.270
71.700
72.130
72.550
72.980
73.450
73.950
74.410
74.910
75.330
75.770
76.200
76.630
77.060
77.490
77.910
78.340
78.770
79.200
79.630
80.060
80.490
80.910
81.340
81.770
82.200
82.630
83.060
83.480
83.910
84.340
84.770
85.200
85.630
86.060
86.490
86.910
87.340
87.770
88.200
88.630
89.050
89.480
89.910
90.340
90.770
91.200
91.630
92.060
92.490
92.920
93.340
93.770
94.200
94.630
95.060
95.480
95.910
96.340
96.770
97.200
97.630
98.050
98.480
98.910
99.340
99.770
100.200
100.630
101.060
101.480
101.910
102.340
102.770
103.200
103.630
104.060
104.480
104.920
105.340
105.770
106.200
106.630
107.060
107.480
107.910
108.340
108.770
109.200
109.630
110.060
110.490
110.910
111.340
111.770
112.200
112.630
113.060
113.490
113.920
114.340
114.770
115.200
115.630
116.060
116.480
116.910
117.340
117.770
118.200
118.630
119.060
119.490
119.920
