0.390
0.990
1.580
2.170
2.770
3.360
3.960
4.550
5.140
5.740
6.330
6.930
7.520
8.110
8.710
9.300
9.900
10.490
11.080
11.680
12.270
12.870
13.460
14.050
14.650
15.240
15.840
16.430
17.030
17.620
18.210
18.810
19.390
19.980
20.590
21.180
21.780
22.370
22.970
23.560
24.150
24.750
25.340
25.930
26.530
27.120
27.720
28.310
28.910
29.500
30.090
30.690
31.280
31.880
32.470
33.060
33.660
34.250
34.850
35.440
36.030
36.630
37.220
37.810
38.410
39.000
39.600
40.190
40.790
41.380
41.980
42.570
43.160
43.760
44.350
44.940
45.540
46.130
46.730
47.320
47.920
48.510
49.110
49.700
50.290
50.890
51.480
52.070
52.670
53.260
53.860
54.450
55.050
55.640
56.230
56.830
57.420
58.020
58.610
59.200
59.800
60.390
60.990
61.580
62.170
62.760
63.360
63.960
64.550
65.140
65.740
66.330
66.930
67.520
68.120
68.710
69.300
69.900
70.490
71.080
71.680
72.270
72.870
73.460
74.060
74.650
75.240
75.840
76.430
77.030
77.620
78.210
78.810
79.400
79.990
80.590
81.180
81.780
82.370
82.970
83.560
84.150
84.750
85.340
85.940
86.530
87.120
87.720
88.310
88.910
89.500
90.090
90.690
91.280
91.880
92.470
93.060
93.660
94.250
94.850
95.440
96.030
96.630
97.220
97.820
98.410
99.010
99.600
100.190
100.790
101.380
101.980
102.570
103.160
103.760
104.350
104.950
105.540
106.140
106.730
107.180
107.620
108.210
108.810
109.410
109.990
110.590
111.200
111.790
112.370
112.960
113.570
114.170
114.750
115.340
115.950
116.530
117.120
117.720
118.170
118.610
119.060
119.500
119.950
