0.130
0.600
1.080
1.550
2.020
2.510
2.980
3.460
3.930
4.410
4.890
5.370
5.840
6.320
6.790
7.270
7.740
8.220
8.700
9.170
9.640
10.130
10.600
11.080
11.550
12.030
12.510
12.860
13.220
13.580
13.940
14.370
14.770
15.250
15.720
16.190
16.670
17.160
17.630
18.090
18.580
19.060
19.530
20.000
20.480
20.970
21.440
21.900
22.390
22.870
23.340
23.800
24.290
24.780
25.240
25.710
26.200
26.680
27.150
27.620
28.100
28.580
28.940
29.290
29.650
30.010
30.360
30.720
31.130
31.550
31.910
32.270
32.630
33.030
33.460
33.820
34.170
34.530
34.940
35.360
35.720
36.080
36.440
36.800
37.270
37.750
38.220
38.700
39.170
39.650
40.130
40.600
41.080
41.430
41.790
42.150
42.550
42.980
43.340
43.700
44.050
44.460
44.890
45.240
45.600
45.960
46.360
46.790
47.150
47.510
47.870
48.270
48.700
49.050
49.410
49.770
50.130
50.600
51.080
51.550
52.040
52.500
52.990
53.460
53.940
54.410
54.890
55.370
55.850
56.320
56.800
57.250
57.750
58.220
58.700
59.170
59.650
60.140
60.600
61.080
61.550
62.030
62.510
62.980
63.460
63.940
64.410
64.890
65.360
65.840
66.320
66.790
67.270
67.750
68.220
68.700
69.170
69.650
70.130
70.600
71.080
71.550
72.030
72.510
72.980
73.460
73.940
74.410
74.890
75.360
75.840
76.310
76.790
77.270
77.750
78.220
78.700
79.170
79.650
80.120
80.610
81.080
81.430
81.790
82.150
82.550
82.970
83.340
83.700
84.060
84.480
84.880
85.240
85.600
85.970
86.370
86.790
87.140
87.510
87.870
88.220
88.700
89.170
89.650
90.120
90.600
91.070
91.550
92.030
92.510
92.980
93.460
93.930
94.410
94.880
95.360
95.840
96.320
96.780
97.270
97.740
98.220
98.690
99.170
99.650
100.130
100.600
101.070
101.550
102.030
102.500
102.980
103.460
103.930
104.410
104.890
105.360
105.840
106.320
106.790
107.270
107.750
108.220
108.700
109.180
109.650
110.130
110.600
111.080
111.560
112.030
112.510
112.990
113.460
113.940
114.410
114.890
115.360
115.840
116.320
116.790
117.270
117.750
118.220
118.700
119.180
119.650
