0.410
1.050
1.690
2.340
2.980
3.620
4.260
4.910
5.550
6.190
6.840
7.480
8.120
8.760
9.410
10.050
10.690
11.330
11.980
12.610
13.260
13.910
14.550
15.190
15.830
16.470
17.120
17.760
18.400
19.050
19.690
20.330
20.980
21.620
22.270
22.940
23.550
24.220
24.850
25.560
26.220
26.900
27.610
28.260
28.980
29.680
30.390
31.070
31.780
32.560
33.300
34.020
34.770
35.540
36.290
37.100
37.850
38.620
39.410
40.100
40.850
41.560
42.190
42.840
43.490
44.120
44.760
45.410
46.050
46.690
47.110
47.550
47.980
48.410
48.830
49.260
49.700
50.120
50.550
50.980
51.390
51.830
52.260
52.690
53.120
53.550
53.980
54.400
54.830
55.260
55.690
56.120
56.550
56.970
57.410
57.830
58.260
58.690
59.110
59.540
59.970
60.400
60.830
61.260
61.690
62.120
62.540
62.980
63.410
63.840
64.270
64.690
65.120
65.550
65.980
66.420
66.840
67.270
67.700
68.120
68.550
68.980
69.420
69.830
70.270
70.700
71.120
71.550
71.970
72.410
72.830
73.260
73.690
74.130
74.560
74.970
75.410
75.840
76.260
76.710
77.130
77.550
77.990
78.400
78.830
79.260
79.690
80.120
80.550
80.980
81.410
81.840
82.260
82.670
83.120
83.540
83.970
84.410
84.840
85.260
85.690
86.130
86.550
86.980
87.410
87.830
88.270
88.690
89.120
89.550
89.970
90.400
90.830
91.260
91.690
92.120
92.550
92.970
93.400
93.830
94.260
94.690
95.120
95.550
95.980
96.400
96.830
97.260
97.690
98.120
98.550
98.970
99.400
99.840
100.260
100.690
101.120
101.550
101.980
102.410
102.830
103.260
103.690
104.110
104.550
104.970
105.410
105.830
106.260
106.690
107.120
107.550
107.980
108.400
108.830
109.260
109.690
110.120
110.550
110.980
111.400
111.840
112.260
112.690
113.120
113.550
113.980
114.410
114.830
115.270
115.700
116.120
116.540
116.980
117.410
117.830
118.270
118.690
119.120
119.550
119.970
