0.070
0.430
0.810
1.190
1.590
1.960
2.310
2.680
3.060
3.440
3.800
4.180
4.560
4.950
5.310
5.680
6.060
6.440
6.790
7.180
7.570
7.950
8.310
8.680
9.060
9.430
9.800
10.180
10.560
10.950
11.310
11.700
12.070
12.440
12.820
13.190
13.560
13.940
14.310
14.680
15.050
15.430
15.800
16.180
16.560
16.940
17.310
17.690
18.060
18.450
18.810
19.190
19.590
19.970
20.320
20.690
21.060
21.450
21.810
22.180
22.570
22.940
23.310
23.680
24.060
24.430
24.810
25.180
25.560
25.950
26.310
26.680
27.060
27.430
27.800
28.170
28.560
28.940
29.310
29.690
30.060
30.440
30.810
31.180
31.560
31.930
32.310
32.680
33.060
33.440
33.810
34.180
34.560
34.940
35.310
35.680
36.060
36.440
36.800
37.190
37.570
37.930
38.330
38.690
39.080
39.470
39.840
40.190
40.560
40.940
41.310
41.690
42.060
42.450
42.810
43.180
43.560
43.940
44.310
44.680
45.060
45.460
45.810
46.180
46.560
46.940
47.310
47.680
48.060
48.440
48.810
49.180
49.560
49.940
50.310
50.680
51.060
51.430
51.800
52.180
52.570
52.950
53.310
53.680
54.060
54.430
54.810
55.180
55.560
55.940
56.310
56.680
57.060
57.410
57.790
58.180
58.560
58.940
59.310
59.680
60.070
60.440
60.820
61.190
61.580
61.950
62.310
62.670
63.060
63.430
63.810
64.180
64.570
64.950
65.310
65.680
66.060
66.410
66.800
67.180
67.570
67.950
68.310
68.680
69.060
69.430
69.810
70.180
70.560
70.940
71.310
71.680
72.060
72.440
72.810
73.190
73.560
73.940
74.310
74.680
75.050
75.440
75.800
76.180
76.560
76.950
77.310
77.680
78.060
78.450
78.810
79.180
79.560
79.940
80.310
80.680
81.060
81.460
81.820
82.180
82.560
82.940
83.310
83.680
84.060
84.450
84.810
85.190
85.640
86.180
86.840
87.460
88.180
88.960
89.680
90.430
91.180
91.940
92.680
93.420
94.180
94.940
95.680
96.430
97.180
97.960
98.670
99.450
100.180
100.940
101.680
102.430
103.180
103.940
104.680
105.440
106.180
106.940
107.690
108.430
109.180
109.950
110.670
111.430
112.190
112.950
113.690
114.450
115.180
115.930
116.690
117.430
118.180
118.940
119.690
