0.420
0.870
1.300
1.710
2.140
2.590
3.000
3.430
3.860
4.310
4.720
5.170
5.600
6.030
6.440
6.890
7.320
7.730
8.140
8.580
9.010
9.450
9.870
10.290
10.730
11.160
11.580
12.020
12.440
12.870
13.300
13.730
14.160
14.590
15.010
15.450
15.870
16.300
16.730
17.160
17.580
18.020
18.440
18.880
19.300
19.730
20.160
20.590
21.020
21.450
21.870
22.310
22.730
23.160
23.590
24.020
24.450
24.880
25.300
25.740
26.160
26.590
27.020
27.450
27.880
28.310
28.730
29.170
29.590
30.020
30.450
30.880
31.300
31.740
32.160
32.600
33.020
33.450
33.880
34.310
34.730
35.160
35.590
36.020
36.450
36.880
37.300
37.740
38.160
38.600
39.020
39.450
39.870
40.310
40.730
41.170
41.590
42.020
42.450
42.880
43.300
43.730
44.160
44.600
45.020
45.450
45.870
46.310
46.730
47.160
47.590
48.020
48.450
48.880
49.300
49.740
50.160
50.590
51.020
51.450
51.870
52.300
52.730
53.160
53.590
54.020
54.450
54.880
55.300
55.730
56.160
56.590
57.020
57.450
57.870
58.300
58.730
59.160
59.590
60.020
60.450
60.880
61.300
61.730
62.160
62.590
63.020
63.450
63.870
64.310
64.730
65.160
65.590
66.020
66.450
66.880
67.310
67.740
68.160
68.590
69.020
69.450
69.880
70.310
70.730
71.160
71.590
72.020
72.450
72.880
73.300
73.730
74.160
74.590
75.020
75.440
75.880
76.290
76.730
77.150
77.580
78.020
78.450
78.880
79.310
79.730
80.160
80.590
81.020
81.450
81.880
82.310
82.730
83.160
83.590
84.020
84.450
84.880
85.300
85.730
86.160
86.590
87.020
87.450
87.870
88.300
88.730
89.160
89.590
90.020
90.450
90.870
91.300
91.730
92.160
92.590
93.020
93.450
93.880
94.310
94.730
95.160
95.590
96.020
96.450
96.880
97.300
97.730
98.160
98.590
99.020
99.450
99.880
100.300
100.730
101.160
101.590
102.020
102.450
102.880
103.300
103.730
104.160
104.590
105.020
105.450
105.880
106.310
106.740
107.160
107.590
108.020
108.450
108.880
109.300
109.740
110.160
110.590
111.020
111.450
111.880
112.300
112.730
113.160
113.590
114.020
114.450
114.880
115.310
115.730
116.160
116.590
117.020
117.450
117.880
118.310
118.730
119.160
119.590
120.030
