0.110
0.470
0.820
1.180
1.530
1.880
2.240
2.590
2.940
3.300
3.650
4.000
4.350
4.710
5.060
5.410
5.770
6.120
6.470
6.820
7.180
7.530
7.880
8.240
8.590
8.940
9.300
9.650
10.000
10.350
10.700
11.060
11.410
11.760
12.110
12.470
12.820
13.180
13.530
13.880
14.240
14.590
14.940
15.290
15.650
16.000
16.350
16.710
17.060
17.410
17.760
18.120
18.470
18.820
19.170
19.530
19.880
20.240
20.590
20.940
21.290
21.650
22.000
22.360
22.710
23.050
23.410
23.760
24.120
24.470
24.820
25.180
25.530
25.880
26.230
26.580
26.940
27.290
27.640
28.000
28.350
28.700
29.050
29.410
29.760
30.110
30.470
30.820
31.170
31.530
31.880
32.230
32.580
32.940
33.290
33.650
34.000
34.350
34.700
35.060
35.410
35.760
36.120
36.470
36.820
37.180
37.530
37.880
38.230
38.590
38.940
39.290
39.650
40.000
40.350
40.710
41.060
41.410
41.760
42.120
42.470
42.820
43.180
43.530
43.960
44.590
45.290
46.000
46.700
47.410
48.110
48.820
49.530
50.230
50.940
51.650
52.350
53.060
53.760
54.470
55.170
55.880
56.580
57.290
58.000
58.700
59.410
60.120
60.820
61.530
62.230
62.940
63.640
64.350
65.050
65.760
66.470
67.170
67.880
68.580
69.290
70.000
70.700
71.410
72.110
72.820
73.530
74.230
74.940
75.640
76.350
77.060
77.760
78.470
79.170
79.880
80.590
81.290
82.000
82.710
83.410
84.120
84.820
85.530
86.230
86.940
87.650
88.350
89.060
89.760
90.470
91.180
91.880
92.590
93.290
94.000
94.700
95.410
96.120
96.820
97.530
98.230
98.940
99.650
100.350
101.060
101.760
102.470
103.180
103.880
104.590
105.290
106.000
106.710
107.410
108.120
108.820
109.530
110.230
110.940
111.650
112.350
113.060
113.760
114.470
115.180
115.880
116.590
117.290
118.000
118.710
119.410
