0.420
0.850
1.270
1.700
2.130
2.560
2.990
3.420
3.850
4.280
4.700
5.130
5.560
5.990
6.420
6.850
7.280
7.710
8.130
8.560
8.990
9.420
9.850
10.280
10.700
11.130
11.560
11.990
12.420
12.850
13.270
13.700
14.130
14.560
14.990
15.420
15.850
16.280
16.700
17.130
17.560
17.990
18.420
18.840
19.280
19.710
20.130
20.560
20.990
21.420
21.850
22.270
22.700
23.130
23.560
23.990
24.420
24.850
25.280
25.700
26.130
26.560
26.990
27.420
27.850
28.280
28.700
29.130
29.560
29.990
30.420
30.850
31.280
31.710
32.130
32.560
32.990
33.420
33.840
34.280
34.710
35.140
35.560
35.990
36.420
36.850
37.270
37.700
38.130
38.560
38.990
39.420
39.850
40.280
40.700
41.130
41.560
41.990
42.420
42.850
43.270
43.700
44.140
44.560
44.990
45.420
45.850
46.270
46.700
47.130
47.560
47.990
48.420
48.840
49.270
49.700
50.130
50.560
50.990
51.420
51.850
52.270
52.710
53.130
53.560
53.990
54.420
54.850
55.230
55.600
55.980
56.350
56.780
57.210
57.630
58.060
58.490
58.920
59.350
59.780
60.200
60.630
61.060
61.490
61.920
62.340
62.770
63.200
63.630
64.060
64.490
64.920
65.350
65.770
66.200
66.630
67.060
67.480
67.920
68.350
68.770
69.200
69.630
70.060
70.490
70.920
71.350
71.770
72.200
72.630
73.060
73.490
73.920
74.340
74.780
75.210
75.630
76.060
76.490
76.920
77.350
77.780
78.200
78.630
79.060
79.490
79.920
80.340
80.780
81.200
81.630
82.060
82.480
82.910
83.350
83.770
84.200
84.630
85.060
85.490
85.920
86.350
86.780
87.200
87.630
88.060
88.490
88.920
89.350
89.770
90.200
90.630
91.060
91.490
91.920
92.350
92.770
93.200
93.630
94.060
94.490
94.920
95.350
95.780
96.200
96.630
97.060
97.490
97.920
98.350
98.780
99.200
99.630
100.060
100.490
100.920
101.350
101.770
102.200
102.630
103.060
103.490
103.920
104.340
104.780
105.200
105.630
106.060
106.490
106.910
107.350
107.770
108.200
108.630
109.060
109.490
109.920
110.350
110.770
111.200
111.630
112.060
112.490
112.920
113.350
113.780
114.200
114.630
115.060
115.490
115.920
116.350
116.770
117.200
117.630
118.060
118.490
118.920
119.350
119.780
