0.600
1.260
1.900
2.580
3.300
3.990
4.670
5.340
6.050
6.750
7.410
8.120
8.800
9.420
10.120
10.760
11.410
12.090
12.770
13.460
14.130
14.810
15.480
16.160
16.830
17.400
17.950
18.530
19.100
19.730
20.330
20.910
21.500
22.130
22.710
23.320
23.930
24.500
25.140
25.740
26.330
26.960
27.570
28.140
28.570
29.020
29.480
29.920
30.370
30.820
31.270
31.730
32.170
32.640
33.070
33.540
33.990
34.430
34.890
35.320
35.780
36.240
36.680
37.140
37.590
38.040
38.490
38.940
39.390
39.860
40.310
40.740
41.190
41.640
42.110
42.560
43.010
43.450
43.900
44.350
44.800
45.250
45.700
46.150
46.610
47.060
47.500
47.960
48.410
48.860
49.310
49.760
50.220
50.670
51.120
51.570
52.020
52.470
52.920
53.370
53.820
54.280
54.730
55.180
55.630
56.080
56.530
56.980
57.430
57.880
58.340
58.790
59.240
59.690
60.140
60.590
61.040
61.490
61.940
62.390
62.850
63.300
63.750
64.200
64.650
65.100
65.560
66.010
66.460
66.910
67.360
67.810
68.260
68.710
69.160
69.610
70.060
70.520
70.970
71.420
71.870
72.320
72.770
73.230
73.680
74.130
74.580
75.030
75.480
75.930
76.380
76.830
77.280
77.740
78.190
78.640
79.090
79.540
79.990
80.440
80.890
81.340
81.800
82.250
82.700
83.150
83.600
84.040
84.500
84.940
85.380
85.840
86.300
86.760
87.210
87.660
88.110
88.560
89.020
89.470
89.920
90.370
90.820
91.270
91.720
92.170
92.620
93.080
93.530
93.980
94.430
94.880
95.330
95.780
96.230
96.680
97.140
97.590
98.040
98.490
98.940
99.390
99.840
100.290
100.750
101.190
101.650
102.100
102.550
103.000
103.450
103.900
104.350
104.800
105.260
105.700
106.160
106.610
107.060
107.510
107.960
108.410
108.870
109.310
109.770
110.220
110.670
111.120
111.570
112.020
112.470
112.920
113.370
113.830
114.280
114.730
115.180
115.630
116.080
116.530
116.980
117.430
117.890
118.340
118.790
119.240
119.690
