0.070
0.730
1.350
2.010
2.630
3.290
3.940
4.590
5.240
5.880
6.530
7.170
7.800
8.400
9.040
9.700
10.340
10.990
11.640
12.290
12.930
13.580
14.230
14.880
15.530
16.190
16.830
17.490
18.130
18.770
19.420
20.050
20.700
21.360
22.020
22.650
23.310
23.950
24.610
25.260
25.900
26.550
27.180
27.850
28.500
29.150
29.800
30.440
31.090
31.740
32.370
33.040
33.680
34.340
35.000
35.630
36.270
36.930
37.710
38.430
39.190
39.850
40.500
41.150
41.800
42.450
43.100
43.740
44.390
45.040
45.690
46.340
46.990
47.640
48.290
48.930
49.580
50.230
50.880
51.520
52.010
52.500
52.820
53.150
53.470
53.800
54.120
54.440
54.770
55.090
55.420
55.740
56.070
56.390
56.720
57.040
57.370
57.690
58.010
58.320
58.650
58.970
59.300
59.630
59.960
60.290
60.610
60.940
61.260
61.590
61.910
62.240
62.560
62.880
63.210
63.530
63.850
64.180
64.500
64.830
65.150
65.470
65.800
66.130
66.450
66.780
67.100
67.420
67.750
68.070
68.390
68.720
69.040
69.370
69.690
70.020
70.340
70.660
70.990
71.320
71.640
71.970
72.290
72.610
72.940
73.260
73.590
73.910
74.230
74.560
74.880
75.210
75.530
75.850
76.180
76.500
76.830
77.150
77.480
77.800
78.130
78.450
78.770
79.100
79.430
79.750
80.080
80.400
80.720
81.040
81.370
81.690
82.020
82.340
82.660
82.990
83.310
83.640
83.960
84.280
84.610
84.940
85.260
85.580
85.910
86.230
86.550
86.880
87.200
87.530
87.850
88.180
88.500
88.830
89.150
89.470
89.800
90.120
90.450
90.770
91.100
91.420
91.740
92.070
92.390
92.720
93.040
93.370
93.690
94.010
94.340
94.670
94.990
95.310
95.640
95.960
96.290
96.610
96.930
97.260
97.580
97.910
98.230
98.560
98.880
99.210
99.530
99.850
100.180
100.500
100.830
101.150
101.480
101.800
102.120
102.450
102.770
103.100
103.420
103.740
104.070
104.390
104.720
105.040
105.370
105.690
106.010
106.340
106.660
106.990
107.310
107.640
107.960
108.280
108.610
108.940
109.260
109.580
109.910
110.230
110.560
110.880
111.200
111.530
111.850
112.180
112.500
112.830
113.150
113.480
113.800
114.120
114.450
114.770
115.100
115.420
115.740
116.070
116.390
116.720
117.040
117.370
117.690
118.020
118.340
118.660
118.990
119.310
119.630
119.960
