0.340
0.760
1.160
1.570
1.970
2.400
2.810
3.190
3.600
4.000
4.410
4.810
5.220
5.620
6.030
6.430
6.840
7.240
7.650
8.050
8.460
8.870
9.270
9.680
10.080
10.490
10.890
11.300
11.700
12.110
12.510
12.920
13.320
13.730
14.140
14.540
14.950
15.350
15.760
16.160
16.570
16.980
17.380
17.780
18.190
18.590
19.000
19.410
19.810
20.220
20.620
21.030
21.430
21.840
22.250
22.650
23.050
23.460
23.870
24.270
24.680
25.080
25.490
25.890
26.300
26.700
27.110
27.510
27.920
28.350
28.730
29.150
29.540
29.950
30.350
30.750
31.160
31.570
31.970
32.370
32.780
33.200
33.590
33.990
34.400
34.800
35.210
35.620
36.020
36.430
36.840
37.240
37.640
38.050
38.450
38.850
39.260
39.670
40.080
40.480
40.890
41.290
41.700
42.100
42.510
42.920
43.320
43.730
44.140
44.540
44.950
45.350
45.750
46.160
46.560
46.970
47.370
47.770
48.190
48.590
48.990
49.410
49.810
50.210
50.620
51.020
51.430
51.830
52.240
52.640
53.050
53.460
53.860
54.280
54.680
55.080
55.490
55.890
56.290
56.700
57.100
57.500
57.920
58.320
58.720
59.130
59.540
59.940
60.350
60.750
61.160
61.560
61.970
62.380
62.780
63.190
63.590
64.000
64.400
64.800
65.210
65.630
66.030
66.430
66.840
67.240
67.650
68.060
68.460
68.930
69.370
69.810
70.280
70.680
71.090
71.500
71.910
72.310
72.710
73.120
73.530
73.930
74.340
74.750
75.150
75.550
75.960
76.360
76.770
77.170
77.580
77.980
78.400
78.800
79.240
79.700
80.120
80.560
81.020
81.430
81.840
82.240
82.650
83.050
83.460
83.870
84.270
84.680
85.090
85.490
85.890
86.300
86.710
87.110
87.520
87.920
88.330
88.720
89.130
89.540
89.950
90.350
90.760
91.160
91.570
91.970
92.380
92.790
93.190
93.590
94.000
94.410
94.820
95.220
95.620
96.020
96.440
96.840
97.240
97.650
98.060
98.460
98.870
99.270
99.680
100.080
100.490
100.890
101.300
101.700
102.100
102.510
102.920
103.320
103.730
104.140
104.550
104.940
105.350
105.760
106.170
106.570
106.970
107.380
107.790
108.190
108.600
109.000
109.410
109.810
110.220
110.620
111.030
111.430
111.840
112.250
112.650
113.050
113.460
113.870
114.280
114.680
115.080
115.480
115.890
116.300
116.700
117.110
117.520
117.920
118.330
118.730
119.140
119.540
119.950
