0.310
0.670
1.020
1.370
1.710
2.060
2.430
2.780
3.130
3.490
3.840
4.200
4.530
4.900
5.250
5.610
5.960
6.310
6.660
7.020
7.370
7.720
8.070
8.430
8.790
9.140
9.480
9.850
10.190
10.550
10.900
11.260
11.610
11.950
12.290
12.640
13.020
13.370
13.730
14.080
14.430
14.780
15.130
15.490
15.840
16.200
16.540
16.900
17.250
17.600
17.950
18.310
18.660
19.010
19.370
19.730
20.080
20.430
20.770
21.140
21.480
21.840
22.190
22.550
22.900
23.250
23.600
23.960
24.310
24.660
25.010
25.370
25.720
26.070
26.420
26.780
27.140
27.490
27.840
28.200
28.550
28.900
29.250
29.610
29.960
30.310
30.660
31.020
31.370
31.730
32.070
32.430
32.780
33.140
33.480
33.840
34.200
34.540
34.890
35.250
35.610
35.960
36.320
36.670
37.020
37.380
37.730
38.070
38.430
38.790
39.140
39.490
39.850
40.230
40.560
40.910
41.280
41.610
41.960
42.320
42.660
43.020
43.370
43.730
44.080
44.430
44.780
45.140
45.500
45.840
46.200
46.560
46.910
47.260
47.620
47.970
48.320
48.670
49.020
49.380
49.730
50.080
50.430
50.790
51.140
51.490
51.840
52.200
52.550
52.900
53.260
53.610
53.960
54.310
54.670
55.020
55.370
55.730
56.080
56.430
56.780
57.130
57.470
57.830
58.190
58.540
58.890
59.250
59.610
59.960
60.310
60.670
61.010
61.370
61.720
62.080
62.430
62.780
63.130
63.490
63.840
64.190
64.540
64.910
65.260
65.610
65.960
66.320
66.660
67.020
67.370
67.730
68.080
68.430
68.780
69.140
69.480
69.820
70.190
70.540
70.900
71.250
71.600
71.960
72.310
72.670
73.020
73.370
73.730
74.080
74.430
74.790
75.120
75.480
75.840
76.200
76.550
76.900
77.250
77.610
77.960
78.310
78.660
79.020
79.370
79.720
80.080
80.430
80.790
81.140
81.480
81.840
82.200
82.550
82.900
83.250
83.610
83.960
84.310
84.670
85.020
85.370
85.720
86.080
86.430
86.780
87.130
87.490
87.840
88.200
88.540
88.900
89.250
89.600
89.960
90.310
90.670
91.020
91.360
91.720
92.080
92.420
92.780
93.130
93.490
93.840
94.190
94.550
94.900
95.250
95.600
95.960
96.310
96.660
97.010
97.370
97.720
98.070
98.420
98.780
99.140
99.490
99.830
100.190
100.550
100.900
101.250
101.600
101.960
102.310
102.650
103.010
103.370
103.710
104.070
104.430
104.780
105.130
105.480
105.840
106.190
106.550
106.900
107.260
107.610
107.960
108.310
108.670
109.010
109.370
109.720
110.080
110.430
110.780
111.130
111.490
111.840
112.200
112.540
112.910
113.260
113.600
113.960
114.310
114.660
115.000
115.370
115.720
116.080
116.430
116.780
117.140
117.480
117.840
118.190
118.550
118.900
119.250
119.600
119.960
