0.100
0.530
0.990
1.420
1.870
2.310
2.770
3.210
3.660
4.090
4.550
4.980
5.430
5.860
6.320
6.760
7.210
7.650
8.100
8.540
8.980
9.420
9.880
10.310
10.770
11.200
11.660
12.090
12.540
12.970
13.430
13.870
14.320
14.760
15.220
15.650
16.090
16.530
16.990
17.420
17.880
18.320
18.770
19.200
19.650
20.080
20.550
20.980
21.430
21.870
22.330
22.760
23.210
23.640
24.100
24.540
24.990
25.430
25.880
26.310
26.760
27.200
27.650
28.090
28.540
28.980
29.440
29.880
30.320
30.760
31.210
31.650
32.100
32.530
32.980
33.420
33.880
34.310
34.770
35.200
35.650
36.090
36.540
36.980
37.430
37.870
38.320
38.760
39.210
39.640
40.090
40.540
40.990
41.420
41.870
42.310
42.770
43.200
43.650
44.090
44.540
44.980
45.440
45.870
46.320
46.750
47.210
47.650
48.100
48.530
49.000
49.430
49.880
50.310
50.760
51.200
51.650
52.090
52.540
52.980
53.430
53.860
54.320
54.760
55.210
55.640
56.100
56.540
56.990
57.440
57.880
58.320
58.760
59.210
59.650
60.100
60.540
60.980
61.430
61.880
62.320
62.770
63.210
63.650
64.100
64.540
64.980
65.430
65.870
66.310
66.750
67.210
67.650
68.090
68.530
68.980
69.430
69.880
70.320
70.760
71.210
71.640
72.100
72.540
72.980
73.430
73.880
74.310
74.770
75.200
75.650
76.090
76.540
76.980
77.430
77.870
78.320
78.750
79.210
79.650
80.090
80.530
80.990
81.430
81.870
82.310
82.760
83.200
83.650
84.090
84.540
84.980
85.430
85.860
86.320
86.760
87.210
87.650
88.100
88.540
88.990
89.420
89.880
90.310
90.760
91.210
91.660
92.090
92.540
92.980
93.430
93.870
94.320
94.760
95.210
95.650
96.100
96.530
96.990
97.420
97.870
98.310
98.770
99.210
99.650
100.090
100.540
100.990
101.440
101.890
102.320
102.770
103.210
103.650
104.090
104.540
105.000
105.440
105.880
106.330
106.760
107.210
107.650
108.100
108.550
109.000
109.440
109.880
110.320
110.770
111.200
111.650
112.110
112.550
112.990
113.430
113.870
114.320
114.760
115.210
115.650
116.120
116.540
116.990
117.430
117.880
118.310
118.770
119.200
119.670
