0.330
0.760
1.190
1.620
2.050
2.480
2.900
3.340
3.760
4.190
4.610
5.050
5.470
5.910
6.330
6.770
7.190
7.620
8.050
8.480
8.900
9.330
9.760
10.190
10.620
11.050
11.480
11.910
12.330
12.760
13.190
13.610
14.040
14.480
14.900
15.330
15.770
16.200
16.630
17.060
17.480
17.910
18.330
18.760
19.190
19.620
20.050
20.480
20.900
21.330
21.760
22.190
22.610
23.050
23.480
23.900
24.330
24.770
25.190
25.620
26.050
26.480
26.900
27.330
27.760
28.190
28.620
29.050
29.480
29.910
30.330
30.760
31.190
31.610
32.040
32.470
32.900
33.330
33.760
34.190
34.610
35.050
35.470
35.900
36.330
36.760
37.190
37.620
38.050
38.470
38.900
39.340
39.760
40.210
40.610
41.030
41.470
41.900
42.330
42.760
43.180
43.620
44.040
44.480
44.900
45.330
45.760
46.190
46.620
47.050
47.460
47.900
48.330
48.770
49.190
49.620
50.050
50.480
50.900
51.330
51.760
52.190
52.620
53.050
53.480
53.900
54.330
54.760
55.190
55.620
56.040
56.470
56.910
57.330
57.760
58.190
58.620
59.050
59.470
59.910
60.330
60.760
61.180
61.610
62.040
62.480
62.900
63.340
63.760
64.180
64.620
65.030
65.470
65.910
66.330
66.760
67.190
67.620
68.050
68.480
68.910
69.340
69.770
70.200
70.630
71.060
71.480
71.910
72.340
72.770
73.200
73.630
74.050
74.480
74.910
75.340
75.760
76.200
76.620
77.050
77.480
77.910
78.340
78.760
79.190
79.620
80.050
80.480
80.900
81.300
81.670
82.080
82.510
82.940
83.370
83.800
84.230
84.660
85.080
85.520
85.940
86.370
86.800
87.230
87.660
88.080
88.510
88.940
89.370
89.800
90.230
90.650
91.080
91.510
91.940
92.370
92.790
93.230
93.680
94.150
94.620
95.050
95.470
95.900
96.330
96.760
97.190
97.620
98.050
98.470
98.900
99.330
99.760
100.190
100.620
101.050
101.470
101.900
102.330
102.760
103.190
103.620
104.050
104.480
104.900
105.330
105.760
106.190
106.620
107.050
107.470
107.900
108.330
108.760
109.190
109.620
110.050
110.470
110.900
111.330
111.760
112.190
112.620
113.050
113.470
113.900
114.330
114.760
115.190
115.620
116.050
116.480
116.900
117.330
117.760
118.190
118.620
119.050
119.470
119.900
