0.070
0.570
1.070
1.570
2.070
2.570
3.070
3.580
4.080
4.570
5.070
5.570
6.070
6.570
7.070
7.570
8.070
8.570
9.070
9.570
10.070
10.570
11.070
11.570
12.070
12.570
13.070
13.570
14.070
14.570
15.070
15.570
16.070
16.570
17.070
17.570
18.070
18.570
19.070
19.570
20.070
20.570
21.080
21.570
22.070
22.570
23.070
23.570
24.070
24.570
25.070
25.570
26.070
26.570
27.070
27.570
28.070
28.570
29.070
29.570
30.070
30.570
31.070
31.570
32.070
32.570
33.070
33.570
34.070
34.570
35.070
35.570
36.070
36.570
37.070
37.570
38.070
38.570
39.070
39.570
40.070
40.570
41.070
41.570
42.070
42.570
43.070
43.570
44.070
44.570
45.070
45.570
46.070
46.570
47.070
47.570
48.070
48.570
49.070
49.570
50.070
50.570
51.070
51.570
52.070
52.570
53.070
53.570
54.070
54.570
55.070
55.570
56.070
56.570
57.070
57.570
58.070
58.570
59.070
59.570
60.070
60.570
61.070
61.570
62.070
62.570
63.070
63.570
64.070
64.570
65.070
65.570
66.070
66.570
67.070
67.570
68.070
68.580
69.070
69.570
70.070
70.570
71.070
71.570
72.070
72.570
73.070
73.570
74.070
74.570
75.070
75.570
76.070
76.570
77.070
77.570
78.070
78.570
79.070
79.570
80.070
80.570
81.070
81.570
82.070
82.570
83.070
83.570
84.070
84.570
85.070
85.570
86.070
86.570
87.070
87.570
88.070
88.570
89.070
89.570
90.070
90.570
91.070
91.570
92.070
92.570
93.070
93.570
94.070
94.570
95.070
95.570
96.070
96.570
97.070
97.570
98.070
98.570
99.070
99.570
100.070
100.570
101.070
101.570
102.070
102.570
103.070
103.570
104.070
104.570
105.070
105.570
106.070
106.570
107.070
107.570
108.070
108.570
109.070
109.570
110.070
110.570
111.070
111.570
112.070
112.570
113.070
113.570
114.080
114.570
115.080
115.580
116.080
116.570
117.070
117.580
118.070
118.570
119.080
119.570
120.070
