0.460
1.100
1.760
2.410
3.120
3.780
4.420
5.070
5.680
6.330
6.970
7.620
8.270
8.910
9.560
10.200
10.890
11.580
12.240
12.990
13.660
14.370
15.120
15.770
16.410
17.060
17.720
18.470
19.140
19.880
20.580
21.260
21.980
22.630
23.270
23.980
24.610
25.300
25.960
26.650
27.370
28.090
28.820
29.500
30.240
30.900
31.630
32.290
32.950
33.670
34.320
34.990
35.700
36.350
37.000
37.640
38.280
38.930
39.560
40.220
40.860
41.490
42.140
42.560
43.000
43.430
43.850
44.280
44.720
45.150
45.570
46.010
46.430
46.860
47.280
47.710
48.140
48.570
49.000
49.420
49.860
50.290
50.710
51.140
51.570
52.000
52.430
52.860
53.290
53.720
54.140
54.580
55.000
55.500
55.960
56.460
56.930
57.360
57.790
58.210
58.640
59.070
59.500
59.930
60.360
60.780
61.210
61.640
62.070
62.500
62.920
63.350
63.780
64.210
64.640
65.070
65.500
65.920
66.350
66.780
67.210
67.640
68.070
68.500
68.930
69.350
69.780
70.210
70.640
71.070
71.500
71.930
72.360
72.780
73.210
73.640
74.070
74.500
74.930
75.360
75.780
76.210
76.640
77.070
77.500
77.930
78.360
78.780
79.210
79.640
80.070
80.500
80.930
81.350
81.780
82.210
82.640
83.070
83.500
83.910
84.350
84.790
85.210
85.640
86.070
86.500
86.930
87.360
87.790
88.210
88.640
89.070
89.500
89.930
90.360
90.790
91.210
91.650
92.070
92.500
92.930
93.360
93.780
94.210
94.640
95.070
95.500
95.930
96.360
96.790
97.220
97.640
98.070
98.500
98.930
99.360
99.790
100.210
100.640
101.070
101.500
101.930
102.360
102.790
103.210
103.640
104.070
104.500
104.930
105.360
105.780
106.220
106.640
107.070
107.500
107.930
108.360
108.790
109.210
109.640
110.070
110.500
110.930
111.350
111.780
112.210
112.640
113.070
113.500
113.930
114.360
114.790
115.220
115.640
116.070
116.500
116.930
117.360
117.790
118.220
118.640
119.070
119.500
119.930
