0.070
0.950
1.900
2.630
3.400
4.140
4.870
5.650
6.360
7.110
7.750
8.440
9.190
9.960
10.700
11.460
12.240
12.970
13.660
14.410
15.180
15.910
16.540
17.160
17.790
18.380
19.020
19.660
20.310
20.960
21.620
22.260
22.820
23.430
23.980
24.600
25.230
25.960
26.720
27.470
28.230
28.990
29.800
30.520
31.270
32.030
32.760
33.500
34.240
35.020
35.770
36.520
37.300
38.020
38.740
39.560
40.320
41.050
41.820
42.490
43.220
43.880
44.530
45.160
45.790
46.450
47.140
47.790
48.520
49.210
49.910
50.590
51.280
51.950
52.680
53.350
54.030
54.720
55.400
56.130
56.820
57.510
58.160
58.860
59.550
60.240
60.920
61.580
62.280
62.930
63.580
64.230
64.870
65.510
66.190
66.830
67.470
68.170
68.790
69.490
70.110
70.740
71.390
72.050
72.680
73.330
73.940
74.600
75.200
75.860
76.470
77.090
77.730
78.360
79.010
79.610
80.190
80.790
81.390
81.980
82.600
83.230
83.860
84.530
85.290
86.000
86.750
87.410
88.120
88.800
89.470
90.270
91.050
91.790
92.570
93.350
94.090
94.860
95.670
96.330
97.030
97.710
98.360
99.030
99.730
100.470
101.150
101.870
102.550
103.270
103.950
104.630
105.310
106.020
106.700
107.350
108.060
108.690
109.320
110.010
110.620
111.270
111.950
112.580
113.230
113.850
114.520
115.130
115.770
116.410
117.080
117.710
118.330
118.990
119.610
