0.100
0.450
0.800
1.150
1.500
1.840
2.190
2.540
2.890
3.240
3.590
3.940
4.290
4.640
4.990
5.340
5.690
6.040
6.380
6.730
7.080
7.430
7.780
8.130
8.470
8.820
9.170
9.520
9.870
10.220
10.570
10.910
11.270
11.610
11.960
12.310
12.660
13.010
13.350
13.710
14.060
14.410
14.750
15.100
15.460
15.800
16.150
16.500
16.850
17.200
17.550
17.900
18.250
18.590
18.940
19.290
19.640
19.980
20.330
20.680
21.030
21.380
21.730
22.080
22.430
22.770
23.130
23.470
23.830
24.170
24.520
24.870
25.220
25.570
25.920
26.270
26.620
26.960
27.320
27.660
28.010
28.360
28.710
29.050
29.410
29.750
30.090
30.450
30.800
31.150
31.500
31.840
32.200
32.550
32.890
33.240
33.590
33.940
34.290
34.640
35.000
35.340
35.680
36.050
36.380
36.730
37.080
37.430
37.780
38.120
38.480
38.820
39.170
39.520
39.870
40.220
40.570
40.920
41.270
41.610
41.960
42.310
42.660
43.010
43.360
43.710
44.060
44.400
44.750
45.110
45.450
45.800
46.150
46.500
46.840
47.200
47.540
47.890
48.240
48.590
48.940
49.290
49.640
49.980
50.340
50.680
51.040
51.380
51.730
52.080
52.430
52.780
53.130
53.470
53.820
54.170
54.520
54.870
55.220
55.560
55.920
56.270
56.610
56.960
57.310
57.670
58.010
58.360
58.710
59.060
59.410
59.750
60.100
60.450
60.800
61.150
61.500
61.840
62.200
62.540
62.890
63.250
63.590
63.940
64.290
64.640
64.990
65.340
65.690
66.040
66.380
66.730
67.080
67.430
67.780
68.130
68.470
68.820
69.170
69.520
69.870
70.230
70.570
70.920
71.270
71.620
71.960
72.310
72.660
73.010
73.360
73.710
74.050
74.410
74.750
75.100
75.450
75.810
76.150
76.500
76.840
77.200
77.540
77.890
78.240
78.590
78.940
79.290
79.630
79.980
80.340
80.680
81.030
81.380
81.730
82.080
82.430
82.770
83.120
83.470
83.820
84.170
84.520
84.870
85.220
85.570
85.920
86.260
86.610
86.960
87.310
87.660
88.010
88.360
88.710
89.060
89.400
89.750
90.100
90.450
90.800
91.150
91.500
91.850
92.210
92.550
92.890
93.240
93.590
93.940
94.280
94.640
94.990
95.340
95.680
96.030
96.380
96.730
97.080
97.430
97.780
98.120
98.470
98.820
99.170
99.520
99.870
100.220
100.570
100.920
101.270
101.620
101.960
102.310
102.660
103.000
103.360
103.710
104.060
104.400
104.760
105.100
105.450
105.800
106.150
106.500
106.840
107.190
107.540
107.890
108.240
108.590
108.940
109.290
109.640
109.990
110.330
110.680
111.030
111.380
111.730
112.080
112.430
112.780
113.130
113.470
113.820
114.170
114.520
114.870
115.210
115.570
115.920
116.270
116.610
116.970
117.310
117.660
118.010
118.360
118.710
119.060
119.410
119.750
