0.070
0.760
1.450
2.140
2.820
3.510
4.200
4.890
5.580
6.270
6.960
7.650
8.340
9.040
9.730
10.400
11.100
11.790
12.480
13.170
13.860
14.550
15.240
15.930
16.620
17.310
18.000
18.690
19.380
20.060
20.750
21.450
22.140
22.820
23.510
24.200
24.890
25.580
26.270
26.960
27.650
28.340
29.040
29.730
30.430
31.100
31.790
32.480
33.170
33.860
34.550
35.240
35.930
36.620
37.310
38.000
38.690
39.380
40.070
40.760
41.450
42.130
42.820
43.510
44.200
44.890
45.580
46.270
46.960
47.650
48.340
49.030
49.720
50.410
51.100
51.790
52.300
52.830
53.340
53.810
54.340
54.840
55.320
55.840
56.340
56.820
57.310
57.820
58.340
58.820
59.320
59.820
60.320
60.840
61.330
61.840
62.320
62.820
63.340
63.850
64.340
64.870
65.380
65.930
66.450
66.940
67.490
67.990
68.510
69.050
69.630
70.230
70.820
71.490
72.190
72.870
73.520
74.210
74.900
75.590
76.290
76.970
77.650
78.350
79.040
79.720
80.420
81.100
81.790
82.490
83.170
83.860
84.550
85.240
85.930
86.620
87.310
88.000
88.690
89.380
90.070
90.710
91.100
91.450
91.790
92.140
92.480
92.830
93.170
93.510
93.860
94.210
94.550
94.890
95.240
95.590
95.930
96.270
96.620
96.960
97.310
97.650
98.000
98.340
98.690
99.030
99.380
99.720
100.070
100.410
100.760
101.100
101.450
101.790
102.130
102.480
102.820
103.170
103.510
103.860
104.200
104.540
104.890
105.240
105.580
105.930
106.270
106.620
106.960
107.310
107.650
107.990
108.340
108.690
109.030
109.380
109.720
110.070
110.410
110.750
111.100
111.450
111.790
112.140
112.480
112.820
113.170
113.510
113.860
114.200
114.550
114.900
115.240
115.580
115.930
116.270
116.620
116.970
117.310
117.650
118.000
118.320
118.680
119.030
119.380
119.720
120.070
