0.270
0.900
1.540
2.180
2.820
3.460
4.100
4.750
5.380
6.020
6.670
7.310
7.970
8.620
9.250
9.890
10.550
11.180
11.820
12.470
13.110
13.840
14.540
15.240
15.900
16.540
17.260
17.960
18.680
19.330
19.980
20.700
21.390
22.110
22.750
23.400
24.130
24.820
25.550
26.230
26.990
27.730
28.370
28.970
29.610
30.250
30.870
31.510
32.110
32.730
33.310
33.930
34.570
35.220
35.830
36.470
37.110
37.820
38.510
39.240
40.030
40.800
41.610
42.470
43.330
44.180
45.040
45.880
46.760
47.610
48.460
49.320
50.180
51.040
51.890
52.740
53.610
54.470
55.320
56.180
57.040
57.890
58.740
59.610
60.470
61.330
62.180
63.030
63.890
64.760
65.600
66.480
67.330
68.190
69.040
69.890
70.750
71.610
72.460
73.320
74.180
75.030
75.890
76.740
77.610
78.460
79.120
79.760
80.390
81.040
81.700
82.410
83.110
83.810
84.470
85.110
85.830
86.530
87.250
87.900
88.550
89.270
89.960
90.660
91.320
91.970
92.680
93.370
94.060
94.760
95.410
96.100
96.800
97.520
98.190
98.860
99.560
100.240
100.970
101.610
102.250
102.970
103.670
104.390
105.040
105.760
106.440
107.130
107.830
108.470
109.110
109.780
110.520
111.250
111.890
112.530
113.210
113.820
114.510
115.250
115.960
116.640
117.360
118.100
118.750
119.390
120.060
