0.600
1.310
2.010
2.720
3.430
4.130
4.840
5.540
6.250
6.950
7.660
8.370
9.070
9.780
10.490
11.190
11.900
12.600
13.310
14.010
14.720
15.430
16.130
16.840
17.550
18.250
18.960
19.660
20.370
21.070
21.780
22.480
23.190
23.900
24.600
25.310
26.020
26.720
27.430
28.130
28.840
29.540
30.250
30.960
31.660
32.370
33.070
33.780
34.490
35.190
35.900
36.600
37.310
38.020
38.720
39.430
40.130
40.840
41.550
42.250
42.960
43.660
44.370
45.070
45.780
46.480
47.190
47.890
48.610
49.310
50.010
50.720
51.430
52.130
52.840
53.550
54.250
54.960
55.660
56.370
57.080
57.780
58.490
59.190
59.900
60.600
61.310
62.010
62.720
63.430
64.140
64.840
65.550
66.250
66.960
67.660
68.370
69.080
69.780
70.490
71.200
71.900
72.610
73.310
74.020
74.720
75.430
76.130
76.840
77.550
78.250
78.960
79.660
80.370
81.080
81.780
82.490
83.190
83.900
84.610
85.310
86.020
86.720
87.430
88.130
88.840
89.550
90.250
90.960
91.660
92.370
93.070
93.780
94.490
95.190
95.900
96.610
97.310
98.020
98.720
99.430
100.130
100.840
101.550
102.250
102.960
103.660
104.370
105.060
105.780
106.480
107.190
107.900
108.610
109.310
110.010
110.720
111.430
112.140
112.840
113.550
114.250
114.950
115.660
116.370
117.080
117.780
118.490
119.190
119.900
