0.240
0.590
0.940
1.290
1.640
1.980
2.330
2.680
3.030
3.380
3.730
4.080
4.430
4.770
5.130
5.470
5.820
6.170
6.520
6.870
7.220
7.570
7.920
8.260
8.610
8.960
9.310
9.660
10.000
10.360
10.710
11.060
11.400
11.750
12.100
12.450
12.800
13.150
13.500
13.850
14.190
14.540
14.890
15.240
15.590
15.940
16.290
16.640
16.980
17.330
17.680
18.030
18.380
18.730
19.080
19.420
19.780
20.120
20.470
20.820
21.170
21.520
21.870
22.220
22.580
22.920
23.260
23.610
23.960
24.310
24.650
24.970
25.340
25.670
26.040
26.390
26.740
27.090
27.440
27.790
28.140
28.480
28.840
29.180
29.530
29.880
30.230
30.570
30.930
31.270
31.640
31.990
32.340
32.680
33.030
33.380
33.730
34.080
34.430
34.770
35.120
35.470
35.820
36.170
36.520
36.870
37.220
37.570
37.920
38.260
38.610
38.960
39.310
39.660
40.010
40.360
40.710
41.060
41.410
41.750
42.100
42.450
42.800
43.150
43.500
43.850
44.200
44.540
44.890
45.240
45.590
45.940
46.280
46.640
46.990
47.340
47.680
48.030
48.360
48.730
49.080
49.420
49.780
50.120
50.460
50.820
51.170
51.520
51.870
52.210
52.570
52.910
53.260
53.610
53.970
54.330
54.670
55.010
55.360
55.710
56.050
56.400
56.750
57.100
57.450
57.800
58.150
58.500
58.850
59.200
59.540
59.890
60.240
60.590
60.940
61.290
61.630
61.980
62.330
62.680
63.030
63.380
63.730
64.080
64.420
64.770
65.120
65.470
65.820
66.170
66.520
66.870
67.220
67.570
67.920
68.260
68.610
68.960
69.310
69.660
70.010
70.350
70.710
71.060
71.400
71.750
72.100
72.450
72.800
73.150
73.500
73.850
74.190
74.540
74.890
75.240
75.590
75.930
76.290
76.640
76.990
77.330
77.680
78.030
78.380
78.730
79.080
79.430
79.780
80.120
80.470
80.820
81.170
81.520
81.870
82.220
82.570
82.920
83.260
83.610
83.960
84.310
84.660
85.010
85.350
85.700
86.050
86.400
86.750
87.090
87.450
87.800
88.150
88.490
88.850
89.200
89.550
89.890
90.240
90.590
90.940
91.290
91.640
91.990
92.330
92.680
93.030
93.380
93.730
94.080
94.430
94.770
95.120
95.470
95.820
96.170
96.520
96.870
97.220
97.570
97.920
98.260
98.610
98.960
99.310
99.650
100.010
100.360
100.710
101.060
101.400
101.750
102.100
102.450
102.800
103.150
103.500
103.850
104.190
104.540
104.890
105.240
105.590
105.940
106.290
106.640
106.990
107.330
107.680
108.030
108.380
108.730
109.080
109.420
109.780
110.130
110.470
110.820
111.170
111.520
111.870
112.220
112.570
112.920
113.260
113.610
113.960
114.310
114.660
115.000
115.360
115.710
116.060
116.400
116.750
117.100
117.450
117.790
118.150
118.500
118.840
119.190
119.540
119.890
