0.250
0.660
1.060
1.470
1.870
2.280
2.690
3.090
3.500
3.900
4.310
4.710
5.120
5.530
5.930
6.340
6.740
7.150
7.550
7.960
8.360
8.770
9.170
9.580
9.980
10.390
10.790
11.200
11.610
12.010
12.420
12.820
13.230
13.630
14.040
14.440
14.850
15.250
15.660
16.060
16.470
16.880
17.280
17.690
18.090
18.500
18.900
19.310
19.710
20.120
20.520
20.930
21.330
21.740
22.140
22.550
22.960
23.360
23.770
24.170
24.580
24.980
25.390
25.800
26.210
26.600
27.010
27.430
27.830
28.220
28.630
29.040
29.440
29.850
30.250
30.670
31.070
31.470
31.870
32.280
32.680
33.090
33.490
33.900
34.300
34.710
35.120
35.520
35.930
36.310
36.740
37.140
37.550
37.950
38.360
38.770
39.170
39.580
39.980
40.390
40.790
41.200
41.610
42.010
42.420
42.820
43.230
43.630
44.040
44.440
44.850
45.250
45.660
46.070
46.470
46.880
47.280
47.690
48.090
48.500
48.900
49.310
49.710
50.120
50.520
50.930
51.340
51.780
52.180
52.600
53.040
53.460
53.860
54.280
54.690
55.090
55.500
55.900
56.300
56.700
57.110
57.520
57.920
58.330
58.720
59.130
59.530
59.940
60.340
60.730
61.100
61.500
61.880
62.280
62.680
63.090
63.500
63.900
64.310
64.710
65.120
65.520
65.930
66.330
66.740
67.140
67.550
67.950
68.360
68.760
69.170
69.580
69.980
70.390
70.790
71.200
71.600
72.010
72.420
72.820
73.220
73.630
74.040
74.440
74.850
75.250
75.660
76.070
76.470
76.870
77.280
77.690
78.090
78.500
78.900
79.310
79.710
80.120
80.520
80.930
81.330
81.740
82.140
82.550
82.950
83.360
83.770
84.170
84.580
84.980
85.390
85.790
86.200
86.600
87.010
87.410
87.820
88.230
88.630
89.040
89.440
89.850
90.250
90.660
91.060
91.470
91.870
92.280
92.680
93.090
93.500
93.900
94.310
94.710
95.120
95.520
95.930
96.330
96.740
97.140
97.550
97.960
98.360
98.770
99.170
99.580
99.980
100.390
100.790
101.200
101.570
101.920
102.290
102.630
103.030
103.430
103.830
104.240
104.640
105.050
105.460
105.860
106.270
106.670
107.080
107.480
107.890
108.290
108.700
109.100
109.510
109.910
110.320
110.730
111.130
111.540
111.940
112.350
112.750
113.160
113.560
113.970
114.440
114.870
115.320
115.790
116.200
116.600
117.010
117.420
117.820
118.230
118.630
119.040
119.440
119.850
