0.290
0.720
1.150
1.570
1.990
2.430
2.860
3.290
3.720
4.150
4.580
5.000
5.430
5.860
6.290
6.720
7.150
7.580
8.010
8.430
8.850
9.280
9.710
10.150
10.570
11.010
11.430
11.860
12.280
12.720
13.140
13.580
14.000
14.440
14.860
15.290
15.720
16.140
16.580
17.010
17.430
17.860
18.300
18.720
19.140
19.570
20.000
20.430
20.860
21.290
21.720
22.150
22.570
23.000
23.440
23.860
24.290
24.720
25.160
25.580
26.000
26.430
26.860
27.290
27.720
28.150
28.580
29.000
29.430
29.860
30.330
30.770
31.210
31.660
32.130
32.580
33.000
33.460
33.890
34.320
34.740
35.160
35.600
36.020
36.470
36.890
37.320
37.740
38.180
38.600
39.030
39.470
39.900
40.320
40.750
41.180
41.610
42.030
42.460
42.890
43.320
43.750
44.180
44.610
45.030
45.460
45.890
46.320
46.750
47.180
47.600
48.040
48.460
48.890
49.320
49.750
50.180
50.610
51.040
51.460
51.890
52.320
52.750
53.180
53.610
54.040
54.460
54.890
55.320
55.750
56.180
56.610
57.030
57.460
57.890
58.320
58.750
59.180
59.610
60.040
60.470
60.890
61.320
61.750
62.180
62.610
63.030
63.460
63.900
64.320
64.740
65.180
65.610
66.040
66.460
66.890
67.320
67.750
68.180
68.610
69.030
69.460
69.890
70.320
70.750
71.180
71.610
72.040
72.460
72.890
73.320
73.750
74.180
74.610
75.040
75.460
75.890
76.320
76.750
77.180
77.610
78.040
78.460
78.890
79.320
79.750
80.180
80.600
81.030
81.460
81.890
82.320
82.750
83.180
83.610
84.040
84.470
84.890
85.320
85.750
86.180
86.610
87.030
87.460
87.890
88.320
88.750
89.180
89.610
90.040
90.460
90.890
91.320
91.750
92.180
92.610
93.040
93.460
93.890
94.320
94.750
95.180
95.610
96.040
96.460
96.890
97.320
97.750
98.170
98.610
99.030
99.460
99.890
100.320
100.750
101.180
101.610
102.040
102.460
102.890
103.320
103.750
104.180
104.610
105.040
105.470
105.890
106.320
106.750
107.180
107.610
108.040
108.460
108.890
109.320
109.750
110.180
110.610
111.030
111.460
111.890
112.320
112.750
113.170
113.560
113.930
114.300
114.690
115.110
115.550
115.970
116.400
116.830
117.250
117.680
118.110
118.550
118.980
119.400
119.830
