0.000
0.410
0.850
1.270
1.670
2.070
2.510
2.980
3.450
3.900
4.350
4.810
5.290
5.730
6.160
6.600
7.020
7.430
7.850
8.260
8.700
9.120
9.530
9.940
10.360
10.780
11.220
11.620
12.060
12.470
12.880
13.270
13.740
14.190
14.620
15.080
15.520
15.990
16.420
16.830
17.260
17.710
18.120
18.520
18.920
19.300
19.720
20.120
20.510
20.900
21.320
21.710
22.100
22.510
22.920
23.340
23.780
24.180
24.620
25.060
25.520
25.960
26.390
26.820
27.270
27.700
28.140
28.610
29.050
29.510
29.950
30.390
30.860
31.300
31.760
32.180
32.620
33.010
33.420
33.800
34.220
34.670
35.100
35.530
35.940
36.370
36.800
37.250
37.660
38.090
38.510
38.940
39.340
39.770
