0.150
0.430
0.720
1.010
1.310
1.580
1.860
2.140
2.430
2.700
2.980
3.260
3.560
3.870
4.170
4.470
4.770
5.070
5.370
5.660
5.960
6.250
6.560
6.860
7.150
7.450
7.760
8.060
8.380
8.670
8.980
9.280
9.580
9.880
10.180
10.480
10.780
11.070
11.380
11.670
11.970
12.270
12.580
12.870
13.170
13.470
13.780
14.080
14.370
14.670
14.990
15.300
15.610
15.910
16.210
16.520
16.830
17.130
17.440
17.740
18.040
18.330
18.640
18.930
19.230
19.530
19.840
20.140
20.440
20.740
21.040
21.340
21.630
21.930
22.250
22.560
22.850
23.150
23.450
23.760
24.060
24.350
24.660
24.960
25.250
25.560
25.860
26.160
26.450
26.750
27.050
27.350
27.650
27.950
28.270
28.570
28.870
29.170
29.480
29.770
30.080
30.380
30.680
30.980
31.280
31.570
31.880
32.180
32.480
32.780
33.070
33.370
33.690
33.980
34.280
34.580
34.880
35.180
35.490
35.790
36.090
36.390
36.680
36.970
37.260
37.570
37.880
38.190
38.490
38.800
39.110
39.420
39.710
