0.220
0.590
0.930
1.270
1.640
1.990
2.330
2.670
3.020
3.380
3.720
4.080
4.430
4.790
5.140
5.490
5.830
6.180
6.540
6.880
7.230
7.580
7.930
8.280
8.640
8.990
9.330
9.680
10.030
10.390
10.740
11.090
11.430
11.790
12.140
12.480
12.830
13.190
13.530
13.880
14.230
14.590
14.930
15.290
15.630
15.990
16.330
16.680
17.030
17.380
17.730
18.090
18.430
18.790
19.130
19.480
19.840
20.200
20.530
20.890
21.240
21.590
21.930
22.280
22.640
23.000
23.330
23.690
24.040
24.400
24.730
25.080
25.440
25.800
26.130
26.490
26.840
27.200
27.530
27.890
28.240
28.600
28.930
29.290
29.640
30.000
30.340
30.680
31.040
31.400
31.730
32.100
32.450
32.800
33.130
33.500
33.840
34.200
34.540
34.890
35.250
35.580
35.940
36.290
36.650
37.000
37.340
37.700
38.050
38.400
38.740
39.090
39.450
39.800
