0.320
0.710
1.080
1.470
1.840
2.240
2.620
3.000
3.380
3.760
4.140
4.530
4.920
5.310
5.680
6.070
6.470
6.850
7.250
7.640
8.020
8.400
8.780
9.160
9.540
9.930
10.310
10.690
11.080
11.460
11.840
12.220
12.590
12.970
13.350
13.720
14.100
14.480
14.870
15.260
15.640
16.020
16.390
16.770
17.150
17.540
17.950
18.330
18.710
19.100
19.470
19.860
20.230
20.620
21.000
21.380
21.760
22.140
22.520
22.890
23.280
23.660
24.040
24.410
24.790
25.160
25.540
25.920
26.300
26.690
27.070
27.440
27.820
28.190
28.550
28.940
29.310
29.660
30.050
