0.050
0.350
0.660
0.950
1.250
1.550
1.860
2.160
2.460
2.750
3.060
3.370
3.680
3.980
4.290
4.600
4.900
5.200
5.510
5.800
6.100
6.400
6.710
7.010
7.300
7.600
7.910
8.220
8.520
8.830
9.140
9.440
9.740
10.040
10.340
10.650
10.950
11.250
11.540
11.850
12.140
12.450
12.760
13.070
13.380
13.680
13.990
14.290
14.590
14.890
15.190
15.500
15.790
16.100
16.400
16.700
17.000
17.300
17.610
17.910
18.220
18.530
18.840
19.140
19.440
19.740
20.040
20.350
20.640
20.950
21.250
21.550
21.850
22.170
22.470
22.790
23.080
23.380
23.690
23.990
24.280
24.580
24.890
25.190
25.490
25.790
26.100
26.410
26.710
27.030
27.330
27.630
27.930
28.240
28.540
28.840
29.140
29.440
29.740
30.030
