0.080
0.490
0.890
1.290
1.700
2.100
2.490
2.880
3.260
3.650
4.030
4.430
4.830
5.220
5.600
5.990
6.370
6.760
7.150
7.560
7.950
8.360
8.750
9.150
9.520
9.910
10.320
10.690
11.090
11.490
11.870
12.270
12.640
13.030
13.420
13.830
14.220
14.620
15.010
15.400
15.770
16.170
16.560
16.950
17.340
17.740
18.130
18.520
18.890
19.280
19.700
20.080
20.500
20.890
21.280
21.700
22.100
22.480
22.880
23.280
23.680
24.090
24.490
24.890
25.270
25.650
26.060
26.460
26.860
27.270
27.670
28.050
28.450
28.850
29.250
29.650
30.050
