0.180
0.570
0.960
1.340
1.730
2.120
2.520
2.920
3.310
3.720
4.140
4.550
4.970
5.380
5.780
6.200
6.600
7.000
7.380
7.770
8.150
8.550
8.950
9.330
9.730
10.140
10.520
10.910
11.290
11.680
12.070
12.460
12.850
13.250
13.650
14.040
14.430
14.820
15.210
15.580
15.990
16.360
16.750
17.140
17.530
17.920
18.330
18.710
19.110
19.510
19.900
20.300
20.710
21.100
21.510
21.900
22.300
22.710
23.100
23.490
23.890
24.280
24.670
25.070
25.470
25.850
26.230
26.640
27.020
27.420
27.810
28.210
28.610
29.010
29.410
29.820
