0.020
0.400
0.810
1.210
1.610
2.020
2.430
2.820
3.220
3.640
4.040
4.430
4.840
5.250
5.660
6.060
6.470
6.880
7.300
7.690
8.090
8.500
8.910
9.310
9.700
10.110
10.500
10.920
11.320
11.730
12.130
12.530
12.930
13.340
13.740
14.140
14.540
14.950
15.360
15.760
16.160
16.560
16.980
17.380
17.780
18.190
18.580
18.990
19.390
19.800
20.200
20.610
21.020
21.430
21.840
22.250
22.650
23.060
23.470
23.870
24.280
24.690
25.100
25.500
25.900
26.300
26.710
27.110
27.520
27.930
28.330
28.740
29.140
29.550
29.960
