0.000
0.320
0.640
0.960
1.280
1.600
1.910
2.240
2.560
2.880
3.200
3.520
3.840
4.150
4.480
4.800
5.110
5.430
5.760
6.080
6.400
6.710
7.030
7.350
7.680
7.990
8.310
8.630
8.950
9.260
9.570
9.890
10.220
10.540
10.860
11.180
11.500
11.810
12.140
12.460
12.780
13.100
13.410
13.730
14.050
14.370
14.700
15.020
15.340
15.660
15.980
16.290
16.620
16.940
17.250
17.570
17.900
18.220
18.540
18.860
19.170
19.500
19.810
20.140
20.450
20.780
21.100
21.410
21.730
22.050
22.370
22.690
23.010
23.320
23.630
23.950
24.260
24.580
24.900
25.220
25.530
25.860
26.170
26.490
26.810
27.130
27.450
27.770
28.080
28.400
28.710
29.020
29.330
29.640
29.950
