0.140
0.560
0.970
1.390
1.800
2.240
2.620
3.020
3.430
3.820
4.230
4.650
5.060
5.450
5.870
6.260
6.660
7.080
7.480
7.870
8.260
8.660
9.060
9.470
9.870
10.270
10.670
11.080
11.480
11.910
12.310
12.710
13.110
13.500
13.900
14.320
14.720
15.120
15.520
15.920
16.300
16.720
17.120
17.500
17.900
18.300
18.700
19.110
19.510
19.910
20.300
20.720
21.120
21.520
21.920
22.310
22.690
23.070
23.470
23.870
24.270
24.680
25.080
25.480
25.890
26.290
26.670
27.070
27.450
27.840
28.240
28.650
29.050
29.460
29.850
