0.020
0.360
0.720
1.100
1.470
1.840
2.200
2.590
2.940
3.310
3.690
4.060
4.420
4.810
5.170
5.540
5.930
6.310
6.680
7.030
7.380
7.750
8.120
8.490
8.850
9.220
9.590
9.970
10.340
10.720
11.080
11.460
11.830
12.210
12.580
12.950
13.320
13.680
14.060
14.430
14.800
15.170
15.520
15.890
16.270
16.630
17.000
17.370
17.750
18.120
18.490
18.870
19.240
19.610
19.980
20.360
20.720
21.090
21.450
21.830
22.200
22.570
22.930
23.310
23.680
24.060
24.430
24.800
25.170
25.540
25.910
26.280
26.650
27.000
27.390
27.750
28.110
28.470
28.810
29.190
29.540
29.900
