0.150
0.480
0.810
1.150
1.480
1.800
2.130
2.450
2.770
3.090
3.430
3.750
4.090
4.420
4.740
5.070
5.400
5.720
6.070
6.400
6.730
7.050
7.390
7.710
8.040
8.360
8.700
9.020
9.350
9.690
10.010
10.320
10.650
10.970
11.310
11.640
11.960
12.290
12.610
12.930
13.250
13.570
13.910
14.230
14.570
14.890
15.220
15.550
15.880
16.200
16.550
16.880
17.210
17.540
17.860
18.200
18.520
18.840
19.180
19.500
19.830
20.140
20.460
20.790
21.130
21.450
21.780
22.110
22.440
22.780
23.090
23.420
23.740
24.060
24.390
24.720
25.050
25.370
25.700
26.030
26.360
26.690
27.030
27.370
27.700
28.020
28.350
28.680
29.000
29.330
29.660
30.000
