0.070
0.440
0.810
1.170
1.540
1.910
2.280
2.630
3.000
3.370
3.730
4.090
4.460
4.830
5.200
5.560
5.920
6.290
6.660
7.020
7.390
7.750
8.120
8.480
8.860
9.230
9.590
9.950
10.320
10.680
11.050
11.400
11.770
12.140
12.510
12.860
13.240
13.610
13.980
14.330
14.710
15.070
15.430
15.800
16.170
16.540
16.910
17.260
17.630
17.990
18.360
18.720
19.090
19.460
19.830
20.200
20.560
20.930
21.300
21.660
22.030
22.400
22.780
23.140
23.510
23.880
24.240
24.600
24.970
25.340
25.710
26.070
26.440
26.810
27.170
27.530
27.910
28.280
28.650
29.010
29.390
29.740
