0.300
0.680
1.060
1.450
1.830
2.200
2.580
2.970
3.350
3.740
4.120
4.510
4.890
5.280
5.670
6.050
6.440
6.810
7.190
7.580
7.970
8.340
8.730
9.110
9.490
9.870
10.250
10.640
11.020
11.390
11.780
12.170
12.550
12.930
13.310
13.690
14.090
14.460
14.850
15.240
15.620
16.000
16.390
16.770
17.160
17.540
17.920
18.300
18.690
19.070
19.460
19.840
20.220
20.600
20.980
21.370
21.750
22.140
22.530
22.910
23.300
23.680
24.050
24.430
24.820
25.210
25.590
25.960
26.350
26.730
27.110
27.500
27.880
28.260
28.640
29.020
29.420
29.810
