0.030
0.410
0.800
1.180
1.570
1.960
2.360
2.740
3.130
3.510
3.900
4.280
4.670
5.060
5.450
5.830
6.220
6.600
7.000
7.370
7.750
8.140
8.530
8.910
9.290
9.680
10.070
10.450
10.840
11.230
11.630
12.010
12.400
12.780
13.170
13.540
13.930
14.320
14.720
15.110
15.490
15.880
16.270
16.650
17.040
17.430
17.820
18.200
18.580
18.980
19.360
19.740
20.130
20.510
20.920
21.300
21.680
22.070
22.460
22.840
23.220
23.600
24.000
24.390
24.770
25.160
25.540
25.920
26.310
26.680
27.080
27.460
27.840
28.230
28.610
28.990
29.380
29.760
