0.290
0.660
1.030
1.400
1.770
2.150
2.520
2.890
3.270
3.640
4.020
4.380
4.750
5.120
5.490
5.870
6.240
6.600
6.980
7.350
7.720
8.100
8.480
8.850
9.220
9.590
9.960
10.340
10.710
11.070
11.450
11.820
12.190
12.560
12.930
13.300
13.670
14.040
14.410
14.770
15.140
15.510
15.880
16.250
16.620
16.990
17.350
17.720
18.090
18.460
18.830
19.200
19.570
19.940
20.310
20.670
21.050
21.420
21.790
22.160
22.530
22.900
23.270
23.640
24.010
24.380
24.750
25.120
25.490
25.850
26.230
26.590
26.960
27.330
27.690
28.050
28.420
28.780
29.150
29.510
29.870
