0.170
0.470
0.770
1.070
1.370
1.670
1.970
2.270
2.570
2.880
3.170
3.480
3.770
4.080
4.370
4.670
4.970
5.280
5.570
5.870
6.170
6.480
6.770
7.070
7.370
7.670
7.970
8.290
8.600
8.900
9.210
9.520
9.810
10.110
10.410
10.710
11.010
11.320
11.610
11.920
12.210
12.520
12.810
13.120
13.420
13.720
14.010
14.320
14.620
14.920
15.210
15.520
15.810
16.110
16.410
16.700
16.980
17.280
17.570
17.870
18.170
18.470
18.770
19.070
19.370
19.670
19.980
20.270
20.570
20.880
21.180
21.480
21.770
22.080
22.380
22.680
22.970
23.280
23.580
23.880
24.170
24.480
24.780
25.080
25.370
25.680
25.980
26.280
26.570
26.880
27.180
27.480
27.770
28.080
28.380
28.680
28.970
29.280
29.570
29.880
