0.070
0.440
0.820
1.180
1.560
1.910
2.280
2.650
3.040
3.390
3.750
4.130
4.470
4.850
5.200
5.570
5.930
6.290
6.650
7.010
7.370
7.710
8.090
8.430
8.750
9.060
9.380
9.700
10.040
10.390
10.750
11.090
11.450
11.790
12.160
12.490
12.850
13.200
13.560
13.900
14.250
14.600
14.950
15.310
15.650
16.020
16.390
16.720
17.070
17.410
17.740
18.080
18.410
18.760
19.090
19.430
19.780
20.110
20.460
20.820
21.160
21.520
21.850
22.200
22.530
22.860
23.200
23.540
23.880
24.210
24.540
24.850
25.140
25.440
25.740
26.050
26.350
26.630
26.920
27.210
27.500
27.790
28.090
28.370
28.660
28.950
29.250
29.540
29.830
