0.330
0.710
1.100
1.470
1.870
2.250
2.640
3.020
3.420
3.800
4.180
4.570
4.960
5.330
5.720
6.100
6.490
6.880
7.270
7.650
8.040
8.430
8.820
9.200
9.580
9.970
10.370
10.740
11.140
11.520
11.900
12.280
12.670
13.050
13.430
13.800
14.190
14.580
14.960
15.340
15.740
16.110
16.500
16.880
17.270
17.650
18.040
18.420
18.820
19.210
19.600
19.980
20.370
20.750
21.140
21.520
21.900
22.280
22.670
23.050
23.430
23.820
24.210
24.590
24.980
25.370
25.760
26.150
26.550
26.930
27.330
27.710
28.110
28.490
28.880
29.270
29.660
30.050
