0.350
0.740
1.140
1.540
1.920
2.310
2.700
3.090
3.490
3.880
4.250
4.650
5.050
5.430
5.820
6.210
6.600
6.970
7.360
7.760
8.150
8.540
8.930
9.320
9.720
10.110
10.500
10.880
11.260
11.650
12.040
12.440
12.830
13.230
13.630
14.040
14.440
14.830
15.230
15.650
16.060
16.450
16.870
17.270
17.680
18.070
18.470
18.870
19.270
19.660
20.070
20.480
20.870
21.260
21.680
22.090
22.490
22.900
23.320
23.730
24.130
24.540
24.950
25.350
25.750
26.150
26.560
26.970
27.370
27.760
28.150
28.550
28.970
29.370
29.770
