0.090
0.390
0.680
0.990
1.280
1.580
1.880
2.190
2.490
2.790
3.090
3.390
3.700
4.000
4.310
4.620
4.940
5.250
5.560
5.870
6.160
6.470
6.760
7.060
7.360
7.660
7.960
8.260
8.560
8.860
9.160
9.470
9.760
10.060
10.360
10.670
10.970
11.270
11.570
11.870
12.170
12.470
12.760
13.070
13.370
13.660
13.960
14.260
14.560
14.860
15.160
15.470
15.760
16.070
16.360
16.670
16.960
17.270
17.570
17.870
18.160
18.470
18.770
19.060
19.370
19.680
19.980
20.300
20.600
20.910
21.220
21.530
21.840
22.150
22.460
22.780
23.090
23.380
23.680
23.990
24.280
24.590
24.880
25.190
25.480
25.780
26.080
26.380
26.680
26.980
27.280
27.580
27.890
28.190
28.490
28.790
29.090
29.390
29.690
29.990
