0.020
0.440
0.840
1.260
1.660
2.070
2.470
2.880
3.280
3.690
4.080
4.500
4.900
5.310
5.710
6.130
6.530
6.950
7.350
7.760
8.160
8.560
8.970
9.380
9.770
10.180
10.580
11.000
11.400
11.810
12.210
12.620
13.020
13.420
13.830
14.240
14.640
15.050
15.450
15.870
16.260
16.680
17.070
17.480
17.880
18.290
18.690
19.090
19.480
19.900
20.290
20.700
21.100
21.500
21.900
22.300
22.710
23.110
23.520
23.930
24.330
24.740
25.140
25.560
25.960
26.380
26.790
27.200
27.620
28.020
28.420
28.840
29.230
29.640
30.040
