0.030
0.390
0.740
1.100
1.460
1.820
2.180
2.530
2.900
3.260
3.620
3.970
4.340
4.700
5.060
5.430
5.790
6.140
6.510
6.860
7.220
7.570
7.940
8.300
8.660
9.020
9.380
9.730
10.090
10.450
10.800
11.160
11.520
11.870
12.230
12.590
12.950
13.300
13.670
14.020
14.380
14.740
15.100
15.450
15.810
16.170
16.530
16.880
17.240
17.600
17.960
18.310
18.670
19.030
19.390
19.740
20.100
20.450
20.800
21.150
21.510
21.870
22.220
22.570
22.930
23.280
23.640
24.000
24.360
24.710
25.060
25.420
25.770
26.130
26.480
26.840
27.190
27.550
27.900
28.260
28.620
28.980
29.330
29.680
30.030
