0.270
0.660
1.030
1.430
1.820
2.200
2.590
3.000
3.390
3.780
4.160
4.550
4.950
5.330
5.720
6.110
6.500
6.880
7.280
7.670
8.070
8.440
8.830
9.220
9.600
10.000
10.370
10.780
11.170
11.550
11.940
12.330
12.730
13.090
13.480
13.880
14.270
14.640
15.030
15.430
15.820
16.200
16.590
16.990
17.380
17.770
18.160
18.550
18.950
19.330
19.730
20.110
20.500
20.890
21.290
21.680
22.070
22.460
22.850
23.250
23.640
24.020
24.410
24.820
25.220
25.610
25.990
26.380
26.770
27.170
27.560
27.960
28.350
28.740
29.120
29.540
29.940
