0.050
0.460
0.860
1.270
1.660
2.060
2.450
2.860
3.270
3.660
4.050
4.450
4.860
5.250
5.650
6.070
6.460
6.860
7.250
7.650
8.050
8.450
8.850
9.260
9.660
10.060
10.450
10.850
11.260
11.670
12.070
12.470
12.870
13.260
13.650
14.060
14.450
14.860
15.250
15.660
16.060
16.460
16.860
17.270
17.660
18.060
18.460
18.870
19.270
19.660
20.060
20.460
20.840
21.240
21.640
22.040
22.440
22.850
23.250
23.660
24.060
24.460
24.850
25.260
25.650
26.070
26.470
26.880
27.280
27.670
28.070
28.480
28.870
29.280
29.670
