0.010
0.360
0.730
1.100
1.480
1.840
2.220
2.580
2.960
3.330
3.700
4.070
4.430
4.800
5.180
5.530
5.890
6.260
6.630
7.000
7.370
7.740
8.110
8.480
8.850
9.220
9.560
9.920
10.280
10.660
11.030
11.380
11.750
12.120
12.500
12.870
13.250
13.620
13.990
14.360
14.730
15.100
15.460
15.810
16.170
16.520
16.890
17.270
17.640
18.020
18.390
18.770
19.150
19.520
19.900
20.270
20.660
21.030
21.400
21.770
22.150
22.520
22.890
23.260
23.640
24.020
24.400
24.770
25.140
25.510
25.880
26.250
26.630
27.000
27.370
27.750
28.110
28.470
28.820
29.180
29.540
29.910
