0.320
0.700
1.080
1.450
1.840
2.210
2.590
2.960
3.360
3.740
4.120
4.490
4.880
5.260
5.640
6.010
6.390
6.780
7.160
7.530
7.920
8.290
8.670
9.050
9.430
9.810
10.190
10.560
10.960
11.330
11.710
12.080
12.470
12.860
13.230
13.610
14.000
14.370
14.740
15.120
15.520
15.890
16.280
16.640
17.050
17.420
17.800
18.170
18.570
18.950
19.320
19.690
20.070
20.470
20.840
21.210
21.600
21.990
22.370
22.730
23.130
23.510
23.890
24.250
24.650
25.030
25.410
25.770
26.170
26.540
26.920
27.290
27.690
28.070
28.440
28.810
29.210
29.580
29.950
