0.060
0.460
0.850
1.240
1.630
2.030
2.430
2.820
3.220
3.620
4.010
4.400
4.800
5.190
5.600
5.980
6.390
6.780
7.170
7.570
7.970
8.360
8.760
9.150
9.550
9.930
10.330
10.710
11.110
11.510
11.910
12.300
12.700
13.100
13.500
13.880
14.290
14.680
15.070
15.460
15.860
16.250
16.640
17.040
17.430
17.830
18.230
18.620
19.020
19.410
19.810
20.200
20.600
20.990
21.400
21.780
22.190
22.590
22.990
23.390
23.790
24.170
24.570
24.970
25.370
25.760
26.160
26.550
26.950
27.340
27.740
28.130
28.520
28.920
29.310
29.700
