0.020
0.390
0.770
1.160
1.550
1.910
2.270
2.620
2.970
3.350
3.700
4.070
4.440
4.810
5.180
5.560
5.920
6.280
6.650
7.030
7.390
7.730
8.120
8.480
8.840
9.230
9.600
9.960
10.330
10.700
11.080
11.450
11.810
12.180
12.550
12.920
13.280
13.650
14.020
14.390
14.750
15.110
15.490
15.840
16.210
16.570
16.920
17.280
17.650
18.000
18.350
18.730
19.070
19.440
19.800
20.170
20.540
20.910
21.270
21.630
22.000
22.360
22.720
23.090
23.440
23.800
24.160
24.510
24.880
25.230
25.600
25.950
26.320
26.690
27.050
27.400
27.760
28.130
28.480
28.840
29.210
29.550
29.930
