0.230
0.610
0.990
1.360
1.740
2.110
2.490
2.870
3.260
3.630
4.020
4.400
4.790
5.170
5.550
5.930
6.310
6.670
7.050
7.430
7.820
8.210
8.590
8.970
9.340
9.710
10.090
10.480
10.860
11.260
11.640
12.010
12.400
12.790
13.170
13.550
13.920
14.300
14.680
15.050
15.420
15.790
16.180
16.540
16.920
17.280
17.660
18.030
18.400
18.760
19.140
19.500
19.870
20.240
20.610
20.980
21.350
21.720
22.080
22.450
22.820
23.180
23.550
23.930
24.300
24.670
25.030
25.400
25.780
26.150
26.520
26.880
27.240
27.600
27.990
28.350
28.730
29.090
29.450
29.820
