0.070
0.470
0.870
1.260
1.650
2.030
2.390
2.770
3.150
3.530
3.930
4.350
4.740
5.150
5.550
5.950
6.340
6.740
7.150
7.530
7.930
8.340
8.740
9.130
9.530
9.930
10.330
10.730
11.130
11.530
11.930
12.330
12.730
13.130
13.530
13.930
14.310
14.710
15.110
15.500
15.900
16.310
16.700
17.100
17.490
17.890
18.290
18.710
19.110
19.510
19.910
20.310
20.710
21.100
21.490
21.890
22.290
22.690
23.080
23.480
23.850
24.240
24.630
25.020
25.430
25.820
26.210
26.600
26.990
27.390
27.770
28.170
28.580
28.970
29.370
29.790
