0.230
0.600
0.970
1.350
1.720
2.090
2.450
2.820
3.190
3.560
3.940
4.310
4.680
5.050
5.420
5.790
6.160
6.510
6.900
7.260
7.640
7.990
8.370
8.740
9.120
9.480
9.850
10.230
10.600
10.970
11.330
11.710
12.070
12.440
12.800
13.170
13.540
13.910
14.280
14.660
15.020
15.400
15.760
16.130
16.490
16.860
17.230
17.600
17.960
18.340
18.700
19.080
19.440
19.800
20.180
20.540
20.910
21.270
21.640
22.010
22.370
22.750
23.110
23.480
23.850
24.220
24.590
24.970
25.340
25.720
26.090
26.460
26.820
27.210
27.570
27.950
28.310
28.690
29.050
29.430
29.800
