0.250
0.730
1.210
1.690
2.170
2.650
3.130
3.610
4.090
4.570
5.050
5.530
6.010
6.490
6.970
7.450
7.930
8.410
8.890
9.370
9.850
10.330
10.810
11.290
11.770
12.250
12.730
13.210
13.700
14.170
14.650
15.130
15.610
16.100
16.570
17.050
17.530
18.020
18.490
18.970
19.450
19.930
20.410
20.890
21.380
21.860
22.340
22.810
23.290
23.780
24.250
24.730
25.220
25.690
26.170
26.640
27.130
27.620
28.090
28.570
29.050
29.540
30.010
30.490
30.970
31.450
31.930
32.410
32.900
33.380
33.850
34.330
34.810
35.290
35.770
36.250
36.730
37.220
37.700
38.170
38.650
39.140
39.610
40.090
40.570
41.050
41.650
42.240
42.730
43.210
43.690
44.160
44.650
45.120
45.610
46.080
46.570
47.040
47.520
48.000
48.490
48.960
49.440
49.930
50.410
50.880
51.370
51.860
52.320
52.810
53.300
53.770
54.260
54.730
55.220
55.700
56.180
56.650
57.140
57.620
58.100
58.570
59.060
59.530
60.010
60.490
60.980
61.450
61.930
62.410
62.900
63.370
63.850
64.330
64.810
65.290
65.770
66.250
66.730
67.210
67.690
68.170
68.650
69.130
69.610
70.090
70.570
71.050
71.530
72.010
72.490
72.970
73.450
73.930
74.410
74.890
75.370
75.850
76.330
76.810
77.290
77.770
78.250
78.730
79.220
79.700
80.170
80.650
81.130
81.620
82.090
82.570
83.050
83.520
84.010
84.490
84.970
85.450
85.930
86.410
86.890
87.370
87.850
88.330
88.810
89.300
89.770
90.250
90.730
91.210
91.690
92.170
92.650
93.130
93.610
94.090
94.570
95.050
95.530
96.010
96.490
96.980
97.460
97.930
98.410
98.880
99.360
99.850
100.330
100.810
101.290
101.770
102.250
102.700
103.120
103.570
104.060
104.530
105.020
105.500
105.970
106.460
106.940
107.410
107.900
108.380
108.880
109.420
109.920
110.400
110.890
111.370
111.850
112.330
112.810
113.290
113.770
114.240
114.720
115.200
115.680
116.160
116.640
117.120
117.600
118.080
118.560
119.040
119.520
120.000
