0.170
0.600
1.030
1.460
1.880
2.310
2.740
3.170
3.600
4.030
4.460
4.880
5.310
5.740
6.170
6.600
7.030
7.460
7.880
8.310
8.740
9.170
9.600
10.030
10.460
10.880
11.310
11.740
12.170
12.600
13.030
13.460
13.890
14.310
14.740
15.170
15.600
16.030
16.460
16.890
17.310
17.740
18.170
18.600
19.030
19.460
19.890
20.310
20.740
21.170
21.600
22.030
22.460
22.890
23.310
23.750
24.170
24.600
25.150
25.670
26.310
27.170
28.030
28.890
29.740
30.600
31.460
32.320
33.170
34.030
34.890
35.740
36.600
37.460
38.310
39.170
40.030
40.890
41.740
42.600
43.460
44.320
45.170
46.030
46.890
47.740
48.600
49.450
50.320
51.180
52.030
52.890
53.740
54.600
55.460
56.320
57.170
58.030
58.890
59.740
60.600
61.460
62.320
63.170
64.030
64.890
65.750
66.600
67.460
68.320
69.170
70.030
70.890
71.750
72.600
73.460
74.320
75.170
76.030
76.890
77.740
78.600
79.460
80.320
81.170
82.030
82.890
83.530
83.960
84.390
84.820
85.240
85.670
86.100
86.530
86.960
87.390
87.810
88.250
88.670
89.100
89.530
89.960
90.390
90.820
91.240
91.670
92.100
92.530
92.960
93.390
93.810
94.250
94.670
95.100
95.530
95.960
96.390
96.820
97.240
97.670
98.100
98.530
98.950
99.390
99.810
100.250
100.670
101.100
101.530
101.960
102.380
102.810
103.240
103.670
104.100
104.530
104.960
105.390
105.810
106.240
106.670
107.100
107.530
107.960
108.390
108.820
109.240
109.670
110.100
110.530
110.960
111.390
111.820
112.240
112.670
113.100
113.530
113.960
114.380
114.820
115.240
115.670
116.100
116.530
116.960
117.390
117.810
118.250
118.670
119.100
119.530
119.960
