0.590
1.550
2.510
3.470
4.410
5.370
6.380
7.300
8.300
9.220
10.220
11.180
12.160
13.180
14.160
15.050
15.990
16.820
17.680
18.550
19.360
20.220
20.910
21.660
22.340
23.080
23.760
24.490
25.210
25.900
26.590
27.300
28.060
28.850
29.620
30.450
31.250
32.050
32.820
33.660
34.420
35.240
36.060
36.860
37.640
38.440
39.230
40.030
40.840
41.660
42.460
43.240
44.060
44.820
45.680
46.660
47.620
48.570
49.560
50.580
51.580
52.520
53.540
54.480
55.480
56.440
57.460
58.440
59.440
60.510
61.510
62.450
63.390
64.350
65.300
66.310
67.260
68.370
69.430
70.510
71.620
72.710
73.830
74.890
75.960
77.090
78.160
79.260
