0.320
0.750
1.180
1.600
2.030
2.460
2.890
3.320
3.750
4.170
4.610
5.030
5.460
5.890
6.320
6.740
7.170
7.600
8.030
8.460
8.890
9.320
9.750
10.170
10.600
11.030
11.470
11.890
12.320
12.750
13.180
13.610
14.030
14.460
14.890
15.310
15.750
16.170
16.600
17.030
17.460
17.890
18.330
18.960
19.600
20.250
20.860
21.510
22.150
22.800
23.420
24.080
24.720
25.390
26.110
26.750
27.460
28.150
28.830
29.520
30.220
30.910
31.600
32.310
32.990
33.730
34.390
35.040
35.680
36.380
37.060
37.740
38.460
39.160
39.830
40.510
41.190
41.900
42.540
43.260
43.940
44.650
45.310
46.030
46.690
47.410
48.070
48.710
49.390
49.820
50.260
50.680
51.100
51.530
51.980
52.390
52.820
53.250
53.680
54.100
54.530
54.960
55.390
55.820
56.250
56.680
57.110
57.530
57.960
58.390
58.830
59.250
59.680
60.100
60.540
60.960
61.390
61.820
62.250
62.680
63.100
63.530
63.970
64.390
64.820
65.250
65.680
66.110
66.530
66.960
67.400
67.820
68.250
68.680
69.110
69.530
69.960
70.390
70.830
71.250
71.680
72.100
72.540
72.960
73.390
73.820
74.250
74.680
75.110
75.530
75.970
76.400
76.820
77.250
77.680
78.110
78.530
78.960
79.400
79.820
80.250
80.680
81.110
81.530
81.960
82.390
82.820
83.250
83.670
84.110
84.540
84.970
85.390
85.820
86.250
86.680
87.110
87.530
87.970
88.390
88.820
89.250
89.680
90.110
90.540
90.960
91.400
91.820
92.250
92.680
93.120
93.540
93.960
94.390
94.830
95.250
95.680
96.110
96.540
96.960
97.390
97.820
98.260
98.680
99.110
99.530
99.970
100.390
100.820
101.250
101.680
102.110
102.540
102.970
103.400
103.830
104.250
104.680
105.120
105.540
105.970
106.390
106.820
107.250
107.680
108.110
108.540
108.960
109.390
109.820
110.260
110.680
111.110
111.530
111.980
112.390
112.820
113.250
113.690
114.110
114.540
114.960
115.400
115.820
116.250
116.680
117.110
117.540
117.960
118.390
118.840
119.250
119.680
120.090
