0.060
0.480
0.900
1.340
1.760
2.190
2.620
3.050
3.480
3.900
4.330
4.760
5.190
5.620
6.050
6.480
6.920
7.340
7.760
8.190
8.620
9.050
9.470
9.900
10.340
10.760
11.190
11.620
12.040
12.480
12.900
13.330
13.770
14.200
14.620
15.050
15.480
15.910
16.330
16.760
17.200
17.610
18.050
18.470
18.900
19.330
19.750
20.190
20.630
21.050
21.480
21.910
22.330
22.770
23.190
23.620
24.050
24.480
24.910
25.330
25.760
26.180
26.620
27.050
27.490
27.910
28.330
28.770
29.190
29.620
30.040
30.470
30.910
31.330
31.760
32.190
32.620
33.040
33.470
33.900
34.340
34.770
35.190
35.620
36.040
36.490
36.900
37.330
37.770
38.190
38.620
39.040
39.470
39.900
40.330
40.760
41.200
41.620
42.050
42.480
42.900
43.330
43.760
44.190
44.620
45.040
45.470
45.910
46.330
46.760
47.190
47.620
48.060
48.490
48.910
49.340
49.760
50.210
50.620
51.040
51.480
51.900
52.340
52.760
53.190
53.630
54.050
54.480
54.920
55.350
55.760
56.200
56.620
57.050
57.480
57.910
58.340
58.760
59.190
59.620
60.050
60.490
60.900
61.330
61.770
62.190
62.620
63.050
63.470
63.920
64.330
64.760
65.200
65.620
66.050
66.470
66.900
67.330
67.760
68.190
68.630
69.050
69.480
69.910
70.330
70.760
71.190
71.610
72.050
72.470
72.890
73.340
73.760
74.190
74.630
75.040
75.490
75.910
76.330
76.760
77.190
77.640
78.040
78.470
78.910
79.330
79.760
80.180
80.620
81.040
81.470
81.900
82.340
82.760
83.190
83.620
84.040
84.480
84.900
85.330
85.770
86.200
86.620
87.050
87.480
87.930
88.380
88.830
89.280
89.740
90.200
90.680
91.130
91.600
92.030
92.490
92.910
93.360
93.790
94.230
94.680
95.130
95.570
95.980
96.410
96.840
97.280
97.700
98.160
98.580
99.040
99.480
99.900
100.350
100.790
101.260
101.710
102.150
102.600
103.040
103.500
103.940
104.360
104.820
105.250
105.690
106.130
106.560
107.000
107.440
107.880
108.350
108.780
109.240
109.680
110.160
110.620
111.080
111.520
111.980
112.450
112.910
113.340
113.810
114.260
114.690
115.140
115.610
116.060
116.490
116.960
117.440
117.910
118.410
118.880
119.350
119.850
