0.070
0.750
1.440
2.150
2.830
3.510
4.200
4.890
5.580
6.270
6.960
7.650
8.340
9.030
9.720
10.410
11.100
11.790
12.480
13.170
13.860
14.550
15.240
15.930
16.620
17.300
18.000
18.680
19.380
20.060
20.750
21.450
22.130
22.820
23.510
24.190
24.890
25.580
26.270
26.960
27.650
28.340
29.030
29.720
30.410
31.100
31.790
32.480
33.170
33.860
34.550
35.240
35.930
36.610
37.310
37.990
38.690
39.370
40.060
40.750
41.440
42.130
42.820
43.510
44.200
44.890
45.580
46.270
46.960
47.630
48.320
49.020
49.690
50.410
51.140
51.910
52.660
53.420
54.160
54.890
55.590
56.300
56.980
57.650
58.350
59.070
59.730
60.420
61.110
61.790
62.480
63.170
63.860
64.550
65.250
65.930
66.620
67.320
68.000
68.710
69.380
70.060
70.760
71.460
72.140
72.830
73.520
74.210
74.890
75.590
76.270
76.960
77.650
78.340
79.030
79.720
80.410
81.100
81.790
82.480
83.170
83.860
84.550
85.240
85.930
86.620
87.310
88.000
88.690
89.380
90.070
90.760
91.450
92.150
92.830
93.510
94.210
94.910
95.590
96.280
96.970
97.650
98.320
98.990
99.720
100.410
101.100
101.790
102.480
103.170
103.860
104.550
105.240
105.750
106.100
106.440
106.790
107.130
107.480
107.830
108.170
108.510
108.860
109.200
109.550
109.890
110.240
110.580
110.930
111.270
111.620
111.960
112.300
112.650
113.000
113.330
113.680
114.020
114.370
114.720
115.060
115.400
115.760
116.100
116.440
116.790
117.130
117.480
117.820
118.170
118.510
118.860
119.200
119.550
119.890
