0.590
1.270
1.980
2.670
3.370
4.060
4.760
5.450
6.140
6.840
7.520
8.220
8.910
9.570
10.300
11.000
11.690
12.380
13.080
13.770
14.460
15.160
15.860
16.550
17.240
17.930
18.620
19.320
20.010
20.720
21.400
22.090
22.790
23.500
24.180
24.880
25.580
26.270
26.780
27.310
27.820
28.340
28.860
29.380
29.900
30.420
30.940
31.460
31.980
32.500
33.020
33.540
34.060
34.580
35.100
35.620
36.140
36.660
37.180
37.700
38.210
38.730
39.260
39.780
40.300
40.820
41.340
41.860
42.380
42.900
43.410
43.940
44.460
44.980
45.500
46.020
46.540
47.060
47.580
48.100
48.800
49.490
50.180
50.870
51.570
52.260
52.960
53.650
54.340
55.030
55.730
56.420
57.110
57.810
58.560
59.360
60.060
60.760
61.450
62.140
62.840
63.530
64.220
64.920
65.620
66.310
67.000
67.760
68.560
69.280
69.950
70.650
71.340
72.040
72.730
73.420
74.110
74.800
75.500
76.200
76.890
77.600
78.270
78.970
79.640
80.350
81.040
81.730
82.420
83.130
83.830
84.510
85.210
85.900
86.590
87.300
87.980
88.680
89.350
90.060
90.750
91.460
92.150
92.840
93.540
94.230
94.920
95.620
96.310
97.010
97.700
98.390
99.090
99.780
100.470
101.140
101.870
102.550
103.250
103.940
104.640
105.330
106.020
106.700
107.410
108.110
108.800
109.470
110.190
110.880
111.570
112.250
112.960
113.650
114.350
115.030
115.740
116.430
117.120
117.810
118.510
119.200
119.900
