0.150
0.570
1.000
1.440
1.870
2.280
2.720
3.140
3.570
4.000
4.440
4.870
5.300
5.710
6.140
6.570
7.000
7.420
7.850
8.290
8.700
9.140
9.570
10.000
10.430
10.850
11.280
11.720
12.140
12.570
13.000
13.430
13.870
14.300
14.710
15.160
15.570
16.010
16.440
16.850
17.260
17.700
18.140
18.570
19.000
19.410
19.860
20.280
20.700
21.140
21.570
22.000
22.420
22.860
23.280
23.710
24.130
24.570
25.000
25.420
25.840
26.270
26.710
27.140
27.580
28.010
28.430
28.860
29.280
29.710
30.140
30.570
31.000
31.430
31.850
32.280
32.710
33.140
33.570
34.000
34.430
34.850
35.280
35.710
36.140
36.570
37.000
37.430
37.860
38.280
38.710
39.140
39.570
40.000
40.430
40.850
41.280
41.710
42.140
42.570
43.000
43.420
43.860
44.280
44.710
45.140
45.570
46.000
46.430
46.850
47.290
47.710
48.140
48.560
49.000
49.430
49.860
50.290
50.720
51.140
51.580
52.000
52.430
52.850
53.280
53.710
54.140
54.570
55.000
55.420
55.860
56.290
56.710
57.130
57.570
58.000
58.440
58.860
59.280
59.710
60.150
60.570
61.000
61.430
61.840
62.280
62.710
63.140
63.570
64.000
64.430
64.860
65.280
65.710
66.140
66.570
67.000
67.430
67.850
68.280
68.720
69.140
69.570
70.010
70.430
70.860
71.290
71.710
72.150
72.570
73.010
73.440
73.870
74.280
74.700
75.140
75.570
76.000
76.410
76.860
77.270
77.710
78.140
78.570
79.000
79.420
79.860
80.290
80.710
81.140
81.570
82.000
82.430
82.850
83.280
83.720
84.130
84.570
85.000
85.430
85.860
86.280
86.720
87.160
87.580
88.000
88.410
88.860
89.280
89.710
90.130
90.580
90.990
91.430
91.850
92.280
92.710
93.140
93.570
94.000
94.420
94.850
95.280
95.710
96.140
96.570
97.000
97.430
97.850
98.280
98.710
99.140
99.570
100.000
100.430
100.850
101.290
101.710
102.140
102.570
103.000
103.420
103.860
104.280
104.710
105.140
105.570
106.000
106.430
106.850
107.280
107.710
108.140
108.570
108.990
109.430
109.850
110.280
110.710
111.150
111.580
112.000
112.430
112.860
113.290
113.710
114.160
114.580
115.010
115.430
115.840
116.280
116.710
117.140
117.570
118.010
118.420
118.860
119.280
119.710
