0.550
1.250
1.960
2.660
3.330
4.080
4.770
5.490
6.180
6.900
7.610
8.310
9.010
9.730
10.430
11.150
11.840
12.540
13.250
13.960
14.660
15.370
16.070
16.780
17.480
18.190
18.900
19.600
20.310
21.020
21.730
22.430
23.130
23.840
24.540
25.250
25.950
26.670
27.370
28.080
28.770
29.490
30.240
30.920
31.670
32.380
33.120
33.820
34.540
35.210
35.930
36.580
37.270
37.970
38.600
39.230
39.900
40.580
41.310
42.020
42.720
43.430
44.140
44.840
45.550
46.250
46.960
47.670
48.370
49.080
49.780
50.490
51.160
51.900
52.610
53.300
54.020
54.700
55.430
56.140
56.840
57.550
58.250
58.960
59.660
60.370
61.080
61.780
62.490
63.200
63.900
64.610
65.310
66.020
66.720
67.460
68.140
68.850
69.550
70.250
70.960
71.670
72.400
73.190
73.940
74.670
75.380
76.080
76.790
77.490
78.200
78.900
79.600
80.310
81.030
81.730
82.440
83.140
83.840
84.550
85.250
85.960
86.660
87.370
88.080
88.780
89.490
90.190
90.900
91.610
92.320
93.020
93.690
94.430
95.130
95.840
96.530
97.260
97.960
98.670
99.380
100.080
100.790
101.510
102.190
102.900
103.600
104.310
105.020
105.730
106.420
107.140
107.840
108.550
109.250
109.960
110.670
111.370
112.080
112.780
113.490
114.200
114.900
115.610
116.310
117.020
117.730
118.420
119.100
119.840
