0.180
0.590
0.990
1.410
1.880
2.330
2.770
3.210
3.660
4.120
4.530
4.940
5.350
5.760
6.230
6.680
7.120
7.560
8.010
8.480
8.880
9.300
9.700
10.110
10.660
11.200
11.740
12.290
12.830
13.380
13.900
14.460
15.010
15.550
16.100
16.640
17.190
17.730
18.270
18.820
19.360
19.910
20.450
21.000
21.540
22.080
22.630
23.170
23.720
24.260
24.800
25.350
25.890
26.440
26.980
27.520
28.070
28.610
29.160
29.700
30.250
30.790
31.340
31.880
32.420
32.970
33.510
34.060
34.600
35.140
35.690
36.230
36.780
37.320
37.870
38.410
38.950
39.500
40.040
40.590
41.130
41.670
42.220
42.770
43.310
43.850
44.400
44.940
45.480
46.030
46.570
47.120
47.660
48.210
48.750
49.300
49.840
50.380
50.930
51.470
52.020
52.560
53.100
53.650
54.190
54.740
55.280
55.830
56.370
56.910
57.460
58.000
58.550
59.090
59.630
60.180
60.720
61.270
61.810
62.360
62.900
63.440
63.990
64.530
65.080
65.620
66.170
66.710
67.250
67.800
68.340
68.890
69.430
69.980
70.520
71.060
71.610
72.150
72.700
73.240
73.780
74.330
74.870
75.420
75.960
76.510
77.050
77.590
78.140
78.680
79.230
79.770
80.320
80.860
81.400
81.950
82.490
83.040
83.580
84.130
84.670
85.220
85.770
86.300
86.850
87.390
87.940
88.480
89.010
89.420
89.840
90.250
90.690
91.150
91.590
92.020
92.450
92.890
93.350
93.780
94.190
94.620
95.060
95.520
95.950
96.370
96.790
97.230
97.690
98.130
98.550
98.990
99.430
99.890
100.310
100.730
101.160
101.590
102.040
102.470
102.900
103.310
103.740
104.200
104.640
105.080
105.500
105.940
106.400
106.840
107.260
107.700
108.140
108.600
109.020
109.430
109.840
110.280
110.740
111.180
111.610
112.040
112.480
112.940
113.370
113.790
114.210
114.650
115.110
115.550
115.970
116.410
116.850
117.310
117.730
118.140
118.540
118.950
119.350
119.770
