0.070
0.520
1.000
1.470
1.950
2.430
2.900
3.380
3.850
4.330
4.800
5.280
5.760
6.230
6.710
7.190
7.660
8.140
8.610
9.090
9.570
10.040
10.520
11.000
11.470
11.950
12.420
12.900
13.370
13.850
14.330
14.810
15.280
15.760
16.230
16.710
17.180
17.660
18.120
18.610
19.090
19.570
20.050
20.510
21.000
21.470
21.950
22.420
22.900
23.370
23.850
24.320
24.820
25.280
25.740
26.230
26.710
27.190
27.650
28.140
28.620
29.090
29.550
30.040
30.520
31.000
31.470
31.940
32.430
32.900
33.370
33.850
34.330
34.810
35.280
35.760
36.250
36.710
37.180
37.660
38.140
38.620
39.090
39.570
40.050
40.520
40.990
41.470
41.950
42.420
42.900
43.380
43.850
44.330
44.800
45.280
45.760
46.230
46.710
47.190
47.680
48.140
48.610
49.080
49.550
50.040
50.510
50.990
51.480
51.950
52.430
52.900
53.400
53.850
54.330
54.800
55.280
55.750
56.230
56.700
57.190
57.660
58.130
58.610
59.090
59.570
60.050
60.510
61.000
61.470
61.950
62.410
62.900
63.380
63.850
64.330
64.830
65.280
65.760
66.230
66.710
67.190
67.660
68.140
68.630
69.090
69.570
70.040
70.530
70.990
71.470
71.950
72.440
72.900
73.370
73.850
74.330
74.810
75.280
75.760
76.250
76.710
77.190
77.660
78.140
78.610
79.090
79.570
80.040
80.520
81.000
81.470
81.950
82.430
82.900
83.380
83.850
84.330
84.800
85.280
85.750
86.230
86.710
87.190
87.660
88.140
88.620
89.090
89.570
90.040
90.520
91.000
91.470
91.950
92.420
92.900
93.380
93.850
94.330
94.810
95.280
95.760
96.230
96.710
97.180
97.660
98.140
98.620
99.090
99.570
100.040
100.520
100.990
101.470
101.950
102.420
102.900
103.370
103.850
104.330
104.800
105.280
105.760
106.230
106.710
107.190
107.660
108.140
108.610
109.090
109.570
110.040
110.510
111.000
111.470
111.950
112.430
112.900
113.380
113.850
114.330
114.800
115.280
115.760
116.230
116.710
117.190
117.660
118.140
118.610
119.090
119.570
120.040
