0.310
0.660
1.000
1.350
1.690
2.040
2.380
2.730
3.070
3.420
3.760
4.110
4.450
4.800
5.140
5.490
5.830
6.180
6.520
6.860
7.210
7.550
7.900
8.240
8.590
8.940
9.280
9.620
9.970
10.310
10.660
11.000
11.350
11.690
12.040
12.380
12.720
13.070
13.420
13.760
14.110
14.450
14.800
15.140
15.480
15.830
16.180
16.520
16.860
17.210
17.550
17.900
18.240
18.590
18.930
19.280
19.620
19.970
20.310
20.660
21.000
21.350
21.690
22.040
22.380
22.730
23.070
23.420
23.760
24.110
24.450
24.800
25.140
25.490
25.830
26.180
26.520
26.870
27.210
27.560
27.900
28.250
28.590
28.940
29.280
29.620
29.970
30.310
30.660
31.000
31.350
31.690
32.030
32.380
32.730
33.220
33.730
34.200
34.730
35.330
35.880
36.460
37.050
37.720
38.350
38.980
39.620
40.280
41.000
41.700
42.380
43.040
43.760
44.450
45.140
45.800
46.520
47.180
47.900
48.560
49.270
49.950
50.670
51.400
52.140
52.840
53.540
54.300
54.920
55.580
56.270
56.960
57.650
58.280
58.930
59.540
60.140
60.670
61.230
61.790
62.310
62.900
63.460
63.990
64.550
65.110
65.640
66.190
66.750
67.310
67.840
68.410
68.990
69.540
70.080
70.580
70.980
71.350
71.710
72.050
72.400
72.740
73.090
73.440
73.780
74.110
74.470
74.810
75.160
75.490
75.850
76.180
76.520
76.870
77.210
77.550
77.900
78.250
78.590
78.930
79.280
79.620
79.970
80.310
80.660
81.000
81.350
81.690
82.040
82.380
82.730
83.070
83.420
83.760
84.110
84.450
84.790
85.140
85.480
85.830
86.180
86.520
86.870
87.210
87.560
87.900
88.240
88.590
88.930
89.280
89.620
89.970
90.310
90.660
91.000
91.350
91.690
92.040
92.380
92.720
93.070
93.420
93.760
94.110
94.450
94.800
95.140
95.480
95.830
96.170
96.520
96.860
97.210
97.550
97.900
98.240
98.580
98.930
99.280
99.620
99.970
100.310
100.660
101.000
101.350
101.690
102.040
102.380
102.730
103.070
103.420
103.760
104.110
104.450
104.800
105.140
105.490
105.830
106.180
106.520
106.870
107.210
107.550
107.900
108.240
108.590
108.930
109.280
109.630
109.970
110.310
110.660
111.000
111.340
111.690
112.030
112.380
112.730
113.070
113.420
113.760
114.100
114.450
114.790
115.140
115.490
115.830
116.170
116.520
116.860
117.210
117.550
117.900
118.240
118.590
118.930
119.280
119.620
119.970
