0.390
0.870
1.340
1.810
2.280
2.760
3.230
3.700
4.170
4.650
5.120
5.590
6.060
6.530
7.010
7.450
7.880
8.310
8.780
9.260
9.730
10.210
10.670
11.140
11.620
12.090
12.570
13.030
13.510
13.980
14.460
14.930
15.400
15.870
16.340
16.810
17.290
17.760
18.240
18.700
19.180
19.650
20.130
20.590
21.070
21.540
22.060
22.590
23.070
23.540
24.020
24.490
24.960
25.430
25.910
26.380
26.850
27.320
27.800
28.270
28.740
29.210
29.690
30.160
30.630
31.100
31.580
32.050
32.520
32.990
33.470
33.940
34.410
34.880
35.350
35.830
36.300
36.770
37.250
37.710
38.190
38.660
39.140
39.610
40.080
40.550
41.030
41.490
41.970
42.440
42.920
43.390
43.860
44.330
44.810
45.270
45.750
46.220
46.690
47.160
47.640
48.110
48.580
49.060
49.530
50.000
50.470
50.940
51.420
51.890
52.360
52.830
53.310
53.780
54.250
54.720
55.200
55.670
56.140
56.610
57.090
57.560
58.030
58.500
58.980
59.450
59.920
60.390
60.870
61.340
61.810
62.280
62.750
63.230
63.700
64.170
64.640
65.120
65.590
66.060
66.530
67.000
67.450
67.870
68.310
68.780
69.260
69.730
70.200
70.670
71.150
71.620
72.090
72.560
73.030
73.510
73.980
74.450
74.930
75.400
75.870
76.340
76.820
77.290
77.760
78.230
78.710
79.180
79.650
80.120
80.600
81.070
81.550
82.010
82.520
83.060
83.540
84.010
84.490
84.960
85.430
85.910
86.380
86.850
87.320
87.790
88.270
88.740
89.210
89.680
90.160
90.630
91.100
91.580
92.050
92.520
92.990
93.460
93.940
94.410
94.880
95.360
95.830
96.300
96.770
97.250
97.720
98.190
98.660
99.130
99.610
100.080
100.550
101.020
101.500
101.970
102.440
102.910
103.390
103.860
104.330
104.800
105.280
105.750
106.220
106.690
107.170
107.640
108.110
108.580
109.060
109.530
110.000
110.470
110.950
111.420
111.890
112.360
112.840
113.310
113.780
114.250
114.730
115.200
115.670
116.140
116.620
117.090
117.560
118.030
118.510
118.980
119.450
119.920
