0.330
0.760
1.190
1.620
2.050
2.480
2.900
3.330
3.760
4.190
4.620
5.050
5.480
5.910
6.340
6.770
7.190
7.630
8.050
8.480
8.910
9.340
9.770
10.200
10.620
11.060
11.480
11.910
12.340
12.780
13.200
13.630
14.060
14.490
14.920
15.350
15.770
16.210
16.630
17.060
17.490
17.920
18.350
18.780
19.210
19.640
20.060
20.490
20.920
21.360
21.780
22.210
22.640
23.070
23.500
23.930
24.350
24.790
25.210
25.640
26.070
26.500
26.930
27.360
27.780
28.220
28.640
29.070
29.500
29.940
30.360
30.790
31.220
31.650
32.070
32.500
32.930
33.370
33.790
34.220
34.650
35.090
35.510
35.940
36.370
36.800
37.220
37.650
38.080
38.510
38.940
39.370
39.800
40.240
40.650
41.080
41.510
41.950
42.370
42.800
43.230
43.670
44.090
44.520
44.940
45.380
45.800
46.230
46.660
47.050
47.410
47.790
48.170
48.600
49.020
49.450
49.880
50.310
50.740
51.170
51.600
52.030
52.460
52.880
53.310
53.740
54.170
54.600
55.030
55.460
55.890
56.320
56.750
57.220
57.710
58.200
58.670
59.100
59.540
59.960
60.390
60.820
61.240
61.670
62.100
62.530
62.960
63.390
63.820
64.250
64.670
65.110
65.530
65.960
66.390
66.820
67.250
67.680
68.110
68.540
68.960
69.400
69.820
70.250
70.680
71.110
71.540
71.970
72.400
72.830
73.250
73.680
74.110
74.540
74.970
75.400
75.830
76.260
76.690
77.120
77.540
77.980
78.400
78.830
79.260
79.690
80.120
80.550
80.980
81.410
81.830
82.260
82.690
83.130
83.550
83.980
84.410
84.840
85.270
85.700
86.120
86.560
86.980
87.410
87.840
88.270
88.700
89.130
89.550
89.990
90.410
90.840
91.270
91.710
92.130
92.560
92.990
93.420
93.840
94.280
94.700
95.140
95.560
95.990
96.420
96.850
97.280
97.710
98.130
98.570
98.990
99.420
99.850
100.280
100.710
101.140
101.570
102.000
102.530
103.070
103.510
103.930
104.360
104.790
105.220
105.650
106.080
106.510
106.930
107.360
107.790
108.220
108.650
109.080
109.510
109.940
110.370
110.800
111.220
111.650
112.080
112.510
112.940
113.370
113.800
114.220
114.650
115.080
115.510
115.940
116.370
116.800
117.230
117.660
118.090
118.510
118.940
119.370
119.800
