0.360
0.790
1.210
1.640
2.080
2.510
2.930
3.350
3.790
4.220
4.640
5.070
5.520
5.930
6.360
6.790
7.220
7.640
8.070
8.500
8.930
9.360
9.790
10.210
10.640
11.070
11.500
11.920
12.360
12.790
13.210
13.630
14.070
14.490
14.930
15.350
15.780
16.210
16.640
17.060
17.500
17.920
18.340
18.770
19.210
19.630
20.050
20.490
20.920
21.350
21.790
22.210
22.640
23.070
23.500
23.920
24.350
24.780
25.210
25.630
26.070
26.490
26.910
27.350
27.780
28.210
28.650
29.070
29.500
29.930
30.350
30.780
31.210
31.640
32.060
32.480
32.930
33.350
33.770
34.210
34.640
35.070
35.480
35.930
36.360
36.780
37.210
37.640
38.070
38.500
38.930
39.350
39.790
40.210
40.640
41.060
41.500
41.920
42.360
42.780
43.200
43.640
44.070
44.490
44.930
45.350
45.770
46.200
46.640
47.060
47.480
47.920
48.350
48.780
49.220
49.640
50.060
50.490
50.920
51.350
51.780
52.210
52.630
53.060
53.500
53.920
54.340
54.780
55.210
55.640
56.080
56.500
56.930
57.350
57.780
58.210
58.640
59.070
59.490
59.920
60.350
60.770
61.200
61.640
62.070
62.500
62.920
63.340
63.790
64.210
64.640
65.070
65.490
65.920
66.360
66.780
67.230
67.650
68.070
68.500
68.920
69.350
69.790
70.220
70.640
71.070
71.500
71.930
72.350
72.780
73.210
73.640
74.080
74.510
74.920
75.350
75.780
76.210
76.640
77.070
77.490
77.920
78.350
78.780
79.210
79.640
80.070
80.490
80.940
81.360
81.780
82.210
82.640
83.070
83.500
83.930
84.350
84.780
85.210
85.640
86.070
86.490
86.930
87.350
87.800
88.220
88.640
89.070
89.500
89.920
90.360
90.790
91.220
91.640
92.070
92.500
92.930
93.360
93.780
94.210
94.660
95.080
95.500
95.930
96.360
96.790
97.210
97.640
98.080
98.500
98.930
99.360
99.790
100.210
100.640
101.070
101.520
101.940
102.360
102.780
103.220
103.640
104.070
104.500
104.930
105.370
105.790
106.210
106.640
107.070
107.500
107.930
108.360
108.790
109.210
109.640
110.070
110.500
110.930
111.360
111.800
112.220
112.640
113.070
113.500
113.930
114.360
114.790
115.240
115.660
116.080
116.510
116.930
117.350
117.780
118.210
118.610
118.990
119.390
119.810
