0.410
0.910
1.420
1.920
2.410
2.910
3.410
3.920
4.410
4.910
5.420
5.920
6.410
6.920
7.410
7.910
8.420
8.910
9.420
9.910
10.410
10.910
11.420
11.920
12.420
12.920
13.420
13.910
14.410
14.910
15.420
15.920
16.410
16.910
17.420
17.920
18.400
18.930
19.420
19.910
20.410
20.910
21.410
21.920
22.400
22.920
23.410
23.920
24.400
24.900
25.420
25.910
26.410
26.930
27.420
27.920
28.420
28.910
29.410
29.920
30.420
30.910
31.400
31.920
32.420
32.910
33.410
33.910
34.420
34.910
35.410
35.910
36.420
36.910
37.410
37.910
38.420
38.910
39.410
39.910
40.420
40.910
41.410
41.910
42.420
42.910
43.420
43.910
44.420
44.910
45.410
45.910
46.420
46.910
47.410
47.910
48.420
48.910
49.410
49.910
50.420
50.910
51.410
51.910
52.420
52.910
53.410
53.910
54.420
54.910
55.410
55.910
56.420
56.900
57.410
57.910
58.420
58.910
59.420
59.910
60.420
60.910
61.410
61.910
62.420
62.910
63.410
63.910
64.420
64.900
65.410
65.910
66.420
66.910
67.410
67.910
68.420
68.910
69.420
69.910
70.410
70.910
71.400
71.900
72.420
72.910
73.410
73.910
74.420
74.910
75.420
75.910
76.420
76.910
77.420
77.910
78.420
78.910
79.410
79.910
80.420
80.910
81.410
81.910
82.420
82.910
83.410
83.910
84.420
84.910
85.410
85.920
86.420
86.910
87.410
87.910
88.420
88.910
89.410
89.910
90.420
90.910
91.420
91.910
92.420
92.910
93.410
93.920
94.420
94.910
95.410
95.910
96.420
96.910
97.420
97.920
98.420
98.910
99.410
99.910
100.420
100.910
101.410
101.910
102.420
102.910
103.410
103.920
104.420
104.910
105.410
105.910
106.420
106.910
107.420
107.910
108.420
108.910
109.410
109.910
110.420
110.910
111.410
111.920
112.420
112.910
113.420
113.920
114.420
114.910
115.410
115.910
116.420
116.910
117.420
117.910
118.420
118.910
119.410
119.910
