0.040
0.370
0.730
1.080
1.430
1.790
2.140
2.490
2.840
3.200
3.550
3.900
4.260
4.610
4.960
5.310
5.670
6.020
6.370
6.730
7.080
7.430
7.790
8.140
8.490
8.850
9.200
9.550
9.910
10.260
10.610
10.960
11.320
11.670
12.020
12.370
12.730
13.080
13.430
13.790
14.140
14.490
14.840
15.200
15.550
15.900
16.260
16.610
16.960
17.320
17.670
18.020
18.370
18.730
19.080
19.430
19.790
20.140
20.490
20.850
21.200
21.550
21.900
22.260
22.610
22.960
23.310
23.670
24.020
24.370
24.730
25.080
25.430
25.790
26.140
26.490
26.850
27.200
27.550
27.900
28.250
28.610
28.960
29.320
29.670
30.020
30.370
30.730
31.080
31.430
31.780
32.140
32.490
32.840
33.200
33.550
33.900
34.260
34.610
34.960
35.320
35.670
36.020
36.370
36.730
37.080
37.430
37.790
38.140
38.490
38.840
39.200
39.550
39.900
40.250
40.610
40.960
41.320
41.670
42.020
42.370
42.730
43.080
43.430
43.790
44.140
44.490
44.850
45.200
45.550
45.900
46.260
46.610
46.960
47.310
47.670
48.020
48.370
48.730
49.080
49.440
49.790
50.140
50.490
50.850
51.200
51.550
51.900
52.260
52.610
52.960
53.320
53.670
54.020
54.370
54.730
55.080
55.430
55.790
56.140
56.490
56.850
57.200
57.550
57.910
58.260
58.610
58.960
59.310
59.670
60.020
60.370
60.730
61.080
61.430
61.790
62.140
62.490
62.840
63.200
63.550
63.910
64.260
64.610
64.960
65.310
65.670
66.010
66.350
66.700
67.080
67.440
67.790
68.150
68.500
68.880
69.220
69.560
69.910
70.270
70.620
70.970
71.320
71.780
72.240
72.730
73.200
73.670
74.140
74.590
75.120
75.710
76.330
76.970
77.640
78.320
78.970
79.610
80.270
80.980
81.720
82.430
83.200
83.910
84.620
85.400
86.230
86.990
87.810
88.620
89.450
90.240
91.090
91.790
92.490
93.220
93.920
94.650
95.350
96.040
96.770
97.470
98.170
98.850
99.550
100.260
100.960
101.670
102.370
103.080
103.780
104.490
105.200
105.900
106.610
107.310
108.020
108.730
109.430
110.050
110.490
110.840
111.200
111.550
111.900
112.260
112.610
112.960
113.320
113.670
114.020
114.370
114.730
115.080
115.430
115.790
116.140
116.490
116.850
117.200
117.550
117.900
118.260
118.610
118.960
119.310
119.670
120.020
