0.270
1.210
2.160
3.100
4.050
4.990
5.940
6.880
7.820
8.770
9.720
10.660
11.610
12.550
13.490
14.440
15.390
16.330
17.280
18.220
19.160
20.110
21.060
22.000
22.940
23.890
24.830
25.780
26.720
27.670
28.610
29.560
30.500
31.450
32.390
33.340
34.280
35.230
36.170
37.120
38.060
39.010
39.950
40.900
41.840
42.790
43.730
44.680
45.620
46.560
47.510
48.460
49.400
50.350
51.290
52.240
53.180
54.120
55.070
56.020
56.960
57.900
58.850
59.790
60.740
61.680
62.630
63.570
64.520
65.460
66.410
67.350
68.300
69.240
70.190
71.130
72.080
73.020
73.970
74.910
75.860
76.800
77.750
78.690
79.640
80.580
81.530
82.470
83.420
84.360
85.310
86.250
87.200
88.140
89.090
90.030
90.980
91.920
92.860
93.810
94.760
95.700
96.650
97.590
98.540
99.480
100.430
101.370
102.250
103.240
104.200
105.160
106.130
107.100
108.050
108.930
109.870
110.820
111.760
112.710
113.650
114.600
115.540
116.490
117.430
118.380
119.320
