0.140
0.550
0.950
1.360
1.770
2.170
2.580
2.990
3.380
3.800
4.200
4.600
5.010
5.420
5.820
6.230
6.630
7.040
7.440
7.850
8.250
8.650
9.060
9.470
9.870
10.280
10.690
11.090
11.500
11.900
12.310
12.720
13.110
13.540
14.010
14.460
14.940
15.350
15.750
16.160
16.560
16.970
17.360
17.780
18.180
18.590
19.000
19.400
19.810
20.220
20.610
21.020
21.430
21.840
22.240
22.650
23.050
23.460
23.860
24.260
24.670
25.080
25.490
25.890
26.300
26.700
27.100
27.510
27.920
28.320
28.720
29.130
29.530
29.950
30.340
30.750
31.150
31.570
31.970
32.380
32.780
33.190
33.590
34.000
34.400
34.810
35.210
35.620
36.030
36.430
36.820
37.240
37.640
38.050
38.460
38.860
39.270
39.680
40.080
40.480
40.890
41.290
41.730
42.210
42.710
43.120
43.520
43.930
44.340
44.740
45.150
45.550
45.950
46.360
46.760
47.170
47.580
47.980
48.390
48.790
49.200
49.600
50.010
50.420
50.820
51.230
51.630
52.040
52.440
52.850
53.250
53.660
54.060
54.470
54.880
55.280
55.680
56.090
56.490
56.900
57.300
57.710
58.120
58.520
58.920
59.330
59.740
60.140
60.550
60.960
61.360
61.760
62.170
62.580
62.980
63.390
63.800
64.200
64.610
65.010
65.420
65.850
66.230
66.630
67.040
67.440
67.850
68.240
68.650
69.060
69.470
69.870
70.270
70.690
71.090
71.500
71.900
72.310
72.710
73.110
73.520
73.930
74.340
74.740
75.140
75.550
75.950
76.360
76.760
77.170
77.580
77.990
78.390
78.790
79.200
79.600
80.010
80.410
80.820
81.220
81.620
82.040
82.440
82.840
83.250
83.660
84.070
84.470
84.870
85.280
85.690
86.090
86.490
86.900
87.300
87.700
88.110
88.520
88.930
89.330
89.740
90.140
90.550
90.960
91.360
91.770
92.180
92.580
92.990
93.390
93.790
94.200
94.610
95.010
95.420
95.820
96.230
96.630
97.040
97.440
97.850
98.250
98.660
99.060
99.470
99.870
100.280
100.680
101.090
101.500
101.900
102.310
102.710
103.120
103.530
103.930
104.330
104.740
105.140
105.550
105.950
106.360
106.770
107.170
107.580
107.980
108.390
108.790
109.200
109.600
110.010
110.410
110.820
111.220
111.630
112.040
112.440
112.850
113.250
113.660
114.070
114.470
114.870
115.280
115.690
116.090
116.500
116.900
117.310
117.720
118.170
118.600
119.060
119.480
119.940
