0.040
0.360
0.700
1.040
1.390
1.730
2.070
2.420
2.760
3.100
3.450
3.780
4.130
4.470
4.810
5.160
5.500
5.840
6.190
6.530
6.870
7.220
7.560
7.900
8.240
8.590
8.930
9.270
9.610
9.960
10.300
10.640
10.990
11.330
11.670
12.020
12.360
12.700
13.040
13.390
13.720
14.070
14.420
14.760
15.100
15.440
15.780
16.130
16.460
16.810
17.160
17.500
17.840
18.190
18.530
18.870
19.210
19.560
19.890
20.190
20.480
20.780
21.100
21.450
21.780
22.130
22.480
22.820
23.160
23.500
23.850
24.190
24.530
24.870
25.220
25.560
25.900
26.250
26.580
26.930
27.270
27.620
27.960
28.300
28.640
28.990
29.330
29.680
30.020
30.360
30.700
31.040
31.390
31.730
32.080
32.430
32.760
33.110
33.440
33.770
34.090
34.410
34.730
35.050
35.360
35.680
36.010
36.370
36.690
37.050
37.390
37.710
38.070
38.390
38.750
39.080
39.450
39.790
40.140
40.480
40.820
41.160
41.510
41.840
42.190
42.530
42.880
43.200
43.560
43.900
44.230
44.580
44.930
45.260
45.620
45.960
46.310
46.650
46.990
47.340
47.670
48.010
48.350
48.710
49.050
49.390
49.720
50.060
50.390
50.750
51.100
51.440
51.790
52.140
52.490
52.820
53.160
53.510
53.840
54.190
54.530
54.870
55.210
55.560
55.900
56.240
56.590
56.930
57.270
57.620
57.960
58.300
58.640
58.990
59.330
59.670
60.010
60.360
60.700
61.040
61.380
61.730
62.070
62.420
62.760
63.100
63.440
63.790
64.130
64.470
64.810
65.150
65.500
65.840
66.190
66.530
66.870
67.210
67.560
67.900
68.240
68.590
68.930
69.270
69.610
69.960
70.300
70.640
70.990
71.320
71.670
72.020
72.360
72.700
73.040
73.380
73.730
74.070
74.420
74.760
75.100
75.440
75.790
76.130
76.470
76.810
77.160
77.500
77.830
78.180
78.510
78.880
79.210
79.560
79.900
80.250
80.580
80.930
81.270
81.610
81.960
82.300
82.640
82.990
83.330
83.670
84.010
84.360
84.700
85.040
85.390
85.730
86.070
86.420
86.760
87.090
87.440
87.790
88.130
88.470
88.810
89.160
89.500
89.840
90.190
90.530
90.870
91.220
91.560
91.900
92.240
92.580
92.930
93.270
93.610
93.960
94.300
94.640
94.990
95.330
95.670
96.010
96.360
96.700
97.040
97.380
97.730
98.070
98.410
98.750
99.100
99.440
99.780
100.130
100.470
100.810
101.160
101.500
101.850
102.190
102.530
102.870
103.210
103.550
103.900
104.240
104.590
104.930
105.270
105.610
105.960
106.300
106.640
106.990
107.330
107.670
108.010
108.360
108.700
109.040
109.390
109.730
110.080
110.420
110.750
111.100
111.440
111.780
112.130
112.470
112.820
113.160
113.500
113.840
114.190
114.520
114.870
115.210
115.560
115.900
116.240
116.590
116.930
117.270
117.610
117.960
118.300
118.640
118.980
119.330
119.670
120.000
