0.070
0.540
1.000
1.450
1.910
2.360
2.810
3.270
3.720
4.180
4.630
5.090
5.540
6.000
6.450
6.910
7.360
7.810
8.270
8.720
9.180
9.630
10.090
10.540
11.000
11.450
11.900
12.360
12.820
13.270
13.720
14.180
14.630
15.090
15.540
16.000
16.450
16.910
17.360
17.810
18.270
18.720
19.180
19.630
20.090
20.540
21.000
21.450
21.910
22.360
22.810
23.270
23.720
24.180
24.630
25.090
25.540
25.990
26.390
26.810
27.240
27.700
28.150
28.610
29.060
29.520
29.970
30.430
30.870
31.340
31.790
32.250
32.690
33.160
33.600
34.070
34.510
34.980
35.420
35.880
36.330
36.790
37.240
37.710
38.150
38.620
39.070
39.560
40.010
40.480
40.950
41.440
41.900
42.380
42.830
43.270
43.720
44.190
44.640
45.090
45.540
46.010
46.470
46.910
47.360
47.830
48.280
48.720
49.180
49.640
50.090
50.540
51.000
51.470
51.920
52.360
52.810
53.280
53.730
54.180
54.630
55.090
55.560
56.000
56.450
56.900
57.360
57.820
58.270
58.720
59.190
59.640
60.090
60.540
61.000
61.460
61.900
62.360
62.830
63.270
63.720
64.180
64.630
65.090
65.540
66.000
66.460
66.910
67.360
67.810
68.270
68.730
69.180
69.630
70.080
70.540
70.990
71.450
71.900
72.360
72.810
73.270
73.720
74.180
74.630
75.090
75.540
75.990
76.450
76.900
77.360
77.810
78.270
78.720
79.170
79.630
80.090
80.540
80.990
81.450
81.900
82.360
82.810
83.270
83.720
84.180
84.630
85.090
85.540
86.000
86.450
86.900
87.360
87.810
88.270
88.720
89.180
89.630
90.080
90.540
90.990
91.450
91.900
92.360
92.810
93.270
93.720
94.180
94.630
95.090
95.540
95.990
96.450
96.900
97.360
97.810
98.270
98.720
99.170
99.630
100.090
100.540
100.990
101.450
101.900
102.360
102.810
103.270
103.720
104.180
104.630
105.090
105.540
105.990
106.450
106.910
107.360
107.810
108.270
108.720
109.180
109.630
110.080
110.540
110.990
111.450
111.900
112.360
112.810
113.270
113.720
114.180
114.640
115.090
115.540
116.000
116.450
116.900
117.350
117.810
118.270
118.610
118.950
119.300
119.630
119.970
