0.070
0.400
0.750
1.100
1.430
1.780
2.120
2.470
2.810
3.160
3.500
3.840
4.190
4.540
4.880
5.220
5.570
5.920
6.260
6.610
6.950
7.300
7.640
7.980
8.330
8.670
9.020
9.360
9.710
10.050
10.400
10.740
11.090
11.430
11.780
12.120
12.470
12.810
13.160
13.500
13.850
14.190
14.540
14.880
15.220
15.570
15.920
16.260
16.600
16.950
17.300
17.640
17.980
18.330
18.670
19.020
19.360
19.710
20.050
20.400
20.740
21.090
21.430
21.770
22.120
22.470
22.810
23.160
23.500
23.850
24.180
24.530
24.880
25.230
25.580
25.920
26.260
26.610
26.950
27.300
27.640
27.980
28.330
28.680
29.020
29.370
29.710
30.060
30.400
30.750
31.090
31.430
31.780
32.130
32.480
32.810
33.160
33.500
33.850
34.190
34.530
34.880
35.230
35.580
35.920
36.260
36.610
36.950
37.300
37.640
37.990
38.330
38.670
39.020
39.370
39.710
40.050
40.400
40.750
41.090
41.430
41.780
42.130
42.470
42.810
43.160
43.510
43.840
44.190
44.540
44.890
45.230
45.570
45.910
46.260
46.610
46.950
47.290
47.640
47.980
48.330
48.670
49.020
49.360
49.710
50.050
50.400
50.740
51.090
51.430
51.780
52.120
52.460
52.810
53.160
53.490
53.840
54.190
54.530
54.880
55.220
55.570
55.920
56.250
56.600
56.950
57.290
57.630
57.980
58.330
58.670
59.020
59.360
59.710
60.050
60.390
60.740
61.090
61.430
61.770
62.120
62.470
62.810
63.160
63.500
63.850
64.190
64.530
64.880
65.230
65.570
65.920
66.260
66.600
66.920
67.260
67.610
67.980
68.330
68.670
69.020
69.360
69.710
70.050
70.400
70.740
71.090
71.430
71.780
72.120
72.470
72.810
73.160
73.500
73.850
74.190
74.540
74.880
75.220
75.570
75.920
76.260
76.600
76.950
77.290
77.640
77.980
78.330
78.670
79.020
79.360
79.710
80.050
80.400
80.740
81.080
81.430
81.780
82.120
82.470
82.810
83.160
83.500
83.850
84.190
84.540
84.880
85.230
85.570
85.920
86.260
86.600
86.950
87.290
87.640
87.980
88.330
88.670
89.020
89.360
89.710
90.050
90.410
90.750
91.090
91.430
91.780
92.120
92.470
92.810
93.160
93.500
93.850
94.190
94.540
94.880
95.230
95.570
95.920
96.260
96.600
96.950
97.290
97.640
97.980
98.330
98.670
99.020
99.360
99.710
100.050
100.400
100.740
101.090
101.430
101.780
102.120
102.470
102.810
103.160
103.500
103.850
104.190
104.540
104.880
105.230
105.570
105.910
106.260
106.610
106.950
107.300
107.640
107.980
108.330
108.670
109.020
109.360
109.710
110.050
110.400
110.740
111.090
111.430
111.780
112.120
112.470
112.810
113.160
113.500
113.840
114.190
114.530
114.880
115.220
115.570
115.910
116.260
116.600
116.950
117.290
117.640
117.980
118.330
118.670
119.020
119.360
119.700
120.050
