0.610
1.240
1.880
2.510
3.140
3.780
4.410
5.040
5.670
6.300
6.930
7.570
8.200
8.830
9.460
10.090
10.720
11.350
11.980
12.620
13.250
13.880
14.520
15.150
15.780
16.400
17.050
17.670
18.300
18.940
19.570
20.200
20.830
21.450
22.090
22.720
23.360
23.990
24.620
25.250
25.880
26.520
27.140
27.770
28.410
29.040
29.670
30.300
30.940
31.560
32.190
32.830
33.460
34.090
34.720
35.360
35.980
36.610
37.260
37.880
38.520
39.140
39.770
40.410
41.040
41.680
42.300
42.930
43.570
44.200
44.830
45.460
46.090
46.730
47.360
47.990
48.620
49.250
49.880
50.510
51.150
51.770
52.400
53.040
53.670
54.300
54.940
55.570
56.200
56.820
57.460
58.090
58.720
59.360
59.980
60.620
61.250
61.860
62.510
63.140
63.770
64.410
65.040
65.670
66.300
66.940
67.570
68.200
68.830
69.460
70.090
70.720
71.350
71.970
72.610
73.250
73.880
74.510
75.140
75.770
76.410
77.040
77.670
78.290
78.930
79.570
80.200
80.830
81.460
82.100
82.720
83.330
83.980
84.620
85.250
85.870
86.510
87.140
87.770
88.410
89.040
89.670
90.300
90.930
91.560
92.190
92.830
93.460
94.090
94.720
95.360
95.990
96.620
97.250
97.880
98.510
99.140
99.770
100.410
101.040
101.660
102.300
102.930
103.560
104.190
104.830
105.460
106.090
106.720
107.350
107.990
108.620
109.250
109.880
110.510
111.140
111.780
112.410
113.040
113.670
114.300
114.930
115.560
116.190
116.830
117.460
118.090
118.720
119.350
119.990
