0.380
0.800
1.230
1.660
2.090
2.510
2.960
3.380
3.800
4.230
4.660
5.090
5.520
5.940
6.390
6.810
7.230
7.670
8.100
8.520
8.940
9.370
9.810
10.230
10.660
11.090
11.520
11.950
12.370
12.800
13.240
13.660
14.090
14.510
14.940
15.380
15.800
16.230
16.670
17.090
17.510
17.940
18.380
18.800
19.230
19.660
20.100
20.530
20.950
21.380
21.810
22.230
22.660
23.090
23.530
23.950
24.380
24.810
25.240
25.660
26.080
26.520
26.950
27.370
27.800
28.220
28.650
29.090
29.520
29.940
30.380
30.800
31.230
31.650
32.090
32.510
32.940
33.370
33.800
34.230
34.660
35.080
35.510
35.940
36.370
36.800
37.230
37.660
38.090
38.510
38.940
39.370
39.800
40.230
40.660
41.090
41.520
41.940
42.370
42.800
43.230
43.660
44.100
44.520
44.940
45.370
45.800
46.230
46.660
47.090
47.530
47.950
48.380
48.810
49.240
49.660
50.090
50.520
50.960
51.380
51.810
52.240
52.670
53.100
53.530
53.950
54.370
54.810
55.230
55.660
56.090
56.520
56.950
57.370
57.800
58.230
58.650
59.090
59.520
59.940
60.370
60.800
61.230
61.660
62.080
62.510
62.950
63.380
63.810
64.230
64.660
65.090
65.520
65.950
66.370
66.800
67.230
67.660
68.090
68.520
68.940
69.370
69.800
70.230
70.660
71.090
71.510
71.950
72.370
72.800
73.230
73.660
74.090
74.510
74.940
75.370
75.800
76.230
76.670
77.090
77.500
77.940
78.380
78.790
79.220
79.660
80.080
80.510
80.950
81.370
81.810
82.230
82.650
83.080
83.510
83.940
84.370
84.800
85.240
85.660
86.080
86.510
86.940
87.370
87.810
88.230
88.670
89.090
89.510
89.950
90.380
90.800
91.230
91.660
92.090
92.520
92.940
93.380
93.810
94.230
94.660
95.080
95.520
95.950
96.370
96.800
97.230
97.660
98.090
98.510
98.950
99.370
99.800
100.230
100.650
101.080
101.520
101.940
102.380
102.800
103.230
103.660
104.090
104.510
104.940
105.370
105.800
106.230
106.660
107.090
107.510
107.930
108.360
108.800
109.230
109.640
110.080
110.520
110.950
111.360
111.790
112.230
112.670
113.100
113.500
113.940
114.340
114.770
115.200
115.630
116.060
116.510
116.930
117.370
117.800
118.230
118.660
119.090
119.500
119.950
