0.490
1.360
2.210
3.060
3.910
4.780
5.640
6.510
7.350
8.220
9.070
9.930
10.780
11.640
12.500
13.360
14.210
15.070
15.930
16.790
17.640
18.500
19.350
20.240
21.070
21.930
22.780
23.640
24.480
25.350
26.210
27.070
27.910
28.770
29.640
30.520
31.330
32.210
33.070
33.930
34.790
35.640
36.500
37.370
38.210
39.070
39.930
40.790
41.640
42.500
43.350
44.220
45.070
45.930
46.780
47.640
48.500
49.350
50.210
51.070
51.930
52.760
53.640
54.500
55.350
56.210
57.070
57.930
58.780
59.650
60.500
61.360
62.210
63.070
63.930
64.780
65.640
66.500
67.350
68.210
69.070
69.930
70.790
71.640
72.500
73.360
74.210
75.070
75.930
76.790
77.650
78.500
79.380
80.200
81.070
81.930
82.780
83.640
84.500
85.360
86.210
87.070
87.930
88.780
89.640
90.500
91.360
92.210
93.070
93.920
94.780
95.640
96.500
97.360
98.210
99.070
99.930
100.790
101.640
102.500
103.360
104.210
105.070
105.930
106.810
107.620
108.500
109.360
110.200
111.070
111.920
112.780
113.630
114.500
115.350
116.220
117.070
117.920
118.780
119.630
