0.130
0.480
0.830
1.180
1.530
1.870
2.230
2.580
2.920
3.270
3.620
3.970
4.320
4.670
5.010
5.360
5.700
6.060
6.420
6.760
7.110
7.460
7.810
8.160
8.500
8.850
9.200
9.550
9.900
10.250
10.610
10.950
11.290
11.640
11.990
12.340
12.690
13.040
13.390
13.730
14.090
14.440
14.790
15.130
15.480
15.830
16.180
16.530
16.890
17.260
17.610
17.970
18.330
18.690
19.040
19.400
19.830
20.250
20.710
21.140
21.600
22.090
22.590
23.090
23.560
24.040
24.570
25.040
25.620
26.170
26.710
27.240
27.830
28.390
28.930
29.480
30.040
30.630
31.180
31.730
32.300
32.840
33.430
33.970
34.500
35.020
35.540
36.040
36.570
37.040
37.510
37.830
38.180
38.510
38.850
39.200
39.550
39.900
40.240
40.600
40.950
41.300
41.640
41.990
42.340
42.690
43.040
43.390
43.740
44.090
44.440
44.780
45.130
45.480
45.830
46.180
46.530
46.870
47.220
47.570
47.930
48.270
48.620
48.970
49.320
49.670
50.020
50.370
50.710
51.060
51.410
51.760
52.110
52.460
52.810
53.160
53.510
53.860
54.200
54.550
54.900
55.250
55.600
55.950
56.300
56.640
56.990
57.340
57.690
58.040
58.390
58.740
59.090
59.440
59.790
60.130
60.480
60.830
61.190
61.530
61.890
62.220
62.560
62.930
63.270
63.630
63.980
64.320
64.670
65.020
65.370
65.710
66.070
66.410
66.760
67.110
67.460
67.810
68.150
68.500
68.850
69.200
69.540
69.900
70.250
70.600
70.950
71.300
71.640
71.990
72.340
72.690
73.040
73.390
73.740
74.090
74.440
74.780
75.130
75.480
75.830
76.180
76.530
76.880
77.230
77.580
77.930
78.270
78.620
78.970
79.320
79.670
80.020
80.360
80.720
81.060
81.410
81.760
82.110
82.460
82.810
83.160
83.500
83.850
84.200
84.550
84.900
85.250
85.600
85.940
86.290
86.640
87.000
87.340
87.690
88.040
88.390
88.740
89.080
89.430
89.780
90.130
90.480
90.830
91.180
91.530
91.880
92.220
92.580
92.920
93.270
93.620
93.970
94.320
94.670
95.010
95.370
95.710
96.060
96.410
96.760
97.110
97.460
97.810
98.160
98.510
98.860
99.210
99.550
99.900
100.250
100.600
100.950
101.300
101.640
101.990
102.340
102.680
103.040
103.390
103.740
104.090
104.440
104.790
105.130
105.480
105.830
106.180
106.530
106.880
107.230
107.580
107.930
108.270
108.620
108.970
109.320
109.670
110.020
110.370
110.720
111.070
111.410
111.760
112.110
112.460
112.810
113.160
113.510
113.860
114.200
114.550
114.900
115.250
115.600
115.950
116.300
116.650
117.000
117.340
117.690
118.040
118.390
118.740
119.090
119.430
119.780
