0.080
0.520
0.960
1.380
1.810
2.240
2.670
3.090
3.520
3.950
4.380
4.810
5.240
5.670
6.090
6.520
6.950
7.380
7.810
8.240
8.670
9.090
9.530
9.950
10.380
10.810
11.240
11.670
12.100
12.520
12.960
13.380
13.810
14.230
14.670
15.100
15.520
15.950
16.380
16.810
17.240
17.660
18.100
18.520
18.950
19.380
19.820
20.240
20.670
21.090
21.520
21.950
22.380
22.810
23.240
23.670
24.090
24.520
24.960
25.380
25.810
26.240
26.670
27.100
27.520
27.950
28.380
28.810
29.240
29.660
30.090
30.520
30.950
31.380
31.820
32.240
32.670
33.090
33.530
33.950
34.390
34.810
35.240
35.670
36.100
36.520
36.960
37.380
37.810
38.240
38.670
39.090
39.520
39.950
40.380
40.810
41.240
41.660
42.100
42.520
42.950
43.380
43.820
44.240
44.670
45.100
45.530
45.950
46.380
46.810
47.240
47.670
48.100
48.520
48.960
49.380
49.810
50.240
50.670
51.100
51.520
51.950
52.380
52.810
53.240
53.660
54.100
54.520
54.950
55.380
55.810
56.240
56.670
57.100
57.530
57.950
58.380
58.810
59.240
59.670
60.090
60.520
60.950
61.380
61.810
62.240
62.660
63.090
63.520
63.950
64.380
64.810
65.230
65.670
66.090
66.520
66.950
67.380
67.810
68.240
68.660
69.090
69.520
69.950
70.380
70.810
71.240
71.670
72.090
72.520
72.960
73.380
73.810
74.240
74.670
75.090
75.520
75.950
76.380
76.810
77.230
77.660
78.090
78.520
78.950
79.380
79.810
80.240
80.660
81.090
81.530
81.950
82.380
82.810
83.240
83.660
84.090
84.520
84.960
85.380
85.810
86.230
86.670
87.100
87.520
87.950
88.380
88.810
89.230
89.660
90.100
90.520
90.950
91.380
91.810
92.240
92.670
93.090
93.530
93.950
94.380
94.810
95.250
95.670
96.090
96.520
96.950
97.380
97.810
98.230
98.670
99.100
99.530
99.950
100.390
100.810
101.240
101.670
102.100
102.520
102.950
103.380
103.810
104.240
104.670
105.090
105.530
105.950
106.380
106.810
107.250
107.670
108.100
108.520
108.960
109.380
109.810
110.230
110.670
111.090
111.520
111.950
112.380
112.810
113.240
113.660
114.100
114.520
114.950
115.380
115.810
116.240
116.670
117.090
117.520
117.950
118.380
118.810
119.240
119.670
120.090
