0.070
0.400
0.750
1.090
1.440
1.780
2.130
2.470
2.820
3.160
3.500
3.850
4.200
4.560
4.890
5.230
5.570
5.920
6.270
6.590
6.950
7.300
7.640
7.980
8.340
8.690
9.030
9.370
9.720
10.060
10.410
10.750
11.100
11.440
11.790
12.130
12.480
12.820
13.170
13.510
13.860
14.210
14.550
14.890
15.230
15.580
15.920
16.270
16.590
16.900
17.200
17.510
17.830
18.170
18.510
18.860
19.200
19.550
19.890
20.240
20.580
20.930
21.270
21.620
21.960
22.310
22.660
22.990
23.340
23.690
24.030
24.370
24.720
25.070
25.410
25.750
26.100
26.440
26.780
27.110
27.420
27.720
28.030
28.340
28.680
29.030
29.370
29.720
30.060
30.410
30.750
31.090
31.440
31.790
32.130
32.470
32.820
33.170
33.510
33.860
34.200
34.550
34.890
35.230
35.580
35.920
36.270
36.610
36.950
37.290
37.650
37.990
38.340
38.690
39.020
39.370
39.720
40.060
40.410
40.750
41.100
41.440
41.790
42.130
42.470
42.820
43.160
43.510
43.850
44.200
44.540
44.890
45.230
45.580
45.920
46.270
46.610
46.960
47.300
47.640
47.990
48.330
48.680
49.020
49.370
49.710
50.060
50.400
50.750
51.090
51.440
51.780
52.130
52.470
52.820
53.160
53.510
53.850
54.200
54.540
54.890
55.230
55.580
55.920
56.270
56.610
56.960
57.300
57.650
57.990
58.330
58.680
59.020
59.360
59.720
60.050
60.380
60.740
61.090
61.440
61.780
62.130
62.470
62.820
63.160
63.510
63.850
64.200
64.540
64.890
65.230
65.580
65.920
66.270
66.610
66.960
67.300
67.650
67.990
68.340
68.680
69.030
69.370
69.710
70.060
70.410
70.750
71.090
71.440
71.780
72.130
72.470
72.820
73.160
73.500
73.850
74.200
74.540
74.880
75.240
75.580
75.920
76.260
76.610
76.960
77.300
77.640
77.980
78.330
78.690
79.020
79.370
79.710
80.060
80.410
80.750
81.090
81.440
81.780
82.130
82.470
82.820
83.160
83.510
83.850
84.200
84.540
84.890
85.230
85.580
85.920
86.270
86.610
86.960
87.300
87.650
87.990
88.340
88.680
89.030
89.370
89.720
90.060
90.410
90.750
91.100
91.440
91.780
92.130
92.470
92.820
93.160
93.510
93.850
94.200
94.540
94.890
95.230
95.580
95.920
96.270
96.610
96.960
97.300
97.650
97.990
98.330
98.680
99.030
99.370
99.710
100.060
100.410
100.750
101.090
101.440
101.790
102.130
102.470
102.820
103.160
103.510
103.850
104.200
104.540
104.890
105.230
105.580
105.920
106.270
106.610
106.960
107.300
107.650
107.990
108.340
108.680
109.030
109.370
109.720
110.060
110.410
110.740
111.090
111.440
111.790
112.130
112.480
112.820
113.160
113.510
113.850
114.200
114.550
114.880
115.230
115.570
115.920
116.260
116.610
116.960
117.310
117.640
117.990
118.330
118.680
119.020
119.370
119.710
120.050
