0.270
0.610
0.960
1.300
1.650
1.990
2.330
2.670
3.020
3.360
3.700
4.050
4.400
4.730
5.080
5.420
5.760
6.100
6.450
6.790
7.130
7.470
7.820
8.160
8.500
8.840
9.190
9.530
9.870
10.210
10.560
10.900
11.250
11.580
11.930
12.270
12.610
12.960
13.300
13.640
13.990
14.330
14.670
15.010
15.360
15.700
16.040
16.390
16.730
17.070
17.420
17.760
18.100
18.440
18.790
19.130
19.480
19.810
20.160
20.500
20.850
21.190
21.530
21.870
22.220
22.560
22.900
23.250
23.590
23.930
24.280
24.610
24.960
25.300
25.650
25.990
26.340
26.680
27.020
27.360
27.700
28.040
28.390
28.730
29.080
29.410
29.760
30.100
30.440
30.780
31.130
31.480
31.820
32.160
32.510
32.850
33.190
33.530
33.870
34.220
34.560
34.900
35.240
35.590
35.930
36.270
36.620
36.960
37.300
37.640
37.990
38.330
38.680
39.010
39.360
39.700
40.050
40.390
40.730
41.070
41.420
41.760
42.100
42.440
42.790
43.130
43.480
43.820
44.160
44.500
44.850
45.190
45.540
45.870
46.220
46.560
46.910
47.240
47.590
47.930
48.280
48.610
48.960
49.300
49.650
49.990
50.330
50.670
51.020
51.360
51.700
52.040
52.390
52.730
53.070
53.420
53.760
54.100
54.440
54.790
55.130
55.470
55.810
56.160
56.500
56.840
57.180
57.530
57.880
58.210
58.550
58.900
59.250
59.590
59.930
60.270
60.620
60.960
61.300
61.640
61.990
62.330
62.670
63.010
63.360
63.700
64.040
64.390
64.730
65.070
65.410
65.760
66.100
66.440
66.790
67.130
67.480
67.810
68.160
68.500
68.850
69.180
69.530
69.870
70.220
70.560
70.900
71.220
71.590
71.930
72.270
72.640
72.970
73.310
73.660
74.000
74.340
74.660
75.000
75.340
75.690
76.020
76.380
76.720
77.050
77.380
77.720
78.080
78.440
78.780
79.130
79.470
79.810
80.170
80.500
80.830
81.180
81.510
81.870
82.200
82.550
82.880
83.220
83.590
83.930
84.280
84.630
84.970
85.320
85.660
85.980
86.340
86.670
87.000
87.350
87.680
88.040
88.380
88.700
89.060
89.420
89.760
90.120
90.470
90.820
91.140
91.490
91.820
92.170
92.500
92.850
93.190
93.530
93.870
94.210
94.560
94.900
95.240
95.590
95.930
96.280
96.610
96.960
97.300
97.640
97.990
98.330
98.670
99.010
99.350
99.700
100.040
100.390
100.730
101.070
101.410
101.760
102.100
102.440
102.780
103.130
103.470
103.820
104.160
104.500
104.840
105.180
105.530
105.870
106.210
106.560
106.900
107.250
107.580
107.930
108.270
108.620
108.960
109.310
109.640
109.980
110.330
110.670
111.020
111.360
111.700
112.040
112.380
112.730
113.070
113.420
113.760
114.100
114.450
114.790
115.130
115.470
115.810
116.160
116.500
116.850
117.190
117.530
117.870
118.220
118.550
118.900
119.240
119.590
119.930
