0.400
1.070
1.680
2.340
2.960
3.630
4.250
4.900
5.570
6.240
6.910
7.560
8.150
8.800
9.390
10.040
10.640
11.280
11.920
12.560
13.200
13.860
14.490
15.120
15.720
16.350
16.940
17.560
18.160
18.770
19.390
20.030
20.680
21.370
22.050
22.730
23.370
24.010
24.660
25.300
25.910
26.580
27.190
27.840
28.500
29.140
29.770
30.410
31.070
31.690
32.370
33.000
33.670
34.330
34.980
35.540
36.140
36.790
37.430
38.070
38.720
39.360
40.000
40.650
41.280
41.930
42.570
43.220
43.860
44.500
45.150
45.790
46.430
47.070
47.720
48.360
49.080
49.750
50.420
51.140
51.780
52.430
53.070
53.720
54.360
55.000
55.640
56.290
56.930
57.570
58.140
58.750
59.290
59.820
60.250
60.680
61.110
61.540
61.980
62.400
62.820
63.250
63.690
64.110
64.530
64.960
65.390
65.820
66.250
66.670
67.110
67.530
67.970
68.390
68.810
69.250
69.690
70.100
70.530
70.970
71.400
71.820
72.250
72.680
73.110
73.530
73.970
74.390
74.820
75.250
75.670
76.110
76.550
76.960
77.390
77.820
78.250
78.670
79.100
79.530
79.960
80.390
80.820
81.250
81.680
82.100
82.540
82.960
83.390
83.820
84.250
84.680
85.110
85.530
85.970
86.390
86.830
87.250
87.680
88.110
88.530
88.960
89.390
89.820
90.250
90.680
91.100
91.530
91.960
92.390
92.820
93.250
93.680
94.100
94.530
94.960
95.390
95.820
96.250
96.680
97.110
97.530
97.960
98.390
98.820
99.250
99.680
100.100
100.530
100.960
101.390
101.820
102.250
102.680
103.100
103.530
103.960
104.390
104.820
105.250
105.680
106.110
106.530
106.960
107.390
107.820
108.250
108.680
109.110
109.530
109.960
110.390
110.820
111.250
111.680
112.110
112.540
112.960
113.390
113.820
114.250
114.680
115.100
115.530
115.960
116.390
116.820
117.250
117.680
118.100
118.530
118.960
119.390
119.820
