0.360
0.810
1.260
1.710
2.160
2.610
3.060
3.520
3.970
4.420
4.870
5.320
5.770
6.220
6.670
7.130
7.580
8.030
8.480
8.930
9.380
9.830
10.280
10.740
11.180
11.630
12.090
12.540
12.990
13.440
13.890
14.340
14.790
15.240
15.690
16.150
16.600
17.050
17.500
17.950
18.400
18.850
19.310
19.760
20.210
20.660
21.110
21.560
22.010
22.460
22.910
23.370
23.820
24.270
24.720
25.170
25.620
26.070
26.520
26.980
27.430
27.880
28.330
28.780
29.230
29.680
30.130
30.630
31.170
31.700
32.160
32.610
33.070
33.510
33.960
34.420
34.870
35.320
35.770
36.220
36.670
37.120
37.580
38.030
38.480
38.930
39.380
39.830
40.280
40.730
41.180
41.640
42.090
42.530
42.990
43.440
43.890
44.340
44.790
45.250
45.690
46.150
46.600
47.050
47.500
47.950
48.400
48.860
49.300
49.750
50.210
50.660
51.110
51.560
52.010
52.460
52.910
53.370
53.820
54.270
54.720
55.170
55.620
56.080
56.520
56.970
57.430
57.880
58.330
58.780
59.230
59.680
60.130
60.580
61.040
61.490
61.940
62.390
62.840
63.290
63.740
64.190
64.640
65.100
65.540
65.990
66.450
66.900
67.350
67.800
68.250
68.710
69.150
69.600
70.060
70.510
70.960
71.410
71.860
72.320
72.760
73.210
73.670
74.120
74.570
75.010
75.470
75.920
76.370
76.820
77.280
77.730
78.180
78.630
79.080
79.530
79.990
80.430
80.890
81.340
81.780
82.230
82.690
83.140
83.590
84.040
84.490
84.950
85.390
85.840
86.290
86.750
87.200
87.650
88.100
88.560
89.000
89.450
89.900
90.360
90.810
91.260
91.710
92.170
92.610
93.060
93.510
93.970
94.410
94.870
95.320
95.770
96.220
96.670
97.120
97.580
98.020
98.480
98.930
99.380
99.830
100.280
100.730
101.190
101.640
102.090
102.540
102.990
103.440
103.890
104.340
104.800
105.240
105.700
106.150
106.600
107.050
107.500
107.950
108.420
108.850
109.300
109.750
110.210
110.660
111.110
111.560
112.020
112.460
112.920
113.370
113.820
114.270
114.720
115.170
115.630
116.070
116.520
116.970
117.430
117.880
118.320
118.770
119.240
119.680
