0.130
0.470
0.810
1.160
1.500
1.840
2.180
2.530
2.870
3.210
3.560
3.900
4.240
4.590
4.930
5.270
5.620
5.960
6.300
6.640
6.980
7.330
7.670
8.010
8.350
8.700
9.040
9.390
9.730
10.070
10.410
10.760
11.100
11.440
11.780
12.130
12.470
12.810
13.160
13.500
13.840
14.190
14.530
14.870
15.210
15.560
15.900
16.240
16.590
16.930
17.270
17.610
17.960
18.300
18.640
18.980
19.330
19.670
20.010
20.360
20.700
21.040
21.380
21.730
22.070
22.410
22.760
23.100
23.440
23.780
24.130
24.450
24.800
25.140
25.510
25.860
26.190
26.530
26.870
27.220
27.560
27.900
28.240
28.590
28.920
29.270
29.610
29.940
30.310
30.650
31.000
31.360
31.680
32.020
32.360
32.700
33.060
33.380
33.730
34.060
34.420
34.750
35.100
35.460
35.790
36.160
36.490
36.850
37.190
37.510
37.850
38.190
38.530
38.880
39.220
39.560
39.910
40.250
40.590
40.940
41.280
41.630
41.970
42.330
42.680
43.000
43.340
43.700
44.040
44.370
44.710
45.050
45.380
45.740
46.070
46.420
46.760
47.100
47.450
47.790
48.130
48.470
48.820
49.160
49.500
49.840
50.190
50.530
50.870
51.220
51.560
51.900
52.250
52.590
52.930
53.270
53.620
53.960
54.300
54.650
54.990
55.330
55.670
56.020
56.360
56.700
57.040
57.390
57.730
58.070
58.420
58.760
59.100
59.450
59.790
60.130
60.470
60.810
61.160
61.500
61.840
62.190
62.530
62.870
63.220
63.560
63.910
64.240
64.590
64.930
65.280
65.620
65.960
66.300
66.650
66.990
67.330
67.670
68.010
68.360
68.700
69.040
69.390
69.730
70.070
70.410
70.760
71.100
71.440
71.790
72.130
72.470
72.820
73.160
73.500
73.840
74.190
74.530
74.870
75.210
75.560
75.900
76.240
76.580
76.930
77.270
77.610
77.950
78.290
78.640
78.980
79.330
79.670
80.010
80.360
80.700
81.050
81.390
81.730
82.070
82.410
82.760
83.100
83.440
83.790
84.130
84.470
84.810
85.160
85.500
85.840
86.180
86.530
86.870
87.220
87.560
87.900
88.240
88.580
88.930
89.270
89.610
89.950
90.300
90.640
90.980
91.330
91.670
92.010
92.360
92.700
93.040
93.390
93.730
94.070
94.410
94.760
95.100
95.440
95.780
96.130
96.470
96.810
97.160
97.500
97.840
98.190
98.530
98.870
99.210
99.560
99.900
100.240
100.580
100.930
101.270
101.620
101.960
102.300
102.640
102.990
103.330
103.670
104.010
104.360
104.700
105.040
105.380
105.730
106.070
106.410
106.760
107.100
107.440
107.790
108.130
108.470
108.810
109.160
109.500
109.850
110.190
110.530
110.870
111.210
111.560
111.900
112.240
112.580
112.930
113.270
113.610
113.960
114.300
114.640
114.980
115.330
115.670
116.010
116.360
116.700
117.040
117.380
117.730
118.070
118.410
118.760
119.100
119.440
119.780
