0.550
1.120
1.670
2.260
2.830
3.390
3.980
4.550
5.110
5.690
6.260
6.820
7.410
7.980
8.530
9.120
9.690
10.260
10.830
11.400
11.970
12.550
13.110
13.690
14.260
14.830
15.400
15.970
16.540
17.110
17.690
18.260
18.830
19.400
19.970
20.540
21.120
21.690
22.260
22.830
23.400
23.960
24.550
25.120
25.670
26.260
26.830
27.380
27.980
28.550
29.100
29.690
30.260
30.820
31.410
31.980
32.530
33.120
33.690
34.240
34.830
35.410
35.960
36.550
37.120
37.680
38.260
38.830
39.390
39.980
40.550
41.100
41.690
42.260
42.810
43.400
43.980
44.530
45.120
45.690
46.250
46.830
47.400
47.960
48.550
49.120
49.670
50.260
50.830
51.380
51.970
52.540
53.110
53.690
54.250
54.820
55.400
55.970
56.540
57.110
57.690
58.260
58.830
59.400
59.980
60.550
61.120
61.670
62.260
62.840
63.400
63.970
64.540
65.120
65.690
66.260
66.820
67.400
67.980
68.550
69.130
69.690
70.260
70.830
71.410
71.960
72.550
73.120
73.670
74.260
74.830
75.400
75.980
76.690
77.400
78.260
79.120
79.980
80.830
81.690
82.540
83.400
84.260
85.120
85.970
86.830
87.690
88.540
89.400
90.260
91.120
91.980
92.830
93.690
94.540
95.410
96.260
97.120
97.970
98.830
99.690
100.550
101.400
102.260
103.120
103.980
104.830
105.690
106.250
106.840
107.410
107.960
108.550
109.120
109.670
110.260
110.830
111.380
111.970
112.550
113.110
113.690
114.260
114.820
115.400
115.980
116.530
117.120
117.690
118.240
118.830
119.400
119.950
