0.740
1.600
2.450
3.320
4.170
5.000
5.760
6.520
7.370
8.240
9.100
9.950
10.810
11.670
12.520
13.380
14.240
15.100
15.950
16.810
17.660
18.530
19.380
20.240
21.090
21.950
22.810
23.670
24.520
25.380
26.240
27.100
27.950
28.810
29.670
30.530
31.380
32.240
33.100
33.950
34.490
35.030
35.600
36.100
36.530
36.960
37.380
37.810
38.240
38.680
39.100
39.530
39.960
40.390
40.810
41.240
41.670
42.100
42.530
42.960
43.380
43.810
44.240
44.670
45.100
45.530
45.960
46.390
46.810
47.250
47.670
48.100
48.530
48.960
49.390
49.810
50.240
50.670
51.100
51.530
51.960
52.390
52.820
53.240
53.670
54.100
54.530
54.960
55.390
55.810
56.240
56.670
57.100
57.520
57.960
58.400
58.810
59.240
59.680
60.160
60.620
61.070
61.520
62.000
62.460
62.890
63.320
63.740
64.170
64.600
65.030
65.460
65.890
66.320
66.750
67.170
67.600
68.030
68.460
68.890
69.320
69.740
70.170
70.600
71.030
71.460
71.890
72.320
72.740
73.170
73.600
74.030
74.460
74.890
75.320
75.740
76.170
76.600
77.030
77.460
77.890
78.320
78.740
79.170
79.600
80.030
80.460
80.890
81.320
81.740
82.170
82.600
83.030
83.460
83.890
84.310
84.740
85.170
85.600
86.030
86.460
86.890
87.320
87.740
88.180
88.600
89.030
89.460
89.890
90.320
90.750
91.170
91.600
92.030
92.460
92.890
93.320
93.740
94.170
94.600
95.030
95.460
95.890
96.320
96.750
97.170
97.600
98.030
98.460
98.890
99.320
99.740
100.170
100.600
101.030
101.460
101.890
102.320
102.750
103.170
103.600
104.030
104.460
104.890
105.320
105.740
106.170
106.600
107.030
107.460
107.890
108.320
108.740
109.170
109.600
110.030
110.460
110.890
111.320
111.740
112.170
112.600
113.030
113.460
113.890
114.310
114.740
115.170
115.600
116.030
116.450
116.890
117.320
117.730
118.170
118.590
119.020
119.440
119.880
