0.070
0.510
0.950
1.370
1.800
2.230
2.670
3.090
3.520
3.940
4.370
4.800
5.230
5.660
6.090
6.510
6.950
7.370
7.800
8.230
8.660
9.080
9.520
9.970
10.440
10.890
11.340
11.770
12.190
12.620
13.050
13.490
13.900
14.340
14.760
15.190
15.630
16.050
16.480
16.910
17.340
17.770
18.200
18.620
19.050
19.480
19.910
20.340
20.760
21.190
21.630
22.050
22.490
22.910
23.340
23.770
24.190
24.630
25.050
25.480
25.910
26.330
26.770
27.190
27.620
28.120
28.590
29.080
29.550
29.990
30.410
30.840
31.260
31.700
32.130
32.550
32.980
33.410
33.830
34.270
34.700
35.130
35.550
35.990
36.410
36.840
37.270
37.700
38.130
38.560
38.980
39.420
39.840
40.270
40.700
41.130
41.560
41.980
42.410
42.840
43.270
43.700
44.130
44.550
44.980
45.410
45.840
46.270
46.700
47.130
47.550
47.980
48.410
48.840
49.270
49.700
50.130
50.550
50.980
51.410
51.840
52.270
52.700
53.130
53.550
53.980
54.410
54.840
55.270
55.700
56.130
56.550
56.980
57.410
57.840
58.270
58.700
59.130
59.550
59.980
60.410
60.840
61.270
61.700
62.130
62.550
62.980
63.410
63.840
64.270
64.700
65.130
65.550
65.990
66.410
66.820
67.270
67.700
68.130
68.550
68.980
69.410
69.840
70.270
70.700
71.130
71.560
71.980
72.410
72.840
73.270
73.700
74.130
74.550
74.980
75.410
75.840
76.270
76.700
77.130
77.560
77.980
78.410
78.840
79.270
79.700
80.130
80.550
80.980
81.410
81.840
82.270
82.700
83.130
83.550
83.980
84.410
84.840
85.270
85.700
86.120
86.550
86.980
87.410
87.840
88.270
88.700
89.130
89.560
89.980
90.410
90.840
91.270
91.700
92.130
92.550
92.980
93.410
93.840
94.220
94.590
94.970
95.340
95.770
96.200
96.630
97.050
97.480
97.910
98.340
98.770
99.200
99.630
100.060
100.480
100.910
101.340
101.770
102.200
102.620
103.050
103.480
103.910
104.340
104.770
105.200
105.630
106.050
106.480
106.910
107.340
107.770
108.200
108.630
109.050
109.480
109.910
110.340
110.770
111.190
111.620
112.050
112.480
112.900
113.340
113.760
114.200
114.630
115.050
115.480
115.910
116.340
116.760
117.190
117.620
118.050
118.480
118.900
119.340
119.770
