0.040
0.490
0.950
1.400
1.860
2.330
2.800
3.250
3.710
4.180
4.640
5.090
5.560
6.020
6.480
6.920
7.410
7.870
8.340
8.800
9.260
9.720
10.180
10.640
11.100
11.560
12.030
12.480
12.940
13.410
13.870
14.330
14.790
15.260
15.710
16.180
16.640
17.100
17.560
18.020
18.480
18.950
19.410
19.870
20.330
20.790
21.250
21.710
22.170
22.640
23.100
23.560
24.030
24.490
24.950
25.410
25.880
26.340
26.800
27.260
27.720
28.180
28.650
29.100
29.570
30.030
30.490
30.950
31.410
31.870
32.340
32.790
33.260
33.720
34.180
34.640
35.110
35.570
36.030
36.490
36.950
37.420
37.880
38.340
38.800
39.260
39.730
40.190
40.650
41.110
41.570
42.030
42.500
42.960
43.420
43.880
44.340
44.800
45.260
45.730
46.190
46.650
47.110
47.570
48.030
48.490
48.960
49.420
49.880
50.340
50.800
51.260
51.730
52.180
52.650
53.100
53.570
54.020
54.490
54.950
55.420
55.870
56.330
56.790
57.260
57.720
58.180
58.630
59.100
59.560
60.020
60.480
60.950
61.410
61.880
62.330
62.800
63.260
63.720
64.170
64.640
65.110
65.570
66.030
66.490
66.950
67.410
67.880
68.330
68.790
69.260
69.720
70.180
70.640
71.110
71.560
72.030
72.490
72.950
73.410
73.870
74.330
74.800
75.250
75.720
76.180
76.640
77.090
77.560
78.020
78.490
78.930
79.400
79.860
80.320
80.780
81.240
81.720
82.190
82.650
83.110
83.570
84.030
84.500
84.960
85.420
85.880
86.340
86.800
87.260
87.730
88.190
88.650
89.110
89.570
90.030
90.500
90.960
91.420
91.880
92.340
92.800
93.260
93.730
94.190
94.640
95.110
95.570
96.020
96.500
96.960
97.420
97.880
98.340
98.800
99.260
99.730
100.190
100.650
101.110
101.570
102.030
102.490
102.960
103.420
103.880
104.340
104.800
105.270
105.730
106.190
106.650
107.110
107.570
108.030
108.500
108.960
109.410
109.880
110.330
110.790
111.260
111.730
112.190
112.650
113.110
113.570
114.040
114.500
114.960
115.420
115.880
116.340
116.800
117.270
117.730
118.190
118.650
119.110
119.570
120.030
