0.270
0.700
1.130
1.560
1.990
2.420
2.850
3.270
3.700
4.130
4.560
4.990
5.420
5.840
6.280
6.700
7.130
7.560
7.990
8.420
8.850
9.270
9.700
10.130
10.560
10.990
11.420
11.850
12.270
12.700
13.130
13.560
13.990
14.410
14.850
15.270
15.700
16.130
16.560
16.990
17.420
17.840
18.270
18.690
19.130
19.560
19.990
20.410
20.850
21.270
21.700
22.130
22.560
22.990
23.420
23.840
24.270
24.700
25.130
25.570
25.990
26.420
26.840
27.280
27.700
28.140
28.560
28.990
29.420
29.850
30.270
30.700
31.130
31.560
31.990
32.420
32.840
33.270
33.700
34.140
34.560
35.000
35.410
35.850
36.270
36.700
37.130
37.560
37.980
38.420
38.840
39.270
39.700
40.130
40.560
40.990
41.420
41.820
42.270
42.700
43.120
43.540
43.990
44.410
44.840
45.280
45.690
46.140
46.560
46.980
47.420
47.840
48.270
48.710
49.130
49.560
49.990
50.400
50.840
51.270
51.700
52.130
52.550
52.990
53.420
53.850
54.270
54.710
55.130
55.570
55.980
56.420
56.850
57.270
57.700
58.140
58.550
58.990
59.410
59.850
60.280
60.710
61.130
61.560
61.990
62.420
62.840
63.280
63.700
64.140
64.560
64.990
65.420
65.850
66.260
66.700
67.130
67.570
67.990
68.430
68.850
69.280
69.700
70.140
70.560
71.000
71.420
71.860
72.270
72.710
73.120
73.560
73.990
74.420
74.840
75.270
75.700
76.130
76.560
77.000
77.420
77.850
78.270
78.710
79.130
79.560
79.980
80.420
80.850
81.280
81.700
82.140
82.560
83.000
83.410
83.850
84.270
84.720
85.130
85.560
85.990
86.420
86.830
87.270
87.700
88.130
88.560
88.990
89.420
89.850
90.270
90.710
91.130
91.570
91.990
92.420
92.840
93.270
93.690
94.130
94.560
94.990
95.420
95.840
96.270
96.710
97.130
97.570
97.990
98.400
98.850
99.280
99.700
100.130
100.560
100.990
101.420
101.840
102.280
102.700
103.130
103.560
103.990
104.420
104.850
105.270
105.700
106.130
106.560
106.980
107.420
107.840
108.270
108.700
109.130
109.560
109.990
110.420
110.850
111.270
111.700
112.130
112.560
112.990
113.420
113.840
114.270
114.700
115.130
115.560
115.990
116.420
116.850
117.270
117.700
118.130
118.560
118.990
119.420
119.840
