0.380
0.810
1.240
1.670
2.100
2.520
2.950
3.380
3.810
4.240
4.670
5.090
5.520
5.950
6.380
6.810
7.240
7.660
8.100
8.520
8.950
9.380
9.810
10.240
10.670
11.100
11.530
11.950
12.380
12.810
13.240
13.670
14.100
14.530
14.960
15.380
15.810
16.240
16.670
17.100
17.530
17.950
18.390
18.810
19.240
19.670
20.100
20.520
20.960
21.390
21.810
22.240
22.670
23.090
23.520
23.950
24.380
24.810
25.240
25.670
26.100
26.520
26.960
27.380
27.810
28.240
28.670
29.100
29.520
29.950
30.380
30.810
31.240
31.670
32.100
32.520
32.950
33.380
33.810
34.240
34.670
35.100
35.530
35.950
36.380
36.810
37.240
37.670
38.100
38.530
38.950
39.380
39.810
40.230
40.670
41.100
41.530
41.950
42.380
42.810
43.250
43.670
44.110
44.530
44.960
45.390
45.800
46.240
46.670
47.100
47.530
47.950
48.370
48.810
49.230
49.660
50.100
50.530
50.960
51.380
51.810
52.240
52.660
53.090
53.520
53.950
54.380
54.800
55.230
55.670
56.090
56.520
56.950
57.380
57.810
58.240
58.660
59.090
59.520
59.950
60.380
60.810
61.240
61.660
62.090
62.520
62.940
63.380
63.810
64.240
64.670
65.100
65.520
65.950
66.380
66.810
67.230
67.660
68.090
68.520
68.940
69.380
69.800
70.240
70.670
71.090
71.520
71.950
72.380
72.810
73.240
73.670
74.100
74.520
74.950
75.380
75.810
76.240
76.670
77.090
77.530
77.950
78.380
78.810
79.240
79.670
80.100
80.520
80.950
81.380
81.810
82.240
82.670
83.100
83.530
83.950
84.380
84.810
85.240
85.670
86.100
86.530
86.960
87.380
87.810
88.230
88.670
89.090
89.530
89.950
90.380
90.810
91.240
91.670
92.100
92.520
92.950
93.390
93.810
94.240
94.670
95.090
95.530
95.950
96.380
96.810
97.240
97.670
98.100
98.520
98.960
99.380
99.810
100.240
100.670
101.100
101.520
101.950
102.380
102.810
103.240
103.670
104.100
104.520
104.950
105.380
105.810
106.240
106.670
107.100
107.530
107.950
108.380
108.810
109.240
109.670
110.100
110.530
110.950
111.380
111.810
112.240
112.670
113.100
113.530
113.950
114.390
114.810
115.240
115.660
116.100
116.520
116.960
117.380
117.810
118.240
118.670
119.100
119.530
119.950
