0.060
0.450
0.890
1.310
1.740
2.170
2.600
3.030
3.450
3.890
4.320
4.740
5.170
5.600
6.030
6.460
6.890
7.310
7.740
8.170
8.600
9.030
9.460
9.880
10.310
10.740
11.170
11.600
12.030
12.450
12.880
13.310
13.740
14.170
14.600
15.020
15.450
15.880
16.310
16.740
17.170
17.600
18.030
18.460
18.890
19.310
19.740
20.170
20.600
21.030
21.460
21.890
22.320
22.740
23.170
23.600
24.030
24.450
24.880
25.310
25.740
26.170
26.600
27.030
27.450
27.880
28.310
28.740
29.170
29.600
30.030
30.460
30.880
31.310
31.740
32.170
32.600
33.030
33.450
33.880
34.310
34.740
35.170
35.600
36.030
36.450
36.880
37.320
37.740
38.170
38.600
39.030
39.460
39.890
40.310
40.740
41.170
41.600
42.030
42.460
42.880
43.320
43.740
44.170
44.600
45.030
45.460
45.890
46.310
46.740
47.170
47.600
48.030
48.460
48.890
49.320
49.740
50.170
50.600
51.030
51.460
51.890
52.320
52.740
53.170
53.600
54.030
54.460
54.890
55.320
55.740
56.170
56.600
57.030
57.460
57.890
58.320
58.740
59.170
59.600
60.030
60.460
60.890
61.320
61.740
62.170
62.600
63.030
63.460
63.880
64.310
64.740
65.170
65.600
66.030
66.460
66.880
67.310
67.740
68.170
68.600
69.030
69.460
69.890
70.310
70.740
71.170
71.600
72.030
72.460
72.890
73.310
73.740
74.170
74.600
75.030
75.460
75.880
76.320
76.740
77.170
77.600
78.030
78.460
78.880
79.310
79.740
80.170
80.590
81.020
81.450
81.880
82.310
82.730
83.170
83.600
84.010
84.460
84.870
85.310
85.740
86.170
86.600
87.030
87.460
87.890
88.310
88.750
89.170
89.600
90.030
90.460
90.890
91.310
91.740
92.170
92.600
93.030
93.460
93.880
94.320
94.750
95.170
95.600
96.030
96.460
96.880
97.320
97.750
98.170
98.600
99.020
99.460
99.890
100.320
100.740
101.170
101.600
102.020
102.460
102.890
103.320
103.740
104.170
104.600
105.030
105.460
105.880
106.310
106.740
107.170
107.600
108.020
108.460
108.890
109.310
109.740
110.170
110.600
111.030
111.460
111.880
112.310
112.740
113.170
113.600
114.030
114.450
114.890
115.320
115.740
116.170
116.600
117.030
117.450
117.890
118.320
118.740
119.170
119.590
120.030
