0.720
1.600
2.480
3.370
4.250
5.140
6.010
6.900
7.780
8.660
9.550
10.430
11.310
12.190
13.080
13.960
14.840
15.720
16.400
17.030
17.710
18.370
18.920
19.480
20.050
20.670
21.240
21.820
22.430
23.000
23.620
24.210
24.770
25.390
25.970
26.530
27.110
27.720
28.300
28.870
29.490
30.060
30.650
31.260
31.850
32.480
33.050
33.630
34.250
34.810
35.400
36.020
36.580
37.170
37.780
38.350
38.960
39.550
40.110
40.650
41.310
41.970
42.740
43.520
44.290
44.980
45.720
46.600
47.490
48.370
49.250
50.130
51.020
51.900
52.790
53.660
54.550
55.430
56.310
57.190
58.080
58.960
59.840
60.720
61.610
62.490
63.370
64.250
65.140
66.010
66.900
67.780
68.660
69.540
70.430
71.310
72.200
73.070
73.950
74.840
75.720
76.600
77.490
78.370
79.250
80.130
81.020
81.900
82.780
83.660
84.550
85.430
86.310
87.190
88.080
88.950
89.840
90.720
91.600
92.480
93.370
94.250
95.140
96.020
96.900
97.780
98.660
99.550
100.430
101.310
102.190
103.080
103.960
104.840
105.720
106.600
107.490
108.370
109.250
110.130
111.020
111.900
112.780
113.660
114.550
115.420
116.310
117.190
118.080
118.960
119.840
