0.350
0.760
1.160
1.560
1.970
2.400
2.810
3.190
3.600
4.000
4.410
4.810
5.220
5.620
6.030
6.430
6.840
7.250
7.650
8.050
8.460
8.870
9.270
9.680
10.080
10.490
10.890
11.300
11.700
12.110
12.510
12.920
13.320
13.730
14.140
14.540
14.950
15.350
15.760
16.160
16.570
16.980
17.380
17.780
18.190
18.600
19.000
19.410
19.810
20.220
20.620
21.030
21.430
21.840
22.250
22.650
23.060
23.460
23.870
24.270
24.680
25.080
25.490
25.890
26.300
26.700
27.110
27.510
27.920
28.350
28.730
29.140
29.540
29.950
30.350
30.750
31.150
31.570
31.970
32.370
32.780
33.180
33.590
33.990
34.400
34.800
35.200
35.620
36.030
36.430
36.840
37.240
37.650
38.050
38.450
38.860
39.270
39.670
40.080
40.480
40.890
41.290
41.700
42.100
42.510
42.920
43.330
43.730
44.130
44.540
44.940
45.350
45.750
46.150
46.570
46.970
47.380
47.780
48.190
48.600
49.000
49.410
49.810
50.210
50.620
51.020
51.430
51.840
52.240
52.640
53.050
53.460
53.860
54.270
54.670
55.080
55.490
55.890
56.300
56.700
57.110
57.510
57.920
58.320
58.720
59.140
59.540
59.940
60.350
60.750
61.160
61.560
61.970
62.380
62.790
63.190
63.590
64.000
64.400
64.810
65.220
65.630
66.030
66.430
66.840
67.240
67.650
68.050
68.460
68.930
69.370
69.830
70.280
70.690
71.100
71.500
71.910
72.310
72.710
73.120
73.530
73.930
74.340
74.740
75.150
75.550
75.960
76.370
76.770
77.180
77.580
77.990
78.390
78.800
79.200
79.610
80.040
80.440
80.830
81.230
81.640
82.040
82.450
82.850
83.260
83.660
84.070
84.480
84.880
85.290
85.690
86.100
86.510
86.910
87.310
87.720
88.130
88.530
88.930
89.340
89.750
90.150
90.560
90.960
91.370
91.770
92.180
92.580
92.990
93.400
93.800
94.210
94.610
95.020
95.420
95.830
96.240
96.640
97.040
97.450
97.850
98.250
98.670
99.070
99.480
99.880
100.280
100.690
101.100
101.510
101.910
102.310
102.710
103.130
103.530
103.940
104.340
104.750
105.150
105.560
105.960
106.370
106.770
107.180
107.590
107.990
108.390
108.800
109.210
109.610
110.020
110.420
110.830
111.230
111.640
112.050
112.450
112.860
113.260
113.670
114.070
114.470
114.880
115.290
115.690
116.100
116.500
116.900
117.320
117.720
118.120
118.530
118.940
119.340
119.750
