0.300
0.990
1.680
2.360
3.050
3.750
4.440
5.130
5.810
6.510
7.190
7.870
8.560
9.260
9.940
10.640
11.320
12.020
12.700
13.400
14.080
14.770
15.460
16.150
16.830
17.530
18.370
19.240
19.940
20.630
21.320
22.010
22.700
23.390
24.080
24.770
25.460
26.150
26.830
27.520
28.210
28.900
29.590
30.280
30.970
31.660
32.350
33.040
33.730
34.420
35.110
35.800
36.490
37.180
37.870
38.560
39.250
39.940
40.630
41.320
42.010
42.700
43.390
44.080
44.770
45.460
46.140
46.840
47.530
48.210
48.900
49.590
50.280
50.970
51.660
52.350
53.040
53.730
54.420
55.110
55.800
56.490
57.180
57.870
58.560
59.250
59.940
60.630
61.320
62.010
62.690
63.380
64.080
64.770
65.460
66.140
66.840
67.520
68.210
68.910
69.590
70.280
70.970
71.660
72.350
73.040
73.730
74.420
75.110
75.800
76.490
77.180
77.870
78.560
79.250
79.940
80.630
81.320
82.010
82.700
83.390
84.080
84.770
85.460
86.150
86.830
87.520
88.210
88.900
89.590
90.280
90.970
91.660
92.350
93.040
93.730
94.420
95.110
95.800
96.490
97.180
97.870
98.560
99.250
99.940
100.630
101.320
102.010
102.700
103.390
104.080
104.770
105.450
106.110
106.820
107.470
108.140
108.830
109.500
110.220
110.860
111.610
112.340
113.030
113.740
114.470
115.230
115.980
116.690
117.470
118.200
118.920
