0.070
0.580
1.050
1.520
1.980
2.460
2.930
3.400
3.850
4.330
4.810
5.270
5.730
6.210
6.680
7.150
7.600
8.080
8.550
9.020
9.470
9.960
10.420
10.900
11.350
11.830
12.300
12.780
13.230
13.710
14.170
14.650
15.220
15.760
16.280
16.750
17.220
17.690
18.160
18.620
19.090
19.570
20.030
20.500
20.970
21.420
21.910
22.370
22.840
23.320
23.780
24.250
24.720
25.190
25.660
26.120
26.590
27.070
27.530
27.990
28.470
28.930
29.400
29.870
30.350
30.810
31.280
31.750
32.220
32.690
33.160
33.630
34.100
34.560
35.030
35.500
35.970
36.440
36.910
37.380
37.850
38.310
38.780
39.250
39.720
40.190
40.660
41.130
41.600
42.060
42.530
43.000
43.470
43.940
44.410
44.880
45.350
45.810
46.280
46.750
47.220
47.690
48.160
48.630
49.100
49.560
50.030
50.500
50.970
51.440
51.910
52.380
52.850
53.310
53.780
54.250
54.720
55.190
55.660
56.130
56.600
57.060
57.530
58.000
58.470
58.940
59.410
59.880
60.350
60.810
61.280
61.750
62.220
62.690
63.160
63.630
64.100
64.560
65.030
65.500
65.970
66.440
66.910
67.380
67.850
68.310
68.780
69.250
69.720
70.190
70.660
71.130
71.600
72.060
72.530
73.000
73.470
73.940
74.410
74.880
75.350
75.810
76.280
76.750
77.220
77.690
78.160
78.630
79.100
79.560
80.030
80.500
80.970
81.440
81.910
82.380
82.850
83.320
83.780
84.250
84.720
85.190
85.660
86.130
86.600
87.060
87.530
88.000
88.470
88.940
89.410
89.870
90.350
90.810
91.280
91.750
92.100
92.450
92.810
93.190
93.590
93.970
94.340
94.710
95.090
95.490
95.850
96.210
96.560
96.940
97.340
97.720
98.090
98.460
98.840
99.240
99.600
99.950
100.310
100.690
101.090
101.470
101.830
102.190
102.570
102.970
103.350
103.710
104.090
104.470
104.870
105.230
105.590
105.940
106.320
106.720
107.100
107.460
107.840
108.240
108.620
108.980
109.330
109.680
110.040
110.510
110.980
111.430
111.910
112.380
112.850
113.320
113.780
114.250
114.720
115.190
115.660
116.130
116.600
117.070
117.530
118.000
118.470
118.940
119.410
119.880
