0.190
0.670
1.150
1.620
2.100
2.580
3.050
3.520
4.000
4.470
4.950
5.430
5.900
6.380
6.850
7.330
7.810
8.290
8.780
9.240
9.710
10.190
10.670
11.150
11.620
12.100
12.570
13.050
13.530
14.000
14.480
14.960
15.430
15.910
16.380
16.860
17.340
17.810
18.290
18.770
19.230
19.720
20.190
20.670
21.150
21.620
22.100
22.580
23.050
23.530
24.000
24.480
24.950
25.430
25.910
26.390
26.860
27.340
27.810
28.290
28.770
29.240
29.720
30.200
30.670
31.150
31.620
32.100
32.570
33.050
33.530
34.010
34.480
34.950
35.430
35.910
36.380
36.860
37.330
37.810
38.180
38.580
38.980
39.360
39.720
40.100
40.480
40.880
41.260
41.620
42.000
42.380
42.780
43.160
43.530
43.900
44.280
44.680
45.060
45.430
45.800
46.190
46.600
46.980
47.340
47.720
48.100
48.500
48.880
49.240
49.620
50.000
50.400
50.780
51.150
51.520
51.900
52.300
52.680
53.050
53.420
53.810
54.220
54.600
54.960
55.340
55.720
56.120
56.500
56.860
57.240
57.620
58.020
58.400
58.770
59.140
59.520
59.920
60.300
60.670
61.040
61.420
61.820
62.200
62.580
62.940
63.320
63.720
64.110
64.480
64.870
65.260
65.670
66.030
66.390
66.740
67.100
67.450
67.810
68.290
68.750
69.240
69.710
70.200
70.660
71.140
71.620
72.100
72.570
73.050
73.520
74.000
74.480
74.950
75.430
75.910
76.380
76.860
77.330
77.810
78.290
78.760
79.240
79.720
80.190
80.670
81.140
81.620
82.100
82.570
83.050
83.520
84.000
84.480
84.950
85.430
85.910
86.380
86.860
87.340
87.810
88.290
88.760
89.240
89.720
90.190
90.670
91.140
91.620
92.100
92.570
93.050
93.530
94.000
94.480
94.950
95.430
95.910
96.380
96.860
97.340
97.810
98.290
98.760
99.250
99.720
100.200
100.670
101.150
101.620
102.100
102.580
103.050
103.520
104.000
104.480
104.960
105.440
105.910
106.390
106.860
107.340
107.810
108.290
108.770
109.240
109.720
110.200
110.670
111.150
111.620
112.100
112.580
113.050
113.530
114.010
114.480
114.960
115.430
115.910
116.380
116.860
117.340
117.810
118.280
118.770
119.240
119.720
