0.770
1.630
2.490
3.340
4.200
5.060
5.910
6.770
7.630
8.490
9.340
10.200
11.060
11.910
12.770
13.630
14.490
15.340
16.200
17.060
17.910
18.770
19.630
20.490
21.340
22.200
23.060
23.920
24.770
25.630
26.490
27.340
28.200
29.060
29.920
30.770
31.630
32.490
33.340
34.190
35.060
35.910
36.770
37.630
38.490
39.340
40.210
41.060
41.920
42.770
43.630
44.490
45.350
46.200
47.060
47.920
48.770
49.630
50.490
51.340
52.200
53.060
53.920
54.770
55.630
56.490
57.340
58.200
59.060
59.910
60.770
61.620
62.490
63.340
64.210
65.060
65.910
66.770
67.630
68.490
69.350
70.200
71.060
71.910
72.780
73.630
74.490
75.340
76.200
77.060
77.920
78.780
79.630
80.490
81.350
82.200
83.060
83.920
84.770
85.630
86.490
87.340
88.200
89.060
89.920
90.770
91.630
92.490
93.340
94.200
95.060
95.910
96.770
97.630
98.490
99.340
100.200
101.060
101.920
102.770
103.630
104.490
105.340
106.200
107.060
107.910
108.770
109.630
110.490
111.320
112.180
113.040
113.760
114.540
115.300
116.080
116.800
117.590
118.340
