0.370
0.940
1.530
2.170
2.750
3.320
3.910
4.530
5.120
5.690
6.290
6.920
7.510
8.070
8.670
9.300
9.880
10.450
11.040
11.660
12.260
12.820
13.420
14.050
14.630
15.200
15.790
16.410
17.010
17.580
18.170
18.790
19.380
19.950
20.540
21.170
21.770
22.330
22.920
23.550
24.130
24.700
25.300
25.900
26.520
27.080
27.680
28.310
28.890
29.460
30.050
30.680
31.270
31.840
32.430
33.050
33.640
34.210
34.800
35.400
35.980
36.600
37.180
37.810
38.390
38.960
39.550
40.180
40.780
41.340
41.930
42.560
43.140
43.720
44.310
44.910
45.520
46.090
46.690
47.320
47.900
48.470
49.060
49.690
50.280
50.850
51.440
52.070
52.650
53.220
53.810
54.410
54.980
55.590
56.190
56.820
57.400
57.970
58.560
59.190
59.790
60.350
60.940
61.570
62.150
62.720
63.310
63.920
64.520
65.100
65.690
66.320
66.900
67.480
68.070
68.700
69.290
69.850
70.450
71.070
71.650
72.230
72.820
73.450
74.040
74.610
75.200
75.830
76.410
76.980
77.570
78.200
78.790
79.360
79.950
80.570
81.160
81.740
82.330
82.960
83.550
84.110
84.700
85.330
85.910
86.490
87.080
87.710
88.300
88.860
89.460
90.090
90.660
91.240
91.830
92.460
93.050
93.620
94.210
94.840
95.420
95.990
96.590
97.210
97.800
98.370
98.960
99.590
100.170
100.750
101.340
101.970
102.560
103.150
103.740
104.290
104.880
105.470
106.060
106.660
107.260
107.850
108.450
109.040
109.640
110.270
110.860
111.460
112.060
112.660
113.250
113.850
114.430
115.030
115.620
116.220
116.810
117.400
118.000
118.600
119.180
119.780
