0.440
1.150
1.850
2.550
3.250
3.950
4.660
5.360
6.060
6.720
7.410
8.120
8.870
9.570
10.270
10.970
11.680
12.390
13.090
13.790
14.490
15.190
15.890
16.590
17.290
18.030
18.700
19.390
20.100
20.810
21.510
22.190
22.900
23.610
24.310
25.010
25.710
26.420
27.120
27.820
28.520
29.210
29.930
30.610
31.320
32.040
32.730
33.430
34.140
34.830
35.540
36.230
36.930
37.640
38.340
39.050
39.750
40.450
41.150
41.850
42.550
43.250
43.960
44.660
45.370
46.060
46.760
47.460
48.170
48.870
49.570
50.280
50.980
51.680
52.380
53.080
53.780
54.480
55.190
55.890
56.590
57.290
58.000
58.690
59.390
60.100
60.800
61.500
62.200
62.910
63.610
64.310
65.000
65.710
66.410
67.110
67.810
68.510
69.220
69.920
70.620
71.320
72.020
72.720
73.430
74.130
74.830
75.530
76.230
76.940
77.640
78.340
79.040
79.740
80.450
81.150
81.850
82.550
83.250
83.960
84.660
85.360
86.060
86.760
87.460
88.160
88.860
89.570
90.270
90.970
91.670
92.370
93.080
93.780
94.470
95.180
95.880
96.580
97.290
97.990
98.690
99.390
100.090
100.790
101.500
102.200
102.900
103.600
104.300
105.010
105.710
106.410
107.110
107.810
108.520
109.200
109.920
110.630
111.320
112.030
112.730
113.430
114.130
114.830
115.540
116.240
116.940
117.640
118.340
119.050
119.750
