0.600
1.420
2.330
3.200
4.020
4.890
5.760
6.630
7.470
8.340
9.200
10.060
10.910
11.770
12.630
13.510
14.340
15.210
16.060
16.880
17.760
18.620
19.500
20.340
21.210
22.070
22.920
23.780
24.640
25.500
26.360
27.210
28.070
28.930
29.790
30.640
31.500
32.370
33.220
34.090
34.940
35.800
36.660
37.530
38.380
39.240
40.090
40.740
41.380
42.030
42.450
42.890
43.310
43.750
44.170
44.600
45.040
45.460
45.890
46.320
46.760
47.180
47.610
48.030
48.470
48.900
49.330
49.750
50.190
50.630
51.040
51.470
51.910
52.330
52.760
53.190
53.620
54.050
54.480
54.900
55.330
55.760
56.190
56.620
57.050
57.480
57.910
58.340
58.770
59.200
59.620
60.050
60.480
60.910
61.340
61.770
62.200
62.630
63.060
63.490
63.920
64.340
64.770
65.200
65.630
66.060
66.490
66.920
67.350
67.780
68.210
68.630
69.070
69.500
69.920
70.350
70.780
71.210
71.640
72.070
72.540
73.030
73.500
74.000
74.430
74.860
75.290
75.720
76.150
76.580
77.010
77.430
77.870
78.290
78.720
79.150
79.580
80.010
80.440
80.870
81.300
81.730
82.160
82.590
83.010
83.440
83.870
84.300
84.730
85.160
85.590
86.020
86.450
86.880
87.300
87.740
88.170
88.600
89.020
89.450
89.880
90.310
90.740
91.170
91.600
92.030
92.460
92.890
93.310
93.740
94.170
94.600
95.040
95.460
95.890
96.320
96.750
97.180
97.600
98.040
98.460
98.890
99.320
99.750
100.180
100.610
101.040
101.470
101.900
102.330
102.760
103.190
103.620
104.040
104.480
104.900
105.330
105.760
106.190
106.620
107.050
107.480
107.910
108.330
108.770
109.200
109.630
110.050
110.480
110.910
111.340
111.770
112.200
112.630
113.060
113.490
113.920
114.340
114.780
115.210
115.640
116.060
116.490
116.920
117.350
117.780
118.200
118.640
119.070
119.500
119.920
