0.070
0.430
0.780
1.130
1.480
1.830
2.180
2.520
2.870
3.210
3.550
3.920
4.260
4.610
4.960
5.300
5.670
6.020
6.370
6.710
7.060
7.410
7.760
8.100
8.450
8.800
9.140
9.500
9.850
10.200
10.550
10.900
11.250
11.590
11.940
12.290
12.640
12.990
13.340
13.680
14.030
14.380
14.730
15.080
15.430
15.780
16.130
16.480
16.820
17.170
17.520
17.870
18.220
18.570
18.910
19.270
19.620
19.970
20.310
20.660
21.010
21.360
21.710
22.060
22.400
22.760
23.110
23.450
23.800
24.150
24.500
24.840
25.200
25.540
25.890
26.240
26.600
26.940
27.290
27.640
27.990
28.330
28.680
29.040
29.380
29.730
30.080
30.430
30.780
31.130
31.480
31.820
32.170
32.520
32.870
33.220
33.570
33.920
34.270
34.620
34.960
35.300
35.660
36.010
36.360
36.710
37.050
37.400
37.750
38.100
38.450
38.800
39.130
39.500
39.840
40.200
40.540
40.890
41.240
41.590
41.940
42.290
42.640
42.990
43.330
43.690
44.030
44.380
44.730
45.080
45.430
45.780
46.130
46.480
46.820
47.170
47.510
47.870
48.220
48.560
48.920
49.270
49.620
49.960
50.310
50.650
51.010
51.360
51.710
52.070
52.410
52.750
53.110
53.460
53.800
54.150
54.490
54.830
55.180
55.540
55.890
56.240
56.590
56.940
57.290
57.640
57.990
58.330
58.680
59.030
59.370
59.730
60.080
60.430
60.770
61.120
61.470
61.830
62.160
62.520
62.870
63.220
63.570
63.920
64.270
64.620
64.960
65.310
65.660
66.010
66.360
66.710
67.050
67.410
67.750
68.110
68.450
68.810
69.150
69.500
69.850
70.200
70.540
70.890
71.240
71.590
71.940
72.290
72.640
72.990
73.330
73.690
74.040
74.380
74.740
75.080
75.440
75.950
76.480
77.180
77.870
78.570
79.260
79.970
80.660
81.370
82.060
82.760
83.450
84.160
84.850
85.550
86.250
86.950
87.640
88.340
89.040
89.740
90.430
91.130
91.830
92.530
93.220
93.920
94.620
95.320
96.010
96.720
97.410
98.110
98.800
99.500
100.200
100.900
101.590
102.290
102.990
103.690
104.380
105.090
105.780
106.480
107.170
107.880
108.570
109.270
109.960
110.670
111.360
112.060
112.750
113.460
114.150
114.860
115.540
116.250
116.940
117.640
118.340
119.040
119.730
