0.650
1.360
2.060
2.770
3.470
4.180
4.880
5.590
6.300
7.010
7.710
8.420
9.130
9.830
10.530
11.240
11.950
12.650
13.350
14.060
14.770
15.480
16.180
16.880
17.620
18.330
19.000
19.710
20.430
21.120
21.830
22.530
23.240
23.950
24.650
25.360
26.060
26.770
27.470
28.180
28.880
29.590
30.300
31.000
31.710
32.420
33.120
33.830
34.530
35.240
35.940
36.650
37.360
38.060
38.760
39.470
40.180
40.880
41.590
42.300
43.000
43.710
44.410
45.120
45.830
46.530
47.240
47.950
48.650
49.360
50.060
50.770
51.470
52.180
52.890
53.600
54.300
55.000
55.710
56.420
57.120
57.830
58.540
59.240
59.950
60.650
61.360
62.060
62.760
63.470
64.190
64.890
65.590
66.290
67.000
67.710
68.420
69.130
69.830
70.540
71.240
71.960
72.660
73.360
74.070
74.770
75.480
76.190
76.890
77.600
78.310
79.000
79.710
80.420
81.130
81.840
82.540
83.250
83.950
84.650
85.370
86.070
86.770
87.480
88.190
88.890
89.600
90.310
91.010
91.710
92.420
93.120
93.830
94.530
95.240
95.940
96.650
97.270
97.680
98.060
98.420
98.770
99.120
99.470
99.830
100.190
100.540
100.880
101.240
101.590
101.950
102.290
102.650
103.000
103.360
103.710
104.060
104.410
104.770
105.120
105.480
105.830
106.180
106.530
106.890
107.240
107.590
107.940
108.290
108.650
108.990
109.360
109.710
110.060
110.420
110.770
111.120
111.480
111.830
112.180
112.540
112.890
113.240
113.590
113.950
114.290
114.650
115.000
115.360
115.710
116.060
116.410
116.770
117.120
117.480
117.830
118.180
118.530
118.890
119.230
119.590
119.940
