0.070
0.410
0.760
1.100
1.450
1.790
2.140
2.480
2.820
3.170
3.510
3.860
4.200
4.550
4.890
5.240
5.580
5.930
6.270
6.620
6.960
7.310
7.660
8.000
8.340
8.690
9.030
9.380
9.720
10.070
10.410
10.760
11.100
11.440
11.790
12.140
12.480
12.820
13.170
13.510
13.860
14.200
14.550
14.890
15.240
15.580
15.930
16.270
16.620
16.960
17.310
17.650
18.000
18.340
18.690
19.030
19.380
19.720
20.070
20.410
20.840
21.370
22.060
22.810
23.510
24.210
24.890
25.580
26.270
26.960
27.650
28.340
29.030
29.720
30.410
31.100
31.790
32.480
33.170
33.870
34.550
35.240
35.930
36.620
37.310
38.000
38.690
39.380
40.070
40.760
41.450
42.140
42.830
43.520
44.210
45.060
45.930
46.620
47.310
48.000
48.690
49.380
50.070
50.760
51.440
52.130
52.820
53.510
54.200
54.890
55.580
56.270
56.960
57.650
58.340
59.030
59.720
60.410
61.100
61.790
62.480
63.170
63.860
64.550
65.240
65.930
66.620
67.310
68.000
68.690
69.380
70.070
70.760
71.450
72.140
72.820
73.510
74.200
74.900
75.580
76.270
76.960
77.660
78.350
79.030
79.720
80.410
81.100
81.790
82.480
83.170
83.860
84.550
85.240
85.930
86.620
87.310
88.000
88.690
89.380
90.070
90.760
91.450
92.140
92.830
93.520
94.210
94.900
95.590
96.280
96.970
97.650
98.340
99.030
99.720
100.410
101.100
101.790
102.480
103.170
103.860
104.550
105.240
105.930
106.620
107.310
108.000
108.690
109.380
110.070
110.760
111.450
112.140
112.830
113.510
114.200
114.890
115.580
116.270
116.960
117.650
118.340
119.030
119.720
