0.070
0.400
0.730
1.050
1.390
1.700
2.030
2.360
2.680
3.000
3.310
3.640
3.980
4.310
4.650
4.990
5.330
5.670
6.020
6.360
6.690
7.050
7.390
7.720
8.060
8.390
8.710
9.050
9.380
9.710
10.050
10.370
10.700
11.050
11.380
11.720
12.060
12.390
12.710
13.030
13.330
13.610
13.890
14.180
14.450
14.730
15.010
15.310
15.630
15.960
16.290
16.660
17.000
17.350
17.700
18.050
18.390
18.730
19.070
19.410
19.740
20.070
20.380
20.710
21.040
21.340
21.650
21.950
22.240
22.550
22.850
23.140
23.450
23.750
24.060
24.390
24.720
25.050
25.390
25.740
26.080
26.440
26.780
27.130
27.470
27.830
28.180
28.540
28.920
29.290
29.650
30.010
30.400
30.750
31.130
31.500
31.860
32.210
32.560
32.880
33.240
33.560
33.900
34.240
34.590
34.940
35.290
35.640
35.990
36.350
36.690
37.050
37.400
37.750
38.100
38.450
38.800
39.150
39.510
39.860
40.210
40.560
40.910
41.260
41.620
41.960
42.310
42.670
43.020
43.370
43.720
44.070
44.430
44.780
45.130
45.480
45.830
46.180
46.530
46.890
47.240
47.590
47.940
48.290
48.640
48.990
49.340
49.690
50.050
50.400
50.750
51.100
51.450
51.800
52.150
52.510
52.850
53.210
53.560
53.910
54.260
54.610
54.950
55.310
55.660
56.020
56.370
56.720
57.070
57.420
57.770
58.130
58.470
58.830
59.180
59.530
59.880
60.230
60.580
60.930
61.280
61.640
61.990
62.340
62.700
63.050
63.400
63.750
64.100
64.450
64.800
65.150
65.500
65.850
66.210
66.560
66.900
67.260
67.600
67.960
68.290
68.640
69.010
69.360
69.710
70.040
70.410
70.750
71.110
71.440
71.820
72.170
72.520
72.880
73.230
73.580
73.940
74.290
74.640
74.990
75.340
75.690
76.030
76.400
76.740
77.090
77.440
77.800
78.150
78.500
78.850
79.210
79.560
79.910
80.260
80.610
80.960
81.310
81.660
82.020
82.360
82.720
83.070
83.420
83.770
84.120
84.470
84.830
85.170
85.530
85.880
86.230
86.580
86.930
87.280
87.640
87.990
88.340
88.690
89.040
89.390
89.750
90.100
90.450
90.800
91.150
91.500
91.850
92.200
92.560
92.900
93.260
93.610
93.960
94.310
94.660
95.010
95.370
95.710
96.070
96.430
96.770
97.120
97.470
97.820
98.180
98.520
98.880
99.230
99.580
99.920
100.280
100.620
100.990
101.330
101.690
102.040
102.400
102.740
103.100
103.440
103.800
104.140
104.500
104.850
105.210
105.560
105.910
106.250
106.610
106.960
107.310
107.660
108.010
108.360
108.720
109.060
109.420
109.770
110.120
110.470
110.820
111.170
111.530
111.870
112.230
112.580
112.930
113.290
113.640
113.990
114.340
114.690
115.040
115.390
115.740
116.100
116.450
116.790
117.150
117.500
117.850
118.200
118.550
118.900
119.260
119.610
119.960
