0.200
0.600
1.010
1.420
1.820
2.230
2.630
3.040
3.440
3.850
4.250
4.660
5.060
5.470
5.870
6.280
6.680
7.090
7.490
7.900
8.300
8.710
9.110
9.520
9.930
10.330
10.740
11.140
11.550
11.950
12.360
12.770
13.170
13.580
13.980
14.390
14.800
15.200
15.600
16.010
16.410
16.820
17.230
17.630
18.040
18.440
18.850
19.250
19.660
20.060
20.470
20.870
21.280
21.680
22.090
22.490
22.900
23.310
23.710
24.120
24.520
24.930
25.330
25.740
26.140
26.550
26.960
27.360
27.770
28.170
28.580
28.990
29.390
29.800
30.200
30.600
31.010
31.420
31.820
32.230
32.630
33.040
33.440
33.850
34.250
34.660
35.070
35.470
35.870
36.280
36.680
37.090
37.490
37.900
38.310
38.710
39.120
39.520
39.930
40.330
40.740
41.140
41.550
41.960
42.360
42.770
43.170
43.580
43.980
44.390
44.790
45.200
45.600
46.010
46.410
46.820
47.220
47.630
48.030
48.440
48.850
49.250
49.660
50.060
50.470
50.870
51.280
51.690
52.090
52.490
52.900
53.310
53.710
54.120
54.520
54.930
55.330
55.740
56.140
56.550
56.950
57.360
57.760
58.170
58.580
58.980
59.390
59.790
60.200
60.600
61.010
61.410
61.820
62.220
62.630
63.040
63.440
63.850
64.250
64.660
65.060
65.470
65.870
66.280
66.680
67.090
67.500
67.900
68.310
68.710
69.120
69.520
69.930
70.330
70.740
71.140
71.550
71.950
72.360
72.770
73.170
73.580
73.980
74.390
74.790
75.200
75.600
76.010
76.410
76.820
77.220
77.630
78.040
78.440
78.850
79.250
79.660
80.060
80.470
80.870
81.280
81.690
82.090
82.500
82.900
83.310
83.710
84.120
84.520
84.930
85.330
85.740
86.150
86.550
86.960
87.360
87.770
88.170
88.580
88.980
89.390
89.790
90.200
90.600
91.010
91.410
91.820
92.230
92.630
93.040
93.440
93.850
94.250
94.660
95.060
95.470
95.870
96.280
96.680
97.090
97.490
97.900
98.300
98.710
99.120
99.520
99.920
100.340
100.740
101.140
101.550
101.950
102.360
102.770
103.170
103.580
103.980
104.390
104.800
105.200
105.610
106.010
106.410
106.820
107.230
107.630
108.040
108.440
108.850
109.250
109.660
110.070
110.470
110.870
111.280
111.690
112.090
112.500
112.900
113.310
113.710
114.120
114.520
114.930
115.330
115.740
116.140
116.550
116.960
117.360
117.770
118.170
118.580
118.980
119.390
119.800
