0.490
1.190
1.880
2.580
3.270
3.960
4.660
5.350
6.040
6.740
7.430
8.130
8.820
9.510
10.210
10.900
11.590
12.290
12.980
13.670
14.370
15.060
15.760
16.450
17.140
17.840
18.530
19.220
19.920
20.620
21.310
22.000
22.700
23.390
24.050
24.760
25.470
26.150
26.850
27.540
28.250
28.930
29.620
30.320
31.020
31.690
32.390
33.090
33.790
34.480
35.160
35.860
36.570
37.240
37.920
38.660
39.350
40.040
40.740
41.450
42.120
42.830
43.530
44.210
44.890
45.590
46.280
46.980
47.660
48.360
49.060
49.750
50.440
51.130
51.830
52.520
53.210
53.910
54.600
55.290
55.990
56.680
57.370
58.070
58.760
59.460
60.150
60.840
61.540
62.230
62.920
63.620
64.310
65.010
65.700
66.400
67.080
67.780
68.470
69.170
69.860
70.550
71.250
71.940
72.630
73.330
74.020
74.710
75.410
76.100
76.800
77.490
78.180
78.880
79.570
80.260
80.960
81.650
82.350
83.040
83.730
84.430
85.120
85.810
86.510
87.200
87.890
88.590
89.280
89.970
90.670
91.360
92.060
92.750
93.440
94.140
94.830
95.520
96.220
96.910
97.600
98.300
98.990
99.690
100.380
101.070
101.770
102.460
103.150
103.850
104.540
105.230
105.930
106.620
107.320
108.010
108.710
109.410
110.110
110.790
111.480
112.170
112.870
113.560
114.250
114.950
115.640
116.330
117.030
117.720
118.410
119.110
119.800
