0.640
1.500
2.360
3.210
4.070
4.920
5.780
6.640
7.490
8.350
9.210
10.070
10.920
11.770
12.640
13.500
14.350
15.210
16.070
16.920
17.780
18.640
19.490
20.350
21.210
22.070
22.930
23.780
24.640
25.430
26.300
27.110
27.740
28.310
28.920
29.460
30.000
30.530
30.960
31.390
31.820
32.250
32.670
33.100
33.530
33.960
34.390
34.820
35.240
35.670
36.100
36.530
36.960
37.390
37.820
38.250
38.680
39.100
39.530
39.960
40.390
40.820
41.250
41.680
42.110
42.540
42.970
43.400
43.820
44.250
44.680
45.110
45.540
45.970
46.390
46.820
47.250
47.680
48.100
48.530
48.960
49.390
49.820
50.250
50.680
51.110
51.530
51.960
52.390
52.800
53.250
53.680
54.110
54.540
54.960
55.390
55.820
56.250
56.680
57.110
57.540
57.960
58.390
58.820
59.250
59.680
60.110
60.530
60.960
61.390
61.820
62.250
62.680
63.110
63.540
63.960
64.390
64.820
65.250
65.680
66.110
66.540
66.960
67.390
67.820
68.250
68.680
69.110
69.540
69.960
70.390
70.820
71.250
71.680
72.110
72.540
72.960
73.390
73.820
74.250
74.680
75.110
75.530
75.960
76.390
76.820
77.250
77.680
78.110
78.540
78.970
79.390
79.820
80.250
80.670
81.100
81.530
81.960
82.390
82.820
83.250
83.680
84.110
84.540
84.960
85.390
85.820
86.250
86.680
87.110
87.540
87.960
88.390
88.820
89.250
89.680
90.110
90.540
90.960
91.390
91.820
92.250
92.680
93.110
93.540
93.960
94.390
94.820
95.250
95.680
96.110
96.530
96.960
97.390
97.820
98.250
98.680
99.110
99.530
99.960
100.390
100.820
101.250
101.680
102.110
102.540
102.960
103.390
103.820
104.250
104.680
105.110
105.540
105.960
106.390
106.820
107.250
107.680
108.110
108.530
108.960
109.390
109.820
110.250
110.680
111.110
111.540
111.960
112.390
112.820
113.250
113.680
114.110
114.540
114.960
115.390
115.820
116.250
116.680
117.110
117.540
117.960
118.390
118.820
119.250
119.680
