0.550
1.350
2.070
2.820
3.680
4.530
5.390
6.240
7.100
7.960
8.820
9.670
10.530
11.420
12.240
13.100
13.960
14.820
15.620
16.530
17.390
18.230
19.110
19.960
20.820
21.690
22.530
23.390
24.250
25.110
25.960
26.820
27.680
28.570
29.370
30.250
31.100
31.990
32.820
33.670
34.530
35.400
36.240
37.100
37.960
38.820
39.670
40.530
41.380
42.250
43.100
43.950
44.820
45.660
46.530
47.390
48.250
49.130
49.960
50.820
51.680
52.530
53.390
54.250
55.100
55.970
56.820
57.680
58.530
59.430
60.240
61.100
61.960
62.820
63.670
64.530
65.390
66.240
67.100
67.960
68.810
69.670
70.530
71.390
72.240
73.090
73.960
74.820
75.670
76.530
77.380
78.250
79.100
79.930
80.820
81.670
82.530
83.370
84.240
85.100
85.960
86.810
87.670
88.530
89.390
90.250
91.100
91.960
92.810
93.670
94.530
95.390
96.240
97.090
97.960
98.810
99.670
100.520
101.380
102.240
103.090
103.940
104.810
105.670
106.520
107.330
108.240
109.100
109.740
110.370
111.000
111.660
112.300
112.920
113.560
114.200
114.850
115.510
116.150
116.800
117.440
118.080
118.730
