0.160
0.850
1.540
2.240
2.930
3.630
4.320
5.010
5.710
6.400
7.090
7.790
8.480
9.170
9.870
10.560
11.260
11.950
12.640
13.340
14.030
14.720
15.420
16.110
16.800
17.500
18.190
18.890
19.580
20.270
20.970
21.660
22.360
23.050
23.740
24.430
25.130
25.820
26.520
27.210
27.900
28.600
29.290
29.980
30.680
31.370
32.070
32.760
33.450
34.150
34.840
35.540
36.060
36.570
36.920
37.260
37.610
37.960
38.310
38.650
39.000
39.350
39.700
40.040
40.380
40.740
41.080
41.430
41.770
42.130
42.480
42.820
43.160
43.510
43.860
44.220
44.550
44.900
45.240
45.590
45.930
46.290
46.620
46.980
47.330
47.670
48.030
48.370
48.730
49.070
49.410
49.760
50.100
50.450
50.790
51.140
51.490
51.830
52.180
52.530
52.870
53.230
53.570
53.910
54.260
54.600
54.940
55.290
55.630
55.980
56.340
56.690
57.030
57.380
57.730
58.080
58.420
58.770
59.120
59.470
59.810
60.160
60.500
60.850
61.200
61.540
61.890
62.240
62.580
62.930
63.280
63.630
63.970
64.320
64.670
65.020
65.360
65.700
66.050
66.400
66.750
67.090
67.440
67.790
68.130
68.470
68.830
69.180
69.520
69.870
70.210
70.560
70.910
71.260
71.600
71.950
72.300
72.640
72.990
73.340
73.680
74.030
74.380
74.730
75.070
75.420
75.760
76.110
76.460
76.810
77.150
77.500
77.930
78.540
79.230
79.930
80.620
81.310
82.010
82.700
83.390
84.090
84.780
85.480
86.170
86.860
87.560
88.250
88.940
89.640
90.330
91.020
91.720
92.410
93.100
93.800
94.490
95.190
95.880
96.570
97.270
97.960
98.650
99.350
100.040
100.740
101.430
102.120
102.820
103.510
104.200
104.900
105.590
106.290
106.980
107.670
108.370
109.060
109.750
110.450
111.140
111.830
112.530
113.220
113.910
114.610
115.300
115.990
116.690
117.380
118.070
118.770
119.460
