0.170
0.640
1.100
1.570
2.040
2.510
2.980
3.450
3.910
4.390
4.850
5.320
5.790
6.260
6.730
7.200
7.660
8.130
8.600
9.070
9.540
10.010
10.480
10.950
11.410
11.890
12.350
12.820
13.290
13.760
14.230
14.700
15.170
15.640
16.100
16.570
17.040
17.510
17.980
18.450
18.910
19.390
19.850
20.330
20.790
21.260
21.730
22.200
22.660
23.120
23.610
24.080
24.530
25.010
25.490
25.940
26.430
26.890
27.360
27.830
28.300
28.770
29.240
29.710
30.180
30.640
31.120
31.580
32.060
32.520
32.990
33.460
33.930
34.400
34.870
35.330
35.800
36.270
36.740
37.200
37.670
38.140
38.610
39.080
39.550
40.010
40.490
40.960
41.420
41.890
42.360
42.830
43.300
43.770
44.240
44.710
45.170
45.640
46.120
46.580
47.060
47.520
47.990
48.460
48.930
49.390
49.860
50.330
50.800
51.270
51.740
52.210
52.670
53.140
53.610
54.080
54.550
55.020
55.480
55.960
56.420
56.890
57.360
57.830
58.300
58.770
59.240
59.710
60.170
60.640
61.110
61.580
62.050
62.520
62.990
63.460
63.920
64.390
64.860
65.330
65.790
66.270
66.740
67.210
67.670
68.140
68.610
69.080
69.540
70.020
70.490
70.950
71.420
71.890
72.350
72.830
73.280
73.730
74.220
74.670
75.150
75.610
76.100
76.570
77.040
77.510
77.980
78.450
78.910
79.390
79.850
80.320
80.800
81.250
81.740
82.190
82.660
83.130
83.610
84.080
84.550
85.020
85.480
85.950
86.420
86.880
87.360
87.830
88.300
88.770
89.230
89.700
90.170
90.640
91.110
91.580
92.050
92.520
92.980
93.450
93.920
94.390
94.860
95.330
95.800
96.270
96.730
97.200
97.670
98.140
98.610
99.080
99.540
100.010
100.480
100.950
101.420
101.890
102.340
102.820
103.290
103.760
104.230
104.700
105.170
105.640
106.110
106.570
107.040
107.510
107.980
108.450
108.920
109.380
109.850
110.320
110.790
111.260
111.730
112.200
112.670
113.130
113.600
114.070
114.540
115.010
115.480
115.950
116.420
116.890
117.350
117.820
118.290
118.760
119.230
119.700
