0.070
0.410
0.760
1.110
1.460
1.820
2.160
2.520
2.880
3.230
3.580
3.930
4.280
4.640
4.990
5.340
5.700
6.050
6.400
6.760
7.110
7.460
7.810
8.170
8.520
8.880
9.230
9.580
9.930
10.290
10.640
10.990
11.340
11.700
12.050
12.400
12.750
13.110
13.460
13.820
14.170
14.520
14.880
15.230
15.580
15.940
16.290
16.640
16.990
17.350
17.700
18.050
18.400
18.760
19.110
19.460
19.810
20.170
20.520
20.870
21.230
21.580
21.930
22.290
22.640
22.990
23.340
23.700
24.040
24.400
24.760
25.110
25.460
25.810
26.170
26.520
26.870
27.230
27.580
27.940
28.290
28.640
29.000
29.340
29.700
30.050
30.400
30.750
31.110
31.460
31.810
32.170
32.520
32.870
33.230
33.590
33.930
34.280
34.640
34.990
35.340
35.700
36.050
36.410
36.760
37.110
37.460
37.810
38.170
38.520
38.870
39.240
39.580
39.930
40.290
40.640
40.990
41.340
41.700
42.050
42.400
42.750
43.110
43.460
43.820
44.170
44.520
44.880
45.230
45.580
45.940
46.290
46.640
46.990
47.350
47.700
48.050
48.400
48.750
49.110
49.460
49.810
50.170
50.530
50.870
51.230
51.580
51.930
52.280
52.640
52.990
53.340
53.690
54.050
54.400
54.760
55.110
55.460
55.810
56.160
56.520
56.870
57.230
57.580
57.930
58.280
58.640
58.990
59.340
59.700
60.050
60.400
60.750
61.110
61.460
61.820
62.170
62.520
62.880
63.230
63.580
63.930
64.290
64.630
64.990
65.340
65.700
66.050
66.400
66.760
67.110
67.470
67.810
68.170
68.520
68.880
69.240
69.590
69.940
70.290
70.640
70.990
71.340
71.700
72.050
72.410
72.760
73.110
73.460
73.820
74.170
74.520
74.870
75.230
75.580
75.930
76.280
76.640
76.990
77.350
77.700
78.050
78.400
78.760
79.110
79.470
79.810
80.170
80.520
80.880
81.230
81.580
81.930
82.290
82.630
82.990
83.340
83.700
84.050
84.400
84.750
85.110
85.460
85.810
86.170
86.530
86.870
87.230
87.580
87.940
88.290
88.640
88.990
89.350
89.700
90.050
90.400
90.760
91.110
91.470
91.820
92.170
92.520
92.880
93.230
93.580
93.930
94.290
94.640
94.990
95.340
95.700
96.050
96.400
96.760
97.110
97.460
97.820
98.170
98.520
98.870
99.230
99.580
99.930
100.280
100.640
100.990
101.350
101.700
102.050
102.400
102.760
103.110
103.460
103.820
104.170
104.520
104.870
105.220
105.580
105.930
106.290
106.640
106.990
107.340
107.700
108.050
108.400
108.760
109.110
109.460
109.820
110.170
110.520
110.870
111.230
111.580
111.940
112.280
112.640
112.990
113.350
113.700
114.050
114.400
114.760
115.110
115.460
115.820
116.170
116.520
116.870
117.230
117.580
117.930
118.290
118.640
118.990
119.350
119.700
120.050
