0.370
1.050
1.740
2.440
3.130
3.810
4.500
5.200
5.880
6.570
7.260
7.960
8.640
9.330
10.020
10.710
11.400
12.090
12.780
13.470
14.160
14.850
15.540
16.230
16.920
17.610
18.290
18.990
19.680
20.370
21.060
21.750
22.440
23.130
23.800
24.510
25.190
25.880
26.540
27.140
27.760
28.370
28.980
29.570
30.200
30.820
31.400
32.050
32.670
33.260
33.890
34.490
35.100
35.710
36.370
36.980
37.620
38.290
38.920
39.570
40.200
40.820
41.470
42.100
42.760
43.430
44.090
44.740
45.380
46.100
46.790
47.480
48.170
48.860
49.550
50.240
50.930
51.610
52.300
53.000
53.680
54.370
55.060
55.750
56.440
57.130
57.820
58.510
59.200
59.890
60.580
61.270
61.960
62.650
63.340
64.030
64.720
65.410
66.100
66.790
67.480
68.170
68.890
69.650
70.310
71.010
71.680
72.310
72.990
73.680
74.370
75.060
75.750
76.440
77.130
77.820
78.510
79.190
79.890
80.580
81.360
82.130
83.000
83.680
84.370
85.060
85.760
86.440
87.130
87.820
88.510
89.200
89.900
90.580
91.270
91.960
92.650
93.340
94.030
94.720
95.410
96.100
96.790
97.480
98.170
98.860
99.550
100.240
100.930
101.620
102.310
103.000
103.680
104.370
105.070
105.750
106.440
107.130
107.820
108.510
109.200
109.890
110.580
111.270
111.960
112.650
113.340
114.030
114.720
115.410
116.100
116.790
117.480
118.170
118.860
119.550
