0.380
1.030
1.720
2.410
3.100
3.790
4.480
5.170
5.860
6.550
7.240
7.930
8.620
9.310
10.000
10.690
11.380
12.070
12.760
13.450
14.140
14.830
15.520
16.210
16.900
17.590
18.270
18.970
19.650
20.340
21.030
21.720
22.410
23.100
23.780
24.560
25.310
26.030
26.790
27.560
28.280
29.040
29.800
30.530
31.270
32.020
32.760
33.480
34.230
34.970
35.740
36.510
37.220
38.030
38.770
39.580
40.350
41.130
41.920
42.760
43.520
44.360
45.000
45.720
46.380
47.020
47.630
48.280
48.960
49.610
50.340
51.030
51.710
52.420
53.150
53.800
54.530
55.170
55.880
56.530
57.250
57.900
58.620
59.270
59.990
60.680
61.380
62.110
62.810
63.500
64.140
64.820
65.500
66.210
66.890
67.590
68.260
68.970
69.660
70.360
71.050
71.750
72.420
73.100
73.790
74.490
75.170
75.860
76.550
77.240
77.930
78.620
79.310
80.000
80.690
81.380
82.070
82.760
83.450
84.140
84.830
85.520
86.210
86.900
87.590
88.280
88.970
89.660
90.340
90.990
91.380
91.720
92.070
92.410
92.760
93.100
93.450
93.790
94.140
94.480
94.830
95.170
95.510
95.860
96.210
96.550
96.900
97.240
97.580
97.930
98.270
98.620
98.970
99.310
99.650
100.000
100.340
100.690
101.030
101.380
101.720
102.060
102.410
102.760
103.100
103.450
103.790
104.140
104.480
104.830
105.170
105.510
105.860
106.210
106.550
106.890
107.240
107.580
107.930
108.270
108.620
108.970
109.310
109.650
110.000
110.340
110.690
111.030
111.380
111.720
112.070
112.410
112.760
113.100
113.450
113.790
114.140
114.480
114.830
115.170
115.520
115.860
116.210
116.550
116.900
117.240
117.580
117.930
118.270
118.620
118.960
119.310
119.650
119.990
