0.800
1.670
2.520
3.380
4.230
5.090
5.950
6.800
7.660
8.530
9.380
10.240
11.090
11.950
12.810
13.660
14.520
15.380
16.230
17.090
17.950
18.810
19.670
20.520
21.380
22.240
23.090
23.950
24.760
25.660
26.520
27.380
28.230
29.090
29.950
30.810
31.660
32.520
33.380
34.230
35.090
35.950
36.810
37.660
38.520
39.370
40.230
41.090
41.950
42.810
43.660
44.520
45.380
46.240
47.090
47.950
48.810
49.660
50.520
51.380
52.230
53.090
53.950
54.800
55.660
56.520
57.380
58.230
59.090
59.950
60.810
61.660
62.520
63.380
64.230
65.090
65.950
66.710
67.510
68.380
69.200
70.050
70.920
71.780
72.610
73.520
74.360
75.220
76.060
76.920
77.740
78.620
79.510
80.330
81.190
82.050
82.880
83.740
84.620
85.470
86.510
87.460
88.490
89.500
90.460
91.460
92.510
93.380
94.220
95.080
95.940
96.800
97.660
98.510
99.340
100.220
101.080
101.940
102.780
103.660
104.490
105.370
106.230
107.090
107.940
108.810
109.660
110.520
111.380
112.230
113.090
113.950
114.800
115.660
116.520
117.370
118.230
119.090
119.950
