0.070
0.940
1.840
2.730
3.700
4.590
5.560
6.490
7.440
8.370
9.360
10.330
11.310
12.250
13.220
14.160
15.120
16.080
17.030
18.000
18.960
19.920
20.880
21.850
22.770
23.780
24.740
25.710
26.660
27.630
28.550
29.480
30.390
31.360
32.330
33.300
34.230
35.200
36.150
37.110
38.070
39.030
40.000
40.960
41.910
42.870
43.830
44.810
45.770
46.810
47.790
48.750
49.720
50.670
51.620
52.620
53.540
54.510
55.480
56.420
57.400
58.360
59.340
60.310
61.360
62.400
63.390
64.430
65.260
66.110
66.990
67.920
68.810
69.770
70.770
71.740
72.630
73.560
74.400
75.310
76.240
77.190
78.130
79.140
80.070
81.030
82.020
82.980
83.910
84.870
85.850
86.770
87.760
88.710
89.790
90.780
91.830
92.810
93.810
94.860
95.830
96.810
97.710
98.640
99.550
100.530
101.510
102.460
103.390
104.390
105.350
106.310
107.230
108.230
109.190
110.150
111.070
112.040
113.040
114.030
115.000
115.950
116.900
117.840
118.720
119.680
