0.190
0.610
1.050
1.470
1.900
2.330
2.760
3.190
3.620
4.040
4.470
4.900
5.340
5.760
6.190
6.620
7.050
7.470
7.910
8.330
8.760
9.180
9.620
10.050
10.480
10.900
11.330
11.760
12.190
12.610
13.050
13.470
13.900
14.330
14.760
15.190
15.620
16.040
16.470
16.900
17.330
17.760
18.190
18.610
19.050
19.470
19.900
20.330
20.760
21.190
21.620
22.040
22.470
22.900
23.330
23.760
24.190
24.610
25.050
25.470
25.900
26.330
26.760
27.190
27.620
28.040
28.470
28.900
29.330
29.760
30.190
30.620
31.050
31.470
31.900
32.330
32.770
33.200
33.630
34.040
34.490
34.900
35.340
35.760
36.220
36.640
37.100
37.590
38.060
38.530
39.000
39.450
39.930
40.390
40.880
41.340
41.820
42.280
42.750
43.230
43.680
44.170
44.640
45.080
45.540
46.020
46.470
46.940
47.380
47.840
48.320
48.780
49.240
49.690
50.140
50.600
51.080
51.520
51.980
52.440
52.900
53.360
53.840
54.280
54.740
55.210
55.700
56.160
56.640
57.090
57.550
58.030
58.480
58.900
59.340
59.760
60.190
60.610
61.050
61.470
61.910
62.330
62.750
63.190
63.620
64.040
64.480
64.900
65.330
65.760
66.190
66.610
67.050
67.470
67.900
68.330
68.760
69.190
69.620
70.040
70.470
70.900
71.330
71.760
72.190
72.610
73.040
73.470
73.900
74.330
74.760
75.190
75.620
76.040
76.470
76.900
77.330
77.760
78.190
78.620
79.040
79.470
79.900
80.330
80.760
81.190
81.620
82.040
82.470
82.900
83.330
83.760
84.180
84.610
85.040
85.470
85.900
86.330
86.760
87.190
87.620
88.040
88.470
88.900
89.330
89.760
90.190
90.610
91.040
91.470
91.900
92.330
92.760
93.190
93.620
94.040
94.480
94.900
95.330
95.760
96.190
96.610
97.040
97.470
97.900
98.330
98.760
99.190
99.620
100.040
100.470
100.900
101.330
101.760
102.190
102.620
103.040
103.470
103.900
104.330
104.760
105.190
105.620
106.040
106.480
106.900
107.330
107.760
108.190
108.610
109.040
109.470
109.900
110.330
110.760
111.190
111.620
112.040
112.470
112.900
113.340
113.760
114.190
114.610
115.050
115.470
115.900
116.330
116.760
117.190
117.620
118.040
118.470
118.900
119.330
119.760
