0.230
0.750
1.290
1.830
2.390
2.910
3.470
4.000
4.540
5.040
5.590
6.070
6.610
7.090
7.600
8.120
8.650
9.150
9.620
10.100
10.580
11.050
11.550
12.020
12.490
12.970
13.450
13.950
14.430
14.880
15.350
15.790
16.260
16.730
17.210
17.690
18.150
18.640
19.160
19.650
20.170
20.720
21.230
21.740
22.240
22.750
23.220
23.740
24.220
24.710
25.240
25.730
26.260
26.760
27.230
27.700
28.190
28.660
29.110
29.580
30.070
30.540
31.010
31.480
31.930
32.400
32.880
33.350
33.830
34.310
34.780
35.260
35.730
36.210
36.690
37.160
37.630
38.120
38.590
39.040
39.530
40.000
40.470
40.920
41.410
41.870
42.330
42.820
43.270
43.760
44.220
44.680
45.160
45.640
46.110
46.570
47.050
47.500
47.970
48.450
48.910
49.380
49.860
50.340
50.790
51.260
51.760
52.230
52.710
53.190
53.680
54.150
54.620
55.120
55.590
56.050
56.520
57.000
57.480
57.940
58.420
58.880
59.380
59.860
60.330
60.800
61.290
61.770
62.240
62.740
63.200
63.670
64.140
64.620
65.100
65.570
66.040
66.510
67.000
67.470
67.950
68.420
68.920
69.390
69.860
70.360
70.820
71.280
71.760
72.230
72.710
73.180
73.660
74.120
74.620
75.100
75.570
76.040
76.530
77.010
77.480
77.990
78.520
79.050
79.640
80.190
80.760
81.300
81.850
82.380
82.950
83.480
84.010
84.570
85.100
85.660
86.200
86.710
87.260
87.820
88.380
88.920
89.470
89.990
90.560
91.070
91.630
92.190
92.720
93.270
93.810
94.390
94.910
95.440
95.990
96.530
97.080
97.630
98.140
98.690
99.250
99.800
100.340
100.880
101.430
101.950
102.490
103.050
103.610
104.160
104.700
105.240
105.800
106.310
106.850
107.420
107.960
108.500
109.060
109.620
110.090
110.570
111.050
111.540
112.030
112.490
112.970
113.470
113.930
114.430
114.890
115.390
115.870
116.330
116.810
117.260
117.730
118.210
118.690
119.160
119.630
120.090
