0.250
0.730
1.220
1.690
2.170
2.650
3.130
3.610
4.090
4.570
5.050
5.530
6.010
6.500
6.970
7.450
7.940
8.410
8.900
9.360
9.850
10.330
10.810
11.290
11.770
12.240
12.740
13.200
13.690
14.180
14.650
15.140
15.610
16.090
16.570
17.040
17.530
18.010
18.490
18.970
19.450
19.930
20.410
20.900
21.370
21.860
22.330
22.810
23.300
23.770
24.260
24.730
25.210
25.690
26.160
26.640
27.130
27.600
28.090
28.560
29.050
29.530
30.000
30.480
30.970
31.440
31.930
32.410
32.890
33.370
33.850
34.340
34.810
35.290
35.780
36.260
36.740
37.220
37.690
38.170
38.650
39.140
39.620
40.090
40.570
41.050
41.530
42.010
42.490
42.980
43.450
43.930
44.410
44.890
45.370
45.860
46.330
46.820
47.300
47.770
48.260
48.730
49.210
49.690
50.170
50.650
51.130
51.610
52.090
52.570
53.050
53.530
54.010
54.500
54.980
55.450
55.940
56.410
56.890
57.380
57.850
58.340
58.820
59.300
59.770
60.250
60.740
61.210
61.690
62.180
62.660
63.140
63.620
64.100
64.580
65.060
65.540
66.020
66.500
66.850
67.220
67.580
67.930
68.300
68.650
69.010
69.380
69.730
70.070
70.420
70.750
71.080
71.420
71.780
72.140
72.490
72.830
73.190
73.540
73.890
74.230
74.570
74.920
75.270
75.620
75.980
76.340
76.680
77.040
77.390
77.730
78.050
78.390
78.730
79.090
79.450
79.820
80.170
80.520
80.890
81.360
81.850
82.330
82.810
83.290
83.780
84.250
84.730
85.210
85.690
86.170
86.650
87.130
87.620
88.090
88.570
89.050
89.530
90.010
90.490
90.970
91.460
91.930
92.410
92.890
93.370
93.850
94.330
94.810
95.300
95.770
96.250
96.730
97.210
97.690
98.170
98.650
99.130
99.610
100.090
100.570
101.050
101.530
102.010
102.490
102.980
103.450
103.930
104.410
104.890
105.370
105.850
106.330
106.810
107.290
107.770
108.250
108.740
109.210
109.690
110.170
110.650
111.130
111.620
112.090
112.570
113.050
113.530
114.010
114.500
114.970
115.450
115.930
116.410
116.890
117.370
117.850
118.340
118.810
119.290
119.770
