0.070
0.660
1.220
1.780
2.330
2.860
3.380
3.890
4.420
4.840
5.280
5.710
6.130
6.560
6.990
7.420
7.850
8.280
8.700
9.140
9.560
9.990
10.420
10.850
11.270
11.710
12.130
12.560
12.990
13.420
13.850
14.280
14.710
15.140
15.570
15.990
16.420
16.850
17.280
17.710
18.140
18.560
18.990
19.420
19.850
20.250
20.630
21.030
21.460
21.890
22.320
22.750
23.170
23.610
24.030
24.460
24.890
25.320
25.740
26.180
26.600
27.030
27.460
27.890
28.320
28.740
29.170
29.600
30.030
30.460
30.880
31.330
31.790
32.250
32.700
33.130
33.560
33.990
34.410
34.840
35.280
35.700
36.130
36.560
36.990
37.420
37.840
38.270
38.700
39.130
39.540
39.950
40.340
40.750
41.170
41.600
42.030
42.460
42.890
43.310
43.740
44.170
44.600
45.040
45.460
45.890
46.320
46.750
47.170
47.600
48.030
48.460
48.890
49.320
49.750
50.170
50.600
51.030
51.460
51.890
52.320
52.740
53.170
53.600
54.030
54.460
54.890
55.320
55.740
56.170
56.600
57.030
57.460
57.890
58.310
58.750
59.180
59.600
60.030
60.460
60.890
61.320
61.750
62.170
62.600
63.030
63.460
63.890
64.320
64.750
65.170
65.600
66.030
66.460
66.890
67.320
67.750
68.180
68.600
69.030
69.460
69.890
70.320
70.750
71.180
71.600
72.030
72.460
72.890
73.320
73.750
74.170
74.600
75.030
75.460
75.890
76.320
76.750
77.180
77.600
78.030
78.460
78.890
79.320
79.750
80.170
80.600
81.030
81.460
81.890
82.320
82.750
83.170
83.610
84.030
84.460
84.890
85.320
85.750
86.180
86.600
87.030
87.460
87.890
88.320
88.750
89.180
89.600
90.030
90.460
90.890
91.320
91.750
92.170
92.600
93.030
93.460
93.890
94.320
94.750
95.170
95.600
96.030
96.460
96.890
97.320
97.750
98.170
98.600
99.030
99.460
99.890
100.320
100.750
101.180
101.600
102.030
102.460
102.890
103.320
103.750
104.170
104.600
105.030
105.460
105.890
106.320
106.750
107.170
107.600
108.030
108.460
108.890
109.320
109.750
110.170
110.600
111.030
111.460
111.890
112.320
112.740
113.170
113.610
114.030
114.460
114.890
115.320
115.750
116.180
116.600
117.030
117.460
117.890
118.320
118.750
119.180
119.600
120.030
