0.070
0.570
1.040
1.520
2.000
2.480
2.970
3.440
3.920
4.400
4.880
5.360
5.840
6.320
6.800
7.280
7.760
8.240
8.720
9.200
9.680
10.160
10.640
11.120
11.610
12.090
12.560
13.040
13.520
14.000
14.480
14.960
15.450
15.920
16.400
16.880
17.360
17.840
18.330
18.800
19.290
19.760
20.240
20.720
21.200
21.680
22.170
22.640
23.130
23.590
24.080
24.560
25.040
25.510
26.000
26.490
26.970
27.450
27.930
28.410
28.890
29.360
29.840
30.330
30.800
31.290
31.760
32.240
32.720
33.200
33.680
34.160
34.640
35.120
35.600
36.080
36.570
37.040
37.530
38.010
38.490
38.960
39.450
39.930
40.410
40.880
41.360
41.840
42.330
42.800
43.290
43.760
44.240
44.720
45.200
45.680
46.160
46.640
47.120
47.600
48.080
48.560
49.040
49.520
50.000
50.480
50.960
51.440
51.920
52.400
52.880
53.360
53.840
54.320
54.800
55.280
55.760
56.240
56.720
57.200
57.680
58.160
58.640
59.120
59.600
60.080
60.560
61.040
61.520
62.000
62.480
62.960
63.440
63.920
64.400
64.880
65.360
65.840
66.320
66.800
67.280
67.760
68.240
68.720
69.200
69.680
70.160
70.640
71.120
71.610
72.080
72.560
73.050
73.520
74.000
74.480
74.960
75.440
75.920
76.400
76.880
77.360
77.840
78.320
78.800
79.280
79.760
80.240
80.720
81.200
81.680
82.160
82.640
83.120
83.600
84.080
84.560
85.040
85.520
86.010
86.480
86.960
87.440
87.920
88.410
88.880
89.360
89.840
90.320
90.800
91.280
91.760
92.240
92.720
93.210
93.680
94.160
94.640
95.120
95.600
96.080
96.560
97.040
97.520
98.000
98.480
98.960
99.440
99.920
100.400
100.890
101.360
101.840
102.320
102.800
103.280
103.770
104.240
104.730
105.200
105.680
106.290
106.880
107.370
107.850
108.330
108.810
109.290
109.770
110.250
110.730
111.210
111.690
112.170
112.650
113.130
113.610
114.090
114.570
115.040
115.530
116.010
116.490
116.970
117.450
117.930
118.400
118.880
119.370
119.850
