0.310
0.640
0.980
1.310
1.650
1.980
2.320
2.650
2.990
3.300
3.650
3.970
4.300
4.640
4.970
5.300
5.650
5.970
6.310
6.630
6.970
7.300
7.640
7.970
8.310
8.640
8.980
9.300
9.640
9.970
10.310
10.640
10.980
11.310
11.640
11.970
12.310
12.640
12.970
13.310
13.640
13.970
14.310
14.640
14.970
15.310
15.640
15.970
16.310
16.640
16.980
17.310
17.640
17.980
18.310
18.640
18.970
19.310
19.640
19.970
20.300
20.640
20.970
21.300
21.640
21.970
22.300
22.630
22.970
23.300
23.630
23.960
24.300
24.640
24.970
25.310
25.650
25.980
26.310
26.640
26.980
27.310
27.650
27.980
28.320
28.650
28.980
29.310
29.650
29.970
30.310
30.640
30.980
31.320
31.640
31.980
32.320
32.640
32.980
33.310
33.650
33.980
34.320
34.650
34.990
35.310
35.650
35.980
36.310
36.650
36.970
37.310
37.650
37.970
38.320
38.640
38.980
39.310
39.650
39.970
40.310
40.640
40.980
41.310
41.650
41.980
42.310
42.640
42.980
43.320
43.650
43.980
44.310
44.650
44.980
45.320
45.650
45.970
46.300
46.630
46.970
47.310
47.640
47.970
48.310
48.640
48.980
49.310
49.650
49.980
50.310
50.640
50.980
51.310
51.630
51.970
52.300
52.640
52.970
53.300
53.640
53.970
54.310
54.640
54.980
55.310
55.640
55.980
56.310
56.640
56.970
57.300
57.640
57.980
58.310
58.640
58.980
59.310
59.640
59.970
60.310
60.640
60.980
61.310
61.650
61.970
62.300
62.640
62.980
63.310
63.640
63.960
64.310
64.640
64.980
65.310
65.640
65.980
66.310
66.640
66.980
67.300
67.640
67.960
68.300
68.640
68.970
69.310
69.650
69.970
70.310
70.640
70.980
71.310
71.650
71.970
72.310
72.640
72.980
73.300
73.640
73.980
74.310
74.640
74.980
75.310
75.640
75.980
76.310
76.640
76.980
77.310
77.650
77.970
78.310
78.640
78.980
79.310
79.640
79.970
80.310
80.640
80.980
81.310
81.650
81.980
82.310
82.640
82.980
83.310
83.640
83.970
84.310
84.640
84.970
85.300
85.640
85.980
86.310
86.640
86.970
87.310
87.640
87.980
88.310
88.640
88.970
89.320
89.660
89.980
90.330
90.650
91.000
91.310
91.660
91.990
92.320
92.650
92.990
93.320
93.660
93.990
94.320
94.650
94.990
95.320
95.650
95.990
96.330
96.670
96.990
97.310
97.650
97.980
98.320
98.650
98.990
99.320
99.660
99.990
100.330
100.660
100.990
101.320
101.670
102.000
102.330
102.660
103.000
103.330
103.670
104.000
104.320
104.660
104.990
105.330
105.660
106.000
106.330
106.650
107.000
107.330
107.660
107.980
108.320
108.630
108.980
109.310
109.650
109.990
110.320
110.660
110.990
111.320
111.660
111.990
112.330
112.660
113.000
113.320
113.660
113.990
114.330
114.670
114.990
115.320
115.660
115.990
116.330
116.650
116.990
117.320
117.630
117.970
118.310
118.640
118.970
119.280
119.630
119.940
