0.080
0.510
0.940
1.370
1.800
2.230
2.660
3.080
3.510
3.940
4.370
4.810
5.220
5.660
6.080
6.510
6.940
7.370
7.800
8.230
8.650
9.080
9.510
9.940
10.370
10.800
11.230
11.660
12.080
12.520
12.940
13.370
13.800
14.230
14.660
15.080
15.510
15.940
16.370
16.800
17.220
17.650
18.090
18.520
18.940
19.370
19.800
20.230
20.660
21.080
21.510
21.940
22.370
22.800
23.230
23.650
24.080
24.490
24.910
25.350
25.750
26.200
26.630
27.090
27.530
27.940
28.390
28.820
29.250
29.660
30.110
30.530
30.970
31.400
31.810
32.240
32.680
33.120
33.530
33.980
34.390
34.830
35.250
35.680
36.110
36.540
36.960
37.390
37.800
38.230
38.650
39.090
39.520
39.940
40.370
40.800
41.230
41.660
42.080
42.520
42.950
43.370
43.800
44.230
44.650
45.090
45.510
45.940
46.370
46.800
47.230
47.660
48.080
48.520
48.940
49.380
49.800
50.230
50.660
51.090
51.500
51.940
52.370
52.790
53.220
53.660
54.090
54.510
54.940
55.380
55.800
56.230
56.650
57.090
57.510
57.940
58.370
58.800
59.230
59.660
60.090
60.520
60.940
61.370
61.800
62.230
62.660
63.080
63.510
63.940
64.370
64.800
65.230
65.660
66.080
66.520
66.940
67.370
67.800
68.230
68.650
69.090
69.510
69.940
70.370
70.800
71.230
71.650
72.080
72.510
72.940
73.370
73.800
74.230
74.660
75.090
75.510
75.950
76.370
76.800
77.230
77.650
78.080
78.510
78.940
79.370
79.800
80.230
80.660
81.090
81.510
81.940
82.370
82.810
83.230
83.660
84.080
84.520
84.940
85.370
85.800
86.230
86.650
87.080
87.510
87.950
88.370
88.800
89.230
89.660
90.080
90.510
90.940
91.370
91.800
92.230
92.650
93.080
93.510
93.950
94.370
94.800
95.230
95.650
96.080
96.510
96.940
97.370
97.800
98.230
98.650
99.080
99.510
99.940
100.370
100.800
101.220
101.650
102.080
102.510
102.940
103.370
103.800
104.230
104.650
105.080
105.510
105.940
106.370
106.800
107.220
107.650
108.080
108.510
108.940
109.370
109.790
110.220
110.650
111.080
111.510
111.940
112.370
112.800
113.220
113.650
114.080
114.510
114.940
115.370
115.800
116.220
116.650
117.080
117.510
117.940
118.370
118.800
119.220
119.650
120.070
