0.240
0.900
1.540
2.190
2.850
3.500
4.150
4.800
5.450
6.110
6.750
7.400
8.060
8.720
9.370
10.020
10.660
11.330
12.000
12.610
13.280
13.930
14.580
15.220
15.890
16.540
17.190
17.840
18.490
19.140
19.800
20.440
21.110
21.750
22.410
23.060
23.710
24.350
25.020
25.660
26.320
26.970
27.620
28.270
28.930
29.560
30.230
30.880
31.540
32.190
32.840
33.490
34.180
34.900
35.650
36.360
37.080
37.740
38.390
39.040
39.690
40.350
41.010
41.630
42.290
42.960
43.600
44.260
44.920
45.570
46.230
46.860
47.520
48.180
48.820
49.580
50.300
51.000
51.760
52.400
53.070
53.720
54.360
55.010
55.680
56.320
56.970
57.620
58.280
58.930
59.580
60.230
60.910
61.540
62.190
62.840
63.520
64.150
64.800
65.450
66.090
66.750
67.410
68.060
68.710
69.360
70.020
70.670
71.320
71.970
72.630
73.280
73.930
74.580
75.230
75.890
76.530
77.190
77.830
78.500
79.150
79.800
80.460
81.110
81.740
82.410
83.050
83.720
84.360
85.020
85.670
86.320
86.960
87.630
88.270
88.930
89.580
90.240
90.890
91.540
92.180
92.840
93.490
94.150
94.780
95.450
96.100
96.760
97.410
98.060
98.710
99.370
100.020
100.670
101.320
101.980
102.610
103.270
103.920
104.590
105.200
105.880
106.540
107.200
107.840
108.490
109.140
109.800
110.450
111.100
111.760
112.410
113.050
113.710
114.350
115.020
115.660
116.320
116.980
117.650
118.360
119.010
119.700
