0.070
0.450
0.850
1.260
1.660
2.070
2.480
2.880
3.290
3.700
4.100
4.500
4.910
5.310
5.720
6.130
6.530
6.940
7.340
7.750
8.150
8.560
8.970
9.370
9.780
10.180
10.590
10.990
11.400
11.800
12.210
12.610
13.020
13.430
13.830
14.240
14.640
15.050
15.450
15.860
16.260
16.670
17.070
17.480
17.880
18.290
18.700
19.100
19.510
19.910
20.320
20.720
21.130
21.530
21.940
22.340
22.750
23.150
23.560
23.970
24.370
24.780
25.180
25.590
25.990
26.400
26.800
27.210
27.610
28.020
28.430
28.830
29.240
29.640
30.050
30.450
30.860
31.260
31.670
32.070
32.480
32.880
33.290
33.700
34.100
34.500
34.910
35.320
35.720
36.130
36.530
36.940
37.340
37.750
38.150
38.560
38.970
39.370
39.780
40.180
40.590
40.990
41.400
41.800
42.210
42.620
43.010
43.420
43.830
44.230
44.640
45.050
45.450
45.860
46.260
46.670
47.070
47.480
47.880
48.290
48.700
49.100
49.510
49.910
50.320
50.720
51.130
51.530
51.940
52.340
52.750
53.160
53.560
53.970
54.370
54.780
55.180
55.590
55.990
56.400
56.800
57.210
57.610
58.020
58.430
58.830
59.240
59.640
60.050
60.450
60.860
61.260
61.670
62.070
62.480
62.880
63.290
63.700
64.100
64.500
64.910
65.320
65.720
66.130
66.530
66.940
67.340
67.750
68.160
68.560
68.970
69.370
69.780
70.180
70.590
70.990
71.400
71.800
72.210
72.610
73.020
73.420
73.830
74.230
74.640
75.050
75.450
75.860
76.260
76.670
77.070
77.480
77.890
78.290
78.700
79.100
79.510
79.910
80.320
80.720
81.130
81.530
81.940
82.340
82.730
83.120
83.520
83.910
84.280
84.680
85.140
85.570
86.040
86.480
86.960
87.420
87.880
88.350
88.830
89.350
89.840
90.320
90.810
91.280
91.700
92.100
92.500
92.890
93.290
93.700
94.100
94.500
94.910
95.310
95.720
96.130
96.530
96.940
97.340
97.750
98.150
98.560
98.960
99.370
99.770
100.180
100.590
100.990
101.400
101.800
102.210
102.610
103.020
103.420
103.830
104.240
104.640
105.050
105.450
105.860
106.260
106.670
107.070
107.480
107.880
108.290
108.690
109.100
109.510
109.910
110.310
110.720
111.130
111.530
111.940
112.340
112.750
113.150
113.560
113.960
114.370
114.780
115.180
115.590
115.990
116.400
116.800
117.210
117.610
118.020
118.420
118.830
119.240
119.640
120.050
