0.470
1.130
1.770
2.410
3.060
3.700
4.360
4.990
5.650
6.290
6.930
7.610
8.240
8.860
9.510
10.160
10.800
11.450
12.090
12.740
13.380
14.030
14.680
15.320
15.970
16.610
17.260
17.900
18.550
19.190
19.850
20.480
21.130
21.770
22.410
23.050
23.710
24.350
25.000
25.620
26.290
26.930
27.580
28.200
28.850
29.520
30.150
30.810
31.450
32.100
32.740
33.420
34.040
34.720
35.330
35.980
36.620
37.290
37.920
38.570
39.190
39.830
40.480
41.130
41.770
42.420
43.060
43.710
44.350
44.990
45.640
46.290
46.930
47.580
48.220
48.860
49.510
50.160
50.810
51.440
52.090
52.740
53.380
54.020
54.670
55.320
55.960
56.600
57.240
57.890
58.460
59.020
59.380
59.750
60.120
60.470
60.800
61.120
61.450
61.770
62.100
62.410
62.740
63.060
63.380
63.710
64.030
64.360
64.680
65.000
65.320
65.640
65.970
66.290
66.610
66.930
67.250
67.580
67.900
68.220
68.550
68.880
69.200
69.520
69.840
70.160
70.480
70.810
71.120
71.450
71.770
72.090
72.410
72.740
73.060
73.380
73.710
74.030
74.350
74.670
75.000
75.320
75.640
75.970
76.290
76.620
76.940
77.260
77.580
77.910
78.230
78.550
78.870
79.190
79.510
79.840
80.160
80.490
80.820
81.140
81.460
81.780
82.100
82.420
82.740
83.070
83.390
83.710
84.030
84.350
84.680
85.000
85.340
85.650
85.970
86.290
86.610
86.940
87.260
87.570
87.920
88.230
88.550
88.870
89.200
89.510
89.830
90.160
90.480
90.800
91.120
91.450
91.770
92.100
92.420
92.750
93.070
93.390
93.710
94.030
94.350
94.680
95.000
95.320
95.650
95.970
96.290
96.620
96.940
97.260
97.580
97.900
98.220
98.550
98.870
99.190
99.520
99.840
100.160
100.490
100.830
101.150
101.470
101.780
102.100
102.420
102.750
103.060
103.390
103.720
104.040
104.360
104.690
105.010
105.330
105.650
105.970
106.290
106.610
106.930
107.250
107.580
107.900
108.220
108.530
108.860
109.180
109.500
109.830
110.160
110.480
110.810
111.130
111.450
111.770
112.090
112.420
112.740
113.060
113.370
113.700
114.030
114.350
114.670
115.010
115.320
115.650
115.970
116.280
116.600
116.930
117.250
117.580
117.910
118.230
118.560
118.880
119.200
119.520
119.840
