0.070
0.540
1.040
1.520
1.990
2.480
2.940
3.430
3.890
4.370
4.850
5.320
5.800
6.270
6.750
7.220
7.700
8.170
8.650
9.130
9.610
10.090
10.550
11.030
11.510
11.980
12.460
12.940
13.410
13.890
14.360
14.850
15.320
15.790
16.270
16.750
17.220
17.690
18.170
18.650
19.130
19.600
20.080
20.560
21.030
21.510
21.990
22.450
22.930
23.410
23.890
24.360
24.850
25.320
25.800
26.280
26.750
27.230
27.710
28.180
28.650
29.130
29.610
30.080
30.560
31.040
31.510
31.990
32.470
32.940
33.410
33.890
34.370
34.840
35.320
35.800
36.280
36.750
37.230
37.700
38.180
38.660
39.250
39.850
40.330
40.800
41.280
41.750
42.230
42.700
43.180
43.660
44.130
44.610
45.090
45.560
46.040
46.510
46.990
47.470
47.940
48.420
48.890
49.370
49.850
50.320
50.800
51.280
51.750
52.230
52.710
53.180
53.660
54.130
54.610
55.090
55.560
56.040
56.510
56.990
57.470
57.940
58.420
58.900
59.370
59.850
60.330
60.800
61.280
61.750
62.230
62.710
63.180
63.660
64.130
64.610
65.090
65.560
66.040
66.500
66.980
67.450
67.930
68.410
68.890
69.370
69.840
70.330
70.800
71.280
71.750
72.230
72.700
73.180
73.660
74.130
74.610
75.090
75.560
76.040
76.520
76.990
77.470
77.940
78.420
78.900
79.370
79.850
80.320
80.800
81.270
81.750
82.230
82.710
83.180
83.660
84.130
84.610
85.080
85.560
86.040
86.520
86.990
87.470
87.940
88.420
88.890
89.370
89.850
90.320
90.800
91.280
91.750
92.230
92.700
93.180
93.660
94.140
94.610
95.090
95.560
96.040
96.510
96.990
97.470
97.940
98.420
98.890
99.370
99.840
100.320
100.800
101.280
101.750
102.230
102.710
103.180
103.660
104.130
104.610
105.090
105.560
106.040
106.520
106.990
107.470
107.940
108.420
108.900
109.370
109.850
110.330
110.800
111.280
111.750
112.230
112.710
113.180
113.660
114.140
114.610
115.090
115.560
116.040
116.490
116.970
117.470
117.930
118.420
118.900
119.390
119.860
