0.110
0.460
0.810
1.150
1.510
1.850
2.200
2.550
2.900
3.250
3.600
3.940
4.300
4.640
5.000
5.330
5.690
6.040
6.480
6.910
7.260
7.610
7.960
8.300
8.640
9.000
9.350
9.700
10.050
10.400
10.740
11.090
11.440
11.790
12.140
12.490
12.840
13.190
13.540
13.880
14.230
14.580
14.930
15.280
15.630
15.980
16.320
16.680
17.030
17.410
17.750
18.100
18.450
18.790
19.140
19.480
19.820
20.180
20.520
20.870
21.220
21.560
21.910
22.260
22.610
22.960
23.310
23.660
24.000
24.350
24.700
25.050
25.400
25.750
26.100
26.440
26.790
27.140
27.490
27.840
28.190
28.540
28.890
29.230
29.580
29.930
30.280
30.630
30.980
31.330
31.680
32.020
32.370
32.720
33.070
33.420
33.770
34.120
34.470
34.810
35.160
35.510
35.860
36.210
36.560
36.910
37.260
37.610
37.960
38.310
38.650
39.000
39.350
39.700
40.050
40.400
40.750
41.090
41.440
41.790
42.140
42.490
42.840
43.190
43.540
43.880
44.230
44.580
44.930
45.280
45.630
45.980
46.330
46.680
47.020
47.370
47.720
48.070
48.420
48.770
49.120
49.470
49.820
50.170
50.510
50.860
51.210
51.560
51.910
52.260
52.610
52.960
53.310
53.650
54.000
54.350
54.700
55.050
55.400
55.750
56.100
56.450
56.790
57.140
57.490
57.840
58.190
58.540
58.890
59.240
59.570
59.930
60.260
60.630
60.980
61.330
61.670
62.020
62.370
62.720
63.070
63.420
63.770
64.120
64.460
64.810
65.160
65.510
65.860
66.210
66.550
66.910
67.250
67.610
67.950
68.300
68.650
69.000
69.350
69.700
70.040
70.390
70.750
71.090
71.440
71.790
72.140
72.490
72.840
73.190
73.530
73.880
74.230
74.580
74.930
75.280
75.630
75.980
76.320
76.670
77.020
77.370
77.720
78.070
78.420
78.770
79.120
79.470
79.810
80.160
80.510
80.860
81.210
81.560
81.910
82.260
82.600
82.960
83.300
83.610
83.920
84.220
84.530
84.880
85.230
85.570
85.930
86.270
86.620
86.970
87.320
87.670
88.020
88.360
88.720
89.060
89.410
89.760
90.110
90.460
90.810
91.150
91.510
91.850
92.210
92.550
92.900
93.250
93.600
93.940
94.300
94.640
94.990
95.340
95.690
96.040
96.390
96.730
97.090
97.430
97.790
98.130
98.480
98.830
99.180
99.520
99.880
100.220
100.580
100.920
101.270
101.620
101.980
102.320
102.660
103.010
103.370
103.710
104.060
104.410
104.770
105.110
105.450
105.810
106.160
106.500
106.850
107.200
107.550
107.900
108.250
108.600
108.950
109.300
109.650
109.990
110.350
110.690
111.040
111.390
111.740
112.090
112.440
112.780
113.140
113.480
113.830
114.180
114.530
114.870
115.230
115.570
115.930
116.270
116.620
116.970
117.320
117.670
118.020
118.360
118.720
119.060
119.410
119.760
