0.290
0.630
0.990
1.340
1.690
2.040
2.390
2.750
3.080
3.440
3.790
4.150
4.500
4.850
5.200
5.550
5.900
6.250
6.600
6.960
7.300
7.650
8.010
8.360
8.710
9.060
9.410
9.760
10.110
10.460
10.810
11.160
11.510
11.860
12.220
12.570
12.920
13.270
13.620
13.970
14.320
14.670
15.020
15.370
15.720
16.070
16.430
16.780
17.130
17.480
17.830
18.180
18.530
18.880
19.240
19.580
19.940
20.280
20.640
20.990
21.340
21.690
22.040
22.390
22.740
23.090
23.440
23.790
24.140
24.480
24.850
25.200
25.550
25.900
26.250
26.600
26.950
27.300
27.640
28.000
28.350
28.710
29.050
29.410
29.760
30.110
30.430
30.730
31.040
31.350
31.670
31.970
32.280
32.600
32.920
33.260
33.590
33.920
34.240
34.580
34.890
35.240
35.550
35.900
36.250
36.610
36.960
37.310
37.660
37.990
38.300
38.620
38.950
39.260
39.590
39.940
40.290
40.640
40.990
41.330
41.690
42.030
42.400
42.740
43.090
43.440
43.800
44.150
44.500
44.850
45.200
45.550
45.900
46.250
46.600
46.960
47.300
47.640
48.000
48.370
48.730
49.060
49.420
49.770
50.110
50.460
50.810
51.160
51.520
51.870
52.220
52.570
52.920
53.270
53.620
53.970
54.320
54.670
55.020
55.370
55.730
56.080
56.430
56.780
57.130
57.480
57.830
58.180
58.530
58.880
59.230
59.580
59.940
60.290
60.640
60.990
61.340
61.690
62.040
62.390
62.750
63.090
63.450
63.800
64.150
64.500
64.850
65.200
65.550
65.900
66.250
66.600
66.960
67.300
67.660
68.000
68.360
68.710
69.060
69.410
69.760
70.120
70.460
70.800
71.150
71.510
71.860
72.220
72.570
72.920
73.270
73.620
73.970
74.330
74.670
75.020
75.380
75.720
76.080
76.430
76.780
77.130
77.480
77.830
78.180
78.540
78.880
79.230
79.580
79.940
80.290
80.640
80.990
81.340
81.690
82.040
82.390
82.750
83.090
83.450
83.800
84.150
84.500
84.850
85.200
85.550
85.900
86.250
86.600
86.960
87.300
87.650
88.000
88.360
88.710
89.060
89.410
89.760
90.110
90.460
90.810
91.170
91.510
91.860
92.220
92.570
92.920
93.250
93.630
93.970
94.330
94.670
95.030
95.380
95.730
96.070
96.430
96.780
97.130
97.480
97.830
98.180
98.530
98.880
99.240
99.590
99.940
100.290
100.640
100.990
101.340
101.690
102.050
102.390
102.750
103.100
103.450
103.800
104.150
104.500
104.850
105.200
105.550
105.900
106.260
106.610
106.960
107.300
107.660
108.010
108.360
108.710
109.060
109.410
109.760
110.110
110.460
110.810
111.170
111.510
111.870
112.220
112.570
112.920
113.270
113.620
113.970
114.320
114.680
115.030
115.370
115.720
116.080
116.410
116.780
117.130
117.480
117.830
118.180
118.530
118.880
119.240
119.580
119.930
