0.610
1.350
2.080
2.810
3.530
4.260
5.000
5.720
6.440
7.170
7.900
8.630
9.360
10.080
10.810
11.530
12.250
12.990
13.710
14.440
15.160
15.900
16.630
17.350
18.110
18.800
19.530
20.270
20.990
21.720
22.440
23.170
23.870
24.620
25.310
26.080
26.790
27.540
28.240
29.000
29.700
30.450
31.170
31.910
32.640
33.350
34.080
34.820
35.540
36.260
36.980
37.730
38.430
39.180
39.890
40.620
41.180
41.710
42.080
42.440
42.810
43.170
43.530
43.900
44.260
44.620
44.990
45.350
45.700
46.080
46.440
46.810
47.170
47.540
47.900
48.260
48.620
48.980
49.350
49.710
50.070
50.440
50.810
51.170
51.530
51.900
52.260
52.620
52.990
53.350
53.720
54.080
54.440
54.800
55.170
55.540
55.900
56.260
56.630
56.990
57.350
57.720
58.080
58.450
58.810
59.170
59.540
59.900
60.260
60.620
60.990
61.350
61.710
62.070
62.440
62.800
63.170
63.530
63.900
64.260
64.630
64.990
65.350
65.720
66.070
66.440
66.810
67.170
67.530
67.900
68.260
68.620
68.980
69.350
69.710
70.080
70.440
70.810
71.170
71.540
71.890
72.260
72.630
72.990
73.350
73.720
74.080
74.440
74.800
75.170
75.530
75.900
76.260
76.630
77.000
77.350
77.710
78.080
78.450
78.810
79.170
79.540
79.910
80.260
80.630
80.990
81.360
81.720
82.080
82.450
82.810
83.170
83.530
83.900
84.270
84.630
84.990
85.360
85.730
86.080
86.440
86.810
87.180
87.540
87.900
88.260
88.630
88.980
89.350
89.710
90.080
90.400
90.710
91.030
91.360
91.730
92.070
92.450
92.810
93.170
93.540
93.900
94.270
94.630
94.990
95.350
95.720
96.080
96.450
96.810
97.170
97.540
97.900
98.270
98.590
98.910
99.220
99.540
99.890
100.260
100.630
100.990
101.350
101.720
102.090
102.450
102.810
103.170
103.540
103.900
104.260
104.630
104.990
105.360
105.720
106.090
106.450
106.810
107.180
107.540
107.900
108.260
108.630
108.990
109.360
109.720
110.070
110.440
110.810
111.170
111.540
111.900
112.260
112.630
112.990
113.350
113.720
114.080
114.440
114.810
115.170
115.540
115.900
116.260
116.630
116.990
117.360
117.720
118.080
118.440
118.810
119.180
119.540
119.900
