0.160
0.590
1.010
1.440
1.870
2.300
2.730
3.160
3.580
4.020
4.440
4.870
5.300
5.730
6.160
6.590
7.020
7.440
7.870
8.300
8.730
9.160
9.590
10.010
10.450
10.880
11.300
11.730
12.160
12.590
13.020
13.440
13.880
14.300
14.730
15.160
15.590
16.010
16.440
16.870
17.300
17.740
18.160
18.590
19.020
19.440
19.870
20.300
20.740
21.160
21.590
22.010
22.440
22.870
23.300
23.730
24.160
24.590
25.020
25.440
25.870
26.310
26.730
27.160
27.590
28.020
28.440
28.870
29.300
29.730
30.160
30.590
31.020
31.450
31.870
32.300
32.730
33.160
33.590
34.020
34.450
34.870
35.300
35.730
36.160
36.590
37.020
37.440
37.870
38.310
38.730
39.160
39.590
40.020
40.440
40.870
41.300
41.730
42.160
42.590
43.020
43.440
43.870
44.300
44.730
45.170
45.600
46.010
46.440
46.870
47.300
47.730
48.160
48.580
49.020
49.430
49.880
50.300
50.740
51.160
51.590
52.020
52.440
52.880
53.310
53.730
54.170
54.590
55.020
55.440
55.870
56.300
56.730
57.160
57.600
58.020
58.450
58.870
59.300
59.730
60.160
60.590
61.030
61.450
61.870
62.300
62.730
63.160
63.590
64.020
64.450
64.880
65.300
65.730
66.160
66.600
67.020
67.450
67.890
68.310
68.730
69.160
69.590
70.020
70.440
70.870
71.300
71.730
72.160
72.590
73.020
73.450
73.870
74.300
74.740
75.160
75.590
76.020
76.450
76.870
77.300
77.730
78.160
78.590
79.020
79.450
79.870
80.300
80.730
81.160
81.590
82.020
82.450
82.870
83.300
83.730
84.160
84.590
85.020
85.440
85.870
86.300
86.730
87.160
87.590
88.020
88.440
88.870
89.300
89.730
90.160
90.590
91.020
91.440
91.870
92.300
92.730
93.160
93.590
94.010
94.450
94.870
95.300
95.730
96.160
96.590
97.010
97.450
97.870
98.290
98.730
99.160
99.590
100.020
100.450
100.870
101.300
101.730
102.160
102.590
103.020
103.450
103.880
104.300
104.730
105.160
105.590
106.010
106.440
106.880
107.300
107.730
108.160
108.590
109.020
109.450
109.880
110.300
110.730
111.160
111.590
112.020
112.440
112.870
113.300
113.730
114.160
114.590
115.010
115.440
115.870
116.300
116.730
117.160
117.590
118.020
118.440
118.870
119.300
119.730
