0.060
0.510
0.980
1.460
1.930
2.400
2.870
3.350
3.820
4.290
4.760
5.230
5.710
6.180
6.650
7.120
7.600
8.070
8.540
9.010
9.490
9.960
10.430
10.900
11.380
11.850
12.320
12.790
13.270
13.740
14.210
14.690
15.160
15.650
16.110
16.600
17.080
17.630
18.170
18.710
19.170
19.650
20.120
20.600
21.060
21.540
22.010
22.480
22.950
23.430
23.900
24.380
24.840
25.320
25.790
26.270
26.730
27.210
27.680
28.150
28.620
29.100
29.570
30.050
30.510
30.990
31.460
31.940
32.400
32.870
33.350
33.820
34.290
34.760
35.240
35.710
36.180
36.660
37.130
37.610
38.070
38.550
39.020
39.490
39.960
40.430
40.910
41.380
41.850
42.320
42.800
43.270
43.740
44.210
44.690
45.160
45.630
46.100
46.580
47.050
47.520
47.990
48.470
48.830
49.170
49.650
50.120
50.590
51.060
51.530
52.010
52.480
52.950
53.420
53.900
54.370
54.840
55.310
55.790
56.260
56.730
57.200
57.680
58.150
58.620
59.090
59.570
60.040
60.510
60.980
61.450
61.930
62.400
62.880
63.360
63.820
64.290
64.760
65.230
65.710
66.180
66.650
67.120
67.600
68.070
68.540
69.010
69.490
69.960
70.430
70.900
71.380
71.850
72.320
72.790
73.270
73.740
74.210
74.680
75.160
75.630
76.100
76.570
77.050
77.520
77.990
78.460
78.890
79.340
79.790
80.260
80.750
81.210
81.670
82.140
82.620
83.090
83.560
84.030
84.490
84.990
85.450
85.920
86.390
86.880
87.340
87.810
88.280
88.760
89.230
89.700
90.170
90.660
91.120
91.600
92.080
92.600
93.110
93.600
94.060
94.530
95.000
95.470
95.940
96.420
96.890
97.360
97.830
98.310
98.780
99.250
99.720
100.200
100.670
101.140
101.610
102.090
102.560
103.030
103.500
103.980
104.450
104.920
105.390
105.870
106.340
106.810
107.280
107.760
108.230
108.700
109.170
109.650
110.120
110.590
111.060
111.540
112.010
112.480
112.950
113.430
113.900
114.370
114.840
115.310
115.790
116.260
116.730
117.200
117.680
118.150
118.620
119.090
119.570
120.040
