0.310
0.670
1.010
1.360
1.700
2.050
2.390
2.730
3.080
3.420
3.770
4.110
4.450
4.790
5.140
5.500
5.840
6.190
6.530
6.880
7.220
7.570
7.920
8.270
8.600
8.960
9.300
9.640
9.980
10.330
10.670
11.010
11.360
11.710
12.060
12.400
12.730
13.090
13.440
13.780
14.120
14.470
14.810
15.160
15.490
15.840
16.180
16.530
16.870
17.220
17.570
17.910
18.250
18.600
18.950
19.290
19.640
19.990
20.330
20.670
21.010
21.360
21.700
22.050
22.390
22.740
23.090
23.430
23.770
24.120
24.460
24.810
25.150
25.500
25.840
26.190
26.530
26.870
27.220
27.560
27.910
28.250
28.590
28.940
29.290
29.630
29.980
30.320
30.670
31.010
31.350
31.690
32.040
32.390
32.740
33.080
33.430
33.770
34.120
34.460
34.800
35.150
35.490
35.840
36.180
36.530
36.870
37.220
37.570
37.910
38.250
38.600
38.940
39.280
39.630
39.980
40.320
40.670
41.010
41.350
41.700
42.040
42.390
42.730
43.080
43.420
43.770
44.110
44.460
44.800
45.150
45.490
45.840
46.180
46.530
46.870
47.220
47.560
47.910
48.250
48.600
48.940
49.290
49.630
49.970
50.320
50.670
51.010
51.360
51.710
52.050
52.390
52.730
53.080
53.430
53.770
54.110
54.460
54.800
55.150
55.490
55.830
56.180
56.530
56.870
57.220
57.560
57.910
58.250
58.600
58.940
59.280
59.620
59.970
60.320
60.670
61.010
61.360
61.700
62.050
62.390
62.740
63.090
63.430
63.770
64.120
64.470
64.810
65.150
65.500
65.840
66.190
66.530
66.870
67.220
67.570
67.910
68.250
68.600
68.940
69.290
69.630
69.970
70.320
70.660
71.010
71.350
71.710
72.050
72.390
72.750
73.080
73.430
73.770
74.120
74.460
74.800
75.150
75.500
75.840
76.180
76.530
76.880
77.220
77.560
77.900
78.250
78.590
78.940
79.290
79.630
79.970
80.320
80.670
81.010
81.360
81.700
82.040
82.390
82.730
83.080
83.430
83.770
84.120
84.460
84.810
85.160
85.500
85.840
86.190
86.530
86.880
87.220
87.570
87.910
88.250
88.600
88.940
89.290
89.630
89.980
90.320
90.670
91.010
91.360
91.700
92.040
92.390
92.730
93.070
93.420
93.760
94.120
94.460
94.810
95.160
95.490
95.850
96.200
96.540
96.880
97.240
97.580
97.920
98.250
98.600
98.940
99.290
99.630
99.980
100.330
100.670
101.010
101.360
101.710
102.060
102.400
102.740
103.090
103.430
103.770
104.120
104.460
104.810
105.150
105.490
105.850
106.190
106.530
106.880
107.230
107.570
107.910
108.260
108.600
108.950
109.290
109.640
109.970
110.310
110.660
111.000
111.350
111.690
112.040
112.380
112.730
113.090
113.450
113.800
114.140
114.490
114.830
115.180
115.520
115.870
116.220
116.560
116.900
117.230
117.540
117.860
118.190
118.500
118.820
119.150
119.460
119.790
