0.100
0.630
1.150
1.630
2.170
2.650
3.170
3.680
4.210
4.700
5.220
5.730
6.230
6.740
7.250
7.760
8.270
8.780
9.290
9.800
10.300
10.810
11.320
11.830
12.340
12.840
13.350
13.860
14.370
14.880
15.390
15.900
16.400
16.910
17.420
17.930
18.440
18.950
19.460
19.960
20.470
20.970
21.490
22.000
22.510
23.010
23.520
24.030
24.540
25.050
25.560
26.070
26.570
27.080
27.590
28.100
28.610
29.110
29.630
30.130
30.640
31.150
31.660
32.170
32.680
33.190
33.690
34.200
34.710
35.220
35.730
36.250
36.750
37.250
37.760
38.270
38.780
39.290
39.800
40.300
40.810
41.320
41.830
42.340
42.850
43.350
43.860
44.370
44.880
45.380
45.900
46.410
46.920
47.420
47.930
48.440
48.950
49.460
49.970
50.470
50.980
51.490
52.000
52.510
53.020
53.520
54.030
54.540
55.050
55.560
56.070
56.580
57.080
57.590
58.100
58.610
59.120
59.630
60.130
60.640
61.150
61.650
62.170
62.680
63.190
63.700
64.200
64.710
65.220
65.730
66.240
66.750
67.260
67.760
68.270
68.790
69.290
69.790
70.310
70.810
71.320
71.830
72.340
72.850
73.360
73.870
74.370
74.880
75.390
75.900
76.410
76.920
77.420
77.920
78.440
78.950
79.460
79.970
80.470
80.980
81.490
82.000
82.510
83.020
83.520
84.030
84.540
85.050
85.560
86.060
86.580
87.090
87.590
88.100
88.610
89.120
89.630
90.140
90.640
91.150
91.660
92.170
92.680
93.190
93.690
94.200
94.710
95.220
95.730
96.240
96.750
97.260
97.760
98.270
98.780
99.290
99.800
100.310
100.810
101.320
101.830
102.330
102.850
103.360
103.870
104.370
104.880
105.390
105.900
106.410
106.920
107.430
107.930
108.440
108.950
109.460
109.970
110.470
110.980
111.490
112.000
112.510
113.020
113.530
114.040
114.540
115.050
115.560
116.070
116.580
117.090
117.600
118.110
118.600
119.080
119.590
120.070
