0.070
0.510
0.980
1.450
1.910
2.380
2.850
3.320
3.790
4.260
4.730
5.200
5.660
6.140
6.600
7.070
7.540
8.010
8.480
8.950
9.410
9.880
10.350
10.820
11.290
11.760
12.230
12.700
13.160
13.640
14.110
14.570
15.040
15.510
15.980
16.450
16.920
17.390
17.860
18.320
18.790
19.260
19.730
20.200
20.670
21.140
21.600
22.070
22.540
23.010
23.480
23.950
24.420
24.890
25.350
25.820
26.290
26.760
27.230
27.700
28.170
28.640
29.110
29.570
30.030
30.500
30.970
31.430
31.910
32.370
32.850
33.320
33.760
34.250
34.720
35.190
35.660
36.130
36.600
37.060
37.530
38.000
38.470
38.930
39.420
39.880
40.350
40.820
41.280
41.760
42.220
42.700
43.160
43.630
44.100
44.580
45.020
45.500
45.970
46.440
46.910
47.380
47.850
48.320
48.790
49.270
49.760
50.290
50.790
51.270
51.780
52.240
52.730
53.200
53.700
54.180
54.640
55.120
55.590
56.070
56.530
56.990
57.510
58.170
58.870
59.580
60.270
60.980
61.680
62.380
63.020
63.700
64.390
65.090
65.790
66.470
67.100
67.790
68.480
69.190
69.890
70.590
71.280
71.960
72.700
73.410
74.110
74.820
75.460
76.090
76.730
77.370
78.070
78.690
79.350
80.030
80.630
81.250
81.900
82.490
83.110
83.730
84.380
84.970
85.590
86.240
86.840
87.450
88.080
88.720
89.300
89.850
90.370
90.920
91.480
92.030
92.580
93.120
93.660
94.210
94.760
95.300
95.850
96.390
96.940
97.480
98.030
98.570
99.120
99.670
100.210
100.760
101.300
101.850
102.390
102.940
103.480
104.030
104.570
105.120
105.660
106.210
106.750
107.300
107.840
108.390
108.930
109.480
110.020
110.570
111.120
111.670
112.210
112.760
113.300
113.840
114.380
114.940
115.480
116.030
116.580
117.120
117.670
118.210
118.750
119.300
119.850
