0.070
0.750
1.410
2.080
2.730
3.340
3.920
4.550
5.140
5.750
6.360
6.950
7.560
8.130
8.730
9.360
9.940
10.510
11.120
11.690
12.290
12.900
13.490
14.050
14.650
15.260
15.850
16.410
17.020
17.590
18.030
18.460
18.900
19.360
19.790
20.240
20.650
21.100
21.530
21.940
22.370
22.820
23.230
23.660
24.110
24.540
24.950
25.380
25.830
26.240
26.670
27.110
27.540
27.980
28.410
28.830
29.260
29.690
30.120
30.550
30.970
31.400
31.830
32.260
32.680
33.110
33.540
33.970
34.400
34.830
35.260
35.680
36.110
36.540
36.970
37.400
37.830
38.260
38.680
39.110
39.540
39.970
40.400
40.830
41.250
41.680
42.110
42.540
42.970
43.400
43.830
44.260
44.680
45.110
45.540
45.970
46.400
46.830
47.260
47.680
48.110
48.540
48.970
49.400
49.830
50.260
50.680
51.110
51.540
51.970
52.400
52.830
53.260
53.680
54.110
54.550
54.970
55.400
55.830
56.280
56.770
57.230
57.710
58.170
58.600
59.040
59.470
59.900
60.330
60.750
61.170
61.610
62.040
62.460
62.900
63.320
63.750
64.180
64.620
65.040
65.460
65.880
66.320
66.730
67.150
67.600
68.070
68.560
69.010
69.500
69.970
70.400
70.830
71.250
71.680
72.110
72.540
72.970
73.390
73.830
74.250
74.680
75.110
75.540
75.970
76.400
76.820
77.250
77.680
78.110
78.540
78.970
79.400
79.830
80.250
80.680
81.110
81.540
81.960
82.400
82.830
83.260
83.690
84.110
84.540
84.970
85.390
85.830
86.260
86.680
87.110
87.540
87.970
88.400
88.820
89.250
89.680
90.110
90.540
90.970
91.400
91.830
92.250
92.680
93.110
93.540
93.970
94.400
94.830
95.260
95.680
96.110
96.530
96.960
97.400
97.830
98.250
98.680
99.110
99.540
99.970
100.400
100.830
101.250
101.680
102.110
102.540
102.970
103.400
103.830
104.250
104.680
105.110
105.540
105.970
106.400
106.830
107.260
107.680
108.110
108.540
108.970
109.400
109.830
110.250
110.680
111.110
111.540
111.970
112.400
112.820
113.250
113.680
114.110
114.540
114.970
115.400
115.830
116.250
116.680
117.110
117.540
117.970
118.400
118.830
119.250
119.680
120.090
