0.200
0.550
0.890
1.230
1.580
1.920
2.270
2.610
2.960
3.300
3.650
3.990
4.340
4.680
5.030
5.370
5.720
6.060
6.410
6.750
7.100
7.440
7.790
8.130
8.480
8.820
9.170
9.510
9.860
10.200
10.550
10.890
11.240
11.580
11.920
12.260
12.620
12.960
13.300
13.650
13.990
14.340
14.680
15.030
15.370
15.720
16.060
16.410
16.750
17.100
17.440
17.780
18.130
18.480
18.820
19.160
19.510
19.850
20.200
20.540
20.890
21.230
21.580
21.920
22.270
22.620
22.960
23.300
23.650
23.990
24.340
24.680
25.030
25.370
25.720
26.060
26.410
26.750
27.100
27.440
27.790
28.130
28.470
28.820
29.170
29.510
29.860
30.200
30.540
30.890
31.230
31.580
31.920
32.270
32.610
32.960
33.310
33.650
33.990
34.340
34.680
35.030
35.370
35.720
36.060
36.400
36.750
37.100
37.440
37.790
38.130
38.480
38.820
39.160
39.510
39.850
40.200
40.540
40.890
41.230
41.580
41.920
42.270
42.610
42.960
43.300
43.650
43.990
44.340
44.680
45.030
45.370
45.720
46.060
46.410
46.750
47.100
47.440
47.790
48.130
48.480
48.820
49.170
49.510
49.860
50.200
50.540
50.890
51.240
51.580
51.920
52.270
52.610
52.960
53.300
53.650
53.990
54.340
54.680
55.030
55.370
55.720
56.060
56.400
56.750
57.100
57.440
57.790
58.130
58.470
58.820
59.160
59.510
59.860
60.200
60.540
60.890
61.240
61.580
61.920
62.270
62.610
62.960
63.300
63.650
63.990
64.340
64.680
65.030
65.370
65.720
66.060
66.410
66.750
67.100
67.440
67.790
68.130
68.470
68.820
69.170
69.510
69.860
70.200
70.550
70.890
71.240
71.580
71.930
72.270
72.610
72.960
73.300
73.650
73.990
74.340
74.690
75.030
75.380
75.710
76.060
76.410
76.750
77.100
77.450
77.790
78.130
78.480
78.820
79.160
79.510
79.860
80.200
80.540
80.890
81.240
81.580
81.920
82.270
82.610
82.960
83.300
83.650
83.990
84.340
84.680
85.030
85.370
85.710
86.060
86.410
86.750
87.100
87.440
87.790
88.130
88.470
88.820
89.170
89.510
89.860
90.200
90.550
90.890
91.240
91.580
91.920
92.270
92.610
92.960
93.300
93.650
93.990
94.330
94.680
95.030
95.370
95.720
96.060
96.410
96.750
97.100
97.450
97.790
98.130
98.480
98.820
99.170
99.510
99.860
100.200
100.550
100.890
101.230
101.580
101.930
102.270
102.610
102.960
103.300
103.650
103.990
104.340
104.680
105.030
105.370
105.720
106.060
106.410
106.750
107.100
107.440
107.780
108.130
108.480
108.820
109.170
109.510
109.860
110.200
110.550
110.890
111.230
111.580
111.930
112.270
112.610
112.960
113.300
113.640
113.990
114.340
114.680
115.030
115.370
115.720
116.060
116.400
116.750
117.090
117.440
117.780
118.130
118.480
118.820
119.160
119.510
119.850
