0.000
0.480
0.960
1.440
1.910
2.390
2.860
3.340
3.820
4.290
4.770
5.250
5.720
6.200
6.670
7.150
7.630
8.100
8.580
9.060
9.530
10.000
10.480
10.960
11.440
11.910
12.390
12.870
13.340
13.820
14.290
14.770
15.240
15.720
16.200
16.670
17.150
17.630
18.100
18.580
19.060
19.530
20.010
20.480
20.960
21.440
21.910
22.390
22.860
23.340
23.820
24.290
24.770
25.250
25.720
26.200
26.670
27.150
27.630
28.100
28.570
29.060
29.530
30.010
30.490
30.960
31.440
31.910
32.390
32.860
33.340
33.820
34.290
34.770
35.240
35.720
36.200
36.670
37.150
37.630
38.100
38.580
39.060
39.530
40.010
40.480
40.960
41.440
41.910
42.390
42.860
43.340
43.820
44.290
44.770
45.240
45.720
46.200
46.670
47.150
47.630
48.100
48.580
49.050
49.530
50.010
50.480
50.960
51.430
51.910
52.390
52.860
53.340
53.810
54.290
54.770
55.240
55.720
56.200
56.670
57.150
57.620
58.100
58.580
59.050
59.530
60.010
60.480
60.960
61.430
61.910
62.390
62.860
63.340
63.810
64.290
64.770
65.240
65.720
66.200
66.670
67.150
67.620
68.100
68.580
69.050
69.530
70.000
70.480
70.960
71.430
71.910
72.390
72.860
73.340
73.810
74.290
74.770
75.240
75.720
76.190
76.670
77.150
77.620
78.100
78.580
79.050
79.530
80.000
80.480
80.960
81.430
81.910
82.380
82.860
83.340
83.810
84.290
84.770
85.240
85.720
86.200
86.670
87.150
87.620
88.100
88.580
89.050
89.530
90.000
90.480
90.960
91.430
91.910
92.390
92.860
93.330
93.820
94.290
94.770
95.240
95.720
96.200
96.670
97.150
97.630
98.100
98.580
99.060
99.530
100.010
100.480
100.960
101.440
101.910
102.390
102.860
103.340
103.810
104.290
104.770
105.250
105.720
106.200
106.670
107.150
107.620
108.100
108.570
109.050
109.530
110.000
110.480
110.950
111.430
111.910
112.380
112.860
113.340
113.810
114.290
114.770
115.240
115.720
116.190
116.670
117.150
117.620
118.100
118.570
119.050
119.530
120.000
