0.150
0.640
1.140
1.640
2.140
2.650
3.140
3.640
4.140
4.640
5.140
5.640
6.140
6.640
7.140
7.640
8.150
8.650
9.140
9.640
10.140
10.640
11.140
11.640
12.140
12.650
13.140
13.640
14.140
14.640
15.140
15.640
16.140
16.640
17.140
17.640
18.130
18.650
19.140
19.640
20.150
20.640
21.140
21.640
22.140
22.650
23.140
23.640
24.140
24.640
25.140
25.640
26.150
26.650
27.140
27.640
28.140
28.640
29.140
29.640
30.140
30.650
31.140
31.640
32.140
32.650
33.140
33.640
34.140
34.650
35.140
35.650
36.140
36.640
37.140
37.640
38.140
38.650
39.140
39.650
40.140
40.640
41.150
41.650
42.150
42.640
43.150
43.640
44.150
44.650
45.150
45.640
46.150
46.650
47.140
47.640
48.150
48.640
49.140
49.640
50.140
50.650
51.150
51.640
52.140
52.640
53.140
53.640
54.140
54.660
55.140
55.640
56.140
56.650
57.140
57.650
58.140
58.640
59.140
59.650
60.130
60.660
61.130
61.630
62.130
62.650
63.130
63.630
64.140
64.650
65.140
65.640
66.140
66.650
67.140
67.640
68.140
68.640
69.140
69.640
70.140
70.650
71.140
71.650
72.140
72.650
73.140
73.650
74.150
74.650
75.140
75.640
76.150
76.650
77.140
77.640
78.140
78.650
79.140
79.640
80.150
80.640
81.140
81.640
82.140
82.650
83.140
83.640
84.140
84.650
85.140
85.640
86.140
86.650
87.140
87.640
88.140
88.650
89.140
89.650
90.150
90.650
91.140
91.640
92.130
92.650
93.140
93.640
94.140
94.640
95.140
95.640
96.150
96.650
97.140
97.640
98.150
98.650
99.140
99.640
100.140
100.650
101.140
101.640
102.140
102.640
103.140
103.630
104.140
104.640
105.130
105.630
106.140
106.640
107.140
107.620
108.140
108.650
109.140
109.630
110.130
110.650
111.140
111.640
112.140
112.650
113.140
113.640
114.150
114.640
115.140
115.630
116.140
116.640
117.140
117.640
118.140
118.650
119.140
119.650
