0.160
0.980
1.830
2.700
3.540
4.440
5.260
6.090
6.920
7.760
8.510
9.300
10.020
10.760
11.430
12.110
12.830
13.520
14.170
14.890
15.550
16.250
16.930
17.660
18.340
18.940
19.600
20.230
20.790
21.400
21.990
22.580
23.170
23.740
24.350
24.940
25.490
26.020
26.570
27.050
27.510
27.970
28.440
28.920
29.390
29.870
30.320
30.790
31.270
31.730
32.230
32.690
33.180
33.660
34.150
34.610
35.110
35.590
36.070
36.540
37.030
37.500
37.990
38.470
38.930
39.430
39.890
40.380
40.820
41.250
41.670
42.110
42.540
42.950
43.390
43.820
44.240
44.690
45.120
45.570
46.000
46.460
46.890
47.320
47.780
48.220
48.650
49.080
49.510
49.940
50.370
50.800
51.230
51.660
52.080
52.520
52.940
53.360
53.800
54.230
54.660
55.090
55.510
55.940
56.350
56.740
57.150
57.560
57.970
58.410
58.840
59.270
59.700
60.120
60.550
60.980
61.410
61.840
62.270
62.700
63.130
63.560
63.980
64.410
64.840
65.280
65.700
66.130
66.560
66.980
67.410
67.840
68.270
68.700
69.130
69.560
69.980
70.420
70.850
71.270
71.700
72.130
72.560
72.990
73.410
73.840
74.270
74.700
75.130
75.560
75.990
76.410
76.840
77.270
77.700
78.130
78.560
78.990
79.410
79.840
80.270
80.710
81.130
81.550
81.990
82.410
82.840
83.270
83.700
84.130
84.550
84.990
85.410
85.840
86.270
86.700
87.130
87.560
87.980
88.410
88.840
89.270
89.700
90.130
90.560
90.990
91.410
91.840
92.270
92.700
93.130
93.560
93.980
94.410
94.840
95.270
95.700
96.130
96.560
96.990
97.410
97.840
98.270
98.700
99.130
99.560
99.990
100.410
100.840
101.270
101.700
102.130
102.560
102.990
103.410
103.840
104.270
104.700
105.130
105.560
105.990
106.420
106.840
107.270
107.700
108.130
108.560
108.990
109.410
109.840
110.270
110.700
111.130
111.560
111.980
112.410
112.840
113.270
113.700
114.130
114.560
114.990
115.410
115.840
116.270
116.700
117.130
117.560
117.980
118.410
118.840
119.270
119.700
