0.170
0.640
1.100
1.590
2.050
2.520
2.990
3.450
3.920
4.380
4.840
5.320
5.790
6.260
6.730
7.200
7.670
8.140
8.610
9.070
9.540
10.010
10.480
10.950
11.420
11.890
12.350
12.820
13.290
13.760
14.230
14.700
15.170
15.640
16.110
16.580
17.040
17.510
17.980
18.450
18.920
19.380
19.850
20.330
20.800
21.240
21.700
22.180
22.540
22.940
23.320
23.700
24.070
24.440
24.820
25.220
25.580
25.950
26.310
26.680
27.070
27.420
27.810
28.170
28.540
28.910
29.300
29.660
30.040
30.420
30.800
31.200
31.570
31.960
32.320
32.720
33.090
33.450
33.810
34.180
34.550
34.920
35.330
35.790
36.260
36.730
37.200
37.670
38.140
38.600
39.070
39.540
40.010
40.480
40.950
41.420
41.880
42.360
42.830
43.290
43.760
44.230
44.690
45.170
45.640
46.100
46.580
47.040
47.510
47.980
48.440
48.910
49.390
49.860
50.320
50.790
51.260
51.730
52.200
52.670
53.140
53.610
54.070
54.530
55.010
55.480
55.950
56.420
56.890
57.360
57.820
58.280
58.750
59.230
59.690
60.170
60.640
61.110
61.570
62.030
62.510
62.980
63.450
63.900
64.370
64.850
65.320
65.790
66.260
66.730
67.200
67.670
68.140
68.600
69.070
69.540
70.010
70.480
70.950
71.420
71.890
72.350
72.820
73.290
73.760
74.230
74.700
75.170
75.640
76.100
76.570
77.040
77.510
77.980
78.450
78.910
79.370
79.840
80.320
80.790
81.260
81.730
82.200
82.670
83.140
83.610
84.070
84.540
85.010
85.480
85.950
86.420
86.890
87.350
87.820
88.290
88.760
89.230
89.700
90.170
90.640
91.100
91.570
92.040
92.510
92.980
93.450
93.920
94.380
94.840
95.320
95.790
96.260
96.730
97.200
97.670
98.140
98.610
99.070
99.540
100.010
100.480
100.950
101.420
101.890
102.360
102.820
103.290
103.760
104.230
104.700
105.170
105.640
106.100
106.570
107.040
107.510
107.980
108.450
108.910
109.380
109.840
110.320
110.790
111.260
111.730
112.200
112.660
113.130
113.600
114.070
114.540
115.010
115.480
115.950
116.410
116.880
117.350
117.820
118.290
118.760
119.230
119.700
