0.070
0.450
0.840
1.230
1.610
2.000
2.380
2.760
3.150
3.540
3.920
4.300
4.690
5.070
5.460
5.840
6.220
6.610
7.000
7.380
7.760
8.150
8.530
8.920
9.300
9.690
10.070
10.460
10.840
11.220
11.610
12.100
12.610
13.150
13.640
14.150
14.680
15.180
15.690
16.230
16.720
17.230
17.770
18.260
18.760
19.300
19.790
20.290
20.830
21.330
21.820
22.370
22.870
23.380
23.920
24.410
24.880
25.260
25.650
26.030
26.420
26.830
27.200
27.580
27.960
28.340
28.730
29.110
29.500
29.880
30.270
30.650
31.040
31.420
31.800
32.190
32.580
32.960
33.350
33.730
34.110
34.500
34.880
35.270
35.650
36.040
36.420
36.810
37.190
37.570
37.960
38.340
38.730
39.110
39.500
39.880
40.270
40.650
41.040
41.420
41.810
42.190
42.580
42.960
43.340
43.730
44.110
44.500
44.880
45.270
45.650
46.040
46.420
46.800
47.190
47.580
47.960
48.340
48.730
49.110
49.500
49.880
50.270
50.660
51.040
51.430
51.810
52.190
52.580
52.960
53.350
53.730
54.120
54.500
54.890
55.270
55.650
56.040
56.420
56.810
57.190
57.580
57.960
58.350
58.730
59.110
59.500
59.880
60.270
60.650
61.040
61.420
61.810
62.190
62.580
62.960
63.350
63.730
64.120
64.500
64.880
65.270
65.650
66.040
66.420
66.810
67.190
67.580
67.960
68.350
68.730
69.110
69.500
69.880
70.270
70.650
71.040
71.420
71.810
72.190
72.580
72.960
73.350
73.730
74.110
74.500
74.890
75.270
75.660
76.040
76.440
76.810
77.190
77.570
77.960
78.340
78.730
79.110
79.500
79.880
80.270
80.650
81.030
81.420
81.810
82.190
82.570
82.960
83.340
83.730
84.110
84.500
84.880
85.270
85.650
86.040
86.420
86.800
87.190
87.570
87.960
88.340
88.730
89.110
89.500
89.880
90.270
90.650
91.040
91.420
91.810
92.190
92.580
92.960
93.340
93.730
94.110
94.500
94.880
95.270
95.650
96.040
96.420
96.810
97.190
97.570
97.960
98.340
98.730
99.110
99.500
99.880
100.270
100.650
101.040
101.430
101.810
102.190
102.570
102.960
103.340
103.730
104.110
104.500
104.880
105.260
105.650
106.030
106.420
106.800
107.190
107.570
107.960
108.340
108.730
109.110
109.500
109.880
110.270
110.650
111.030
111.420
111.800
112.190
112.580
112.960
113.350
113.730
114.120
114.500
114.880
115.270
115.660
116.040
116.430
116.810
117.190
117.580
117.960
118.340
118.730
119.110
119.500
119.890
