0.310
0.660
1.000
1.340
1.680
2.030
2.370
2.710
3.050
3.400
3.740
4.080
4.430
4.770
5.110
5.450
5.800
6.140
6.490
6.830
7.170
7.510
7.860
8.200
8.540
8.880
9.230
9.570
9.910
10.250
10.600
10.940
11.280
11.630
11.970
12.310
12.650
13.000
13.340
13.680
14.020
14.370
14.710
15.050
15.400
15.740
16.090
16.430
16.770
17.110
17.460
17.800
18.140
18.480
18.830
19.170
19.510
19.850
20.200
20.540
20.880
21.220
21.570
21.910
22.250
22.600
22.940
23.280
23.630
23.970
24.310
24.650
25.000
25.340
25.850
26.370
27.060
27.740
28.430
29.110
29.800
30.490
31.170
31.880
32.540
33.240
33.910
34.610
35.290
35.970
36.660
37.370
38.030
38.730
39.400
40.090
40.780
41.490
42.190
42.850
43.550
44.200
44.890
45.590
46.270
46.950
47.630
48.330
49.000
49.710
50.390
51.070
51.750
52.450
53.120
53.810
54.500
55.180
55.870
56.550
57.220
57.930
58.600
59.300
59.970
60.660
61.350
62.030
62.720
63.400
64.090
64.780
65.460
66.150
66.830
67.520
68.200
68.890
69.570
70.260
70.940
71.630
72.310
73.000
73.690
74.380
75.060
75.740
76.430
77.110
77.800
78.490
79.170
79.860
80.540
81.230
81.910
82.590
83.290
83.970
84.650
85.340
86.030
86.710
87.230
87.740
88.260
88.770
89.110
89.450
89.800
90.140
90.490
90.820
91.170
91.510
91.850
92.190
92.540
92.880
93.230
93.570
93.910
94.260
94.600
94.940
95.280
95.630
95.970
96.310
96.650
97.000
97.340
97.680
98.030
98.370
98.710
99.050
99.400
99.740
100.080
100.430
100.770
101.110
101.450
101.800
102.140
102.480
102.830
103.170
103.510
103.860
104.200
104.540
104.880
105.230
105.570
105.910
106.250
106.600
106.940
107.280
107.620
107.970
108.310
108.650
109.000
109.340
109.680
110.020
110.370
110.710
111.050
111.400
111.740
112.080
112.430
112.770
113.110
113.460
113.800
114.140
114.480
114.830
115.170
115.510
115.850
116.200
116.540
116.880
117.230
117.570
117.910
118.250
118.600
118.940
119.280
119.620
119.970
