0.310
1.010
1.660
2.380
3.080
3.740
4.440
5.120
5.820
6.530
7.220
8.030
8.840
9.640
10.330
11.080
11.770
12.460
13.090
13.700
14.300
14.910
15.520
16.130
16.750
17.340
17.950
18.560
19.170
19.780
20.290
20.790
21.300
21.810
22.330
22.820
23.330
23.840
24.340
24.850
25.360
25.870
26.370
26.880
27.380
27.890
28.300
28.700
29.110
29.510
29.920
30.320
30.720
31.140
31.530
31.940
32.350
32.760
33.160
33.570
33.960
34.380
34.770
35.180
35.560
35.990
36.380
36.790
37.210
37.610
38.030
38.430
38.850
39.240
39.640
40.050
40.450
40.860
41.270
41.670
42.080
42.480
42.890
43.290
43.700
44.100
44.520
44.930
45.330
45.730
46.140
46.550
46.950
47.360
47.760
48.160
48.570
48.970
49.380
49.780
50.200
50.590
51.000
51.410
51.820
52.210
52.620
53.030
53.440
53.830
54.250
54.650
55.060
55.460
55.870
56.270
56.680
57.090
57.490
57.900
58.300
58.710
59.120
59.520
59.920
60.320
60.730
61.140
61.540
61.950
62.360
62.760
63.170
63.570
63.980
64.380
64.790
65.190
65.600
66.000
66.410
66.820
67.220
67.630
68.030
68.430
68.840
69.250
69.650
70.060
70.460
70.870
71.270
71.680
72.090
72.490
72.900
73.300
73.710
74.110
74.520
74.920
75.330
75.730
76.140
76.540
76.950
77.350
77.760
78.160
78.570
78.970
79.380
79.790
80.190
80.600
81.000
81.410
81.810
82.220
82.630
83.030
83.430
83.840
84.250
84.650
85.060
85.460
85.870
86.270
86.680
87.080
87.490
87.890
88.300
88.710
89.110
89.510
89.920
90.330
90.730
91.140
91.550
91.950
92.360
92.760
93.160
93.570
93.980
94.380
94.790
95.190
95.600
96.000
96.410
96.810
97.220
97.620
98.030
98.430
98.840
99.240
99.650
100.060
100.460
100.870
101.270
101.680
102.080
102.490
102.890
103.300
103.710
104.110
104.520
104.920
105.330
105.730
106.130
106.490
106.830
107.170
107.550
107.960
108.360
108.770
109.170
109.580
109.990
110.390
110.800
111.200
111.610
112.010
112.420
112.860
113.320
113.810
114.300
114.780
115.260
115.740
116.200
116.680
117.160
117.650
118.140
118.620
119.070
119.540
120.020
