0.070
0.530
1.000
1.470
1.930
2.400
2.870
3.340
3.810
4.280
4.740
5.210
5.680
6.150
6.620
7.090
7.560
8.030
8.500
8.970
9.440
9.900
10.370
10.840
11.310
11.780
12.250
12.710
13.180
13.650
14.120
14.590
15.060
15.520
16.000
16.460
16.930
17.400
17.880
18.360
18.800
19.280
19.740
20.220
20.690
21.160
21.620
22.100
22.560
23.030
23.500
23.980
24.440
24.910
25.390
25.860
26.310
26.790
27.250
27.730
28.190
28.670
29.130
29.600
30.070
30.540
30.990
31.470
31.940
32.410
32.870
33.350
33.820
34.280
34.750
35.220
35.700
36.160
36.620
37.110
37.560
38.030
38.500
38.980
39.450
39.920
40.380
40.860
41.320
41.780
42.260
42.720
43.190
43.660
44.130
44.600
45.070
45.530
46.010
46.470
46.940
47.410
47.880
48.350
48.820
49.290
49.760
50.220
50.690
51.160
51.630
52.100
52.560
53.030
53.500
53.970
54.440
54.910
55.380
55.850
56.310
56.780
57.250
57.720
58.190
58.660
59.130
59.600
60.070
60.540
61.000
61.470
61.940
62.410
62.870
63.340
63.810
64.280
64.750
65.220
65.680
66.160
66.620
67.090
67.560
68.030
68.500
68.970
69.440
69.910
70.370
70.850
71.310
71.780
72.250
72.720
73.190
73.660
74.120
74.590
75.060
75.530
76.000
76.470
76.930
77.400
77.870
78.350
78.810
79.280
79.750
80.220
80.690
81.160
81.620
82.090
82.560
83.030
83.500
83.970
84.440
84.900
85.370
85.840
86.310
86.780
87.250
87.710
88.180
88.650
89.100
89.570
90.060
90.510
91.000
91.460
91.930
92.400
92.870
93.340
93.810
94.280
94.750
95.220
95.690
96.150
96.620
97.090
97.560
98.030
98.500
98.970
99.440
99.900
100.370
100.840
101.310
101.780
102.250
102.720
103.190
103.650
104.120
104.590
105.060
105.520
106.000
106.460
106.930
107.400
107.870
108.340
108.810
109.280
109.750
110.220
110.690
111.150
111.620
112.090
112.560
113.030
113.500
113.970
114.440
114.900
115.370
115.840
116.310
116.780
117.250
117.720
118.190
118.650
119.120
119.590
120.060
