0.230
0.700
1.180
1.650
2.130
2.610
3.190
3.800
4.400
4.990
5.580
6.160
6.690
7.260
7.840
8.310
8.790
9.270
9.750
10.220
10.700
11.170
11.650
12.120
12.600
13.080
13.560
14.030
14.510
14.980
15.460
15.930
16.410
16.880
17.360
17.840
18.320
18.790
19.270
19.740
20.220
20.700
21.170
21.650
22.130
22.600
23.080
23.550
24.030
24.500
24.980
25.460
25.940
26.410
26.890
27.360
27.840
28.310
28.790
29.270
29.750
30.220
30.700
31.170
31.650
32.120
32.600
33.080
33.550
34.030
34.510
34.980
35.460
35.930
36.410
36.890
37.360
37.840
38.320
38.790
39.210
39.630
40.110
40.580
41.060
41.540
42.010
42.490
42.970
43.440
43.920
44.390
44.870
45.350
45.820
46.300
46.770
47.250
47.730
48.200
48.680
49.150
49.630
50.110
50.580
51.060
51.540
52.010
52.490
52.960
53.440
53.910
54.390
54.870
55.350
55.820
56.300
56.770
57.250
57.730
58.200
58.680
59.160
59.630
60.110
60.580
61.060
61.590
62.120
62.600
63.080
63.550
64.030
64.500
64.980
65.460
65.930
66.410
66.890
67.360
67.840
68.310
68.790
69.270
69.740
70.220
70.690
71.170
71.650
72.120
72.600
73.080
73.550
74.030
74.500
74.980
75.460
75.930
76.410
76.880
77.360
77.840
78.310
78.790
79.270
79.740
80.220
80.690
81.170
81.650
82.120
82.600
83.080
83.550
84.030
84.500
84.980
85.460
85.930
86.410
86.890
87.360
87.840
88.310
88.790
89.270
89.740
90.220
90.700
91.170
91.650
92.120
92.600
93.080
93.550
94.030
94.500
94.980
95.460
95.930
96.410
96.890
97.360
97.840
98.310
98.790
99.270
99.740
100.220
100.690
101.170
101.650
102.120
102.600
103.080
103.550
104.030
104.500
104.980
105.460
105.930
106.410
106.890
107.360
107.840
108.310
108.790
109.270
109.740
110.220
110.700
111.170
111.650
112.120
112.600
113.080
113.550
114.030
114.500
114.980
115.460
115.930
116.410
116.880
117.360
117.840
118.320
118.800
119.270
119.750
