0.140
0.470
0.800
1.140
1.470
1.810
2.140
2.470
2.810
3.140
3.460
3.800
4.140
4.470
4.810
5.140
5.470
5.810
6.140
6.470
6.810
7.140
7.470
7.810
8.140
8.470
8.810
9.140
9.470
9.800
10.140
10.470
10.810
11.140
11.470
11.800
12.140
12.470
12.810
13.140
13.480
13.800
14.140
14.470
14.810
15.140
15.470
15.810
16.140
16.470
16.810
17.140
17.470
17.810
18.140
18.470
18.810
19.140
19.480
19.810
20.140
20.470
20.810
21.140
21.470
21.810
22.140
22.470
22.810
23.130
23.470
23.780
24.130
24.440
24.790
25.130
25.470
25.800
26.140
26.470
26.810
27.140
27.470
27.810
28.140
28.470
28.810
29.140
29.470
29.810
30.140
30.470
30.810
31.140
31.470
31.810
32.140
32.470
32.810
33.140
33.470
33.810
34.140
34.470
34.810
35.140
35.470
35.810
36.140
36.470
36.810
37.140
37.470
37.810
38.140
38.470
38.810
39.140
39.480
39.810
40.140
40.470
40.810
41.140
41.470
41.810
42.140
42.470
42.810
43.140
43.470
43.810
44.140
44.470
44.810
45.140
45.470
45.810
46.140
46.470
46.810
47.140
47.470
47.810
48.140
48.470
48.810
49.140
49.470
49.810
50.140
50.470
50.810
51.140
51.470
51.800
52.140
52.470
52.810
53.140
53.470
53.810
54.140
54.470
54.810
55.140
55.470
55.800
56.140
56.470
56.810
57.140
57.470
57.810
58.140
58.470
58.810
59.140
59.470
59.810
60.140
60.470
60.810
61.140
61.470
61.810
62.140
62.470
62.810
63.140
63.480
63.810
64.140
64.470
64.810
65.140
65.480
65.810
66.140
66.470
66.810
67.140
67.480
67.810
68.140
68.460
68.800
69.140
69.470
69.810
70.140
70.480
70.810
71.140
71.470
71.810
72.140
72.470
72.810
73.140
73.470
73.800
74.140
74.470
74.810
75.140
75.470
75.810
76.140
76.470
76.810
77.140
77.470
77.810
78.140
78.470
78.810
79.140
79.470
79.810
80.140
80.480
80.810
81.140
81.470
81.810
82.140
82.470
82.810
83.140
83.470
83.810
84.140
84.480
84.810
85.140
85.470
85.810
86.140
86.480
86.810
87.140
87.470
87.810
88.140
88.470
88.810
89.140
89.470
89.810
90.140
90.470
90.810
91.140
91.470
91.810
92.140
92.470
92.810
93.140
93.470
93.810
94.140
94.470
94.810
95.140
95.470
95.810
96.140
96.470
96.800
97.140
97.470
97.810
98.140
98.470
98.810
99.140
99.470
99.810
100.140
100.470
100.810
101.140
101.470
101.810
102.140
102.470
102.800
103.140
103.470
103.810
104.140
104.470
104.800
105.140
105.470
105.810
106.140
106.470
106.810
107.140
107.470
107.810
108.140
108.470
108.810
109.140
109.470
109.810
110.140
110.470
110.800
111.140
111.470
111.810
112.140
112.470
112.810
113.140
113.470
113.810
114.140
114.470
114.810
115.140
115.470
115.810
116.140
116.480
116.810
117.140
117.470
117.810
118.140
118.480
118.810
119.140
119.470
119.810
