0.470
0.960
1.450
1.930
2.420
2.910
3.400
3.890
4.370
4.860
5.350
5.840
6.320
6.810
7.300
7.790
8.280
8.760
9.250
9.740
10.230
10.710
11.200
11.690
12.180
12.670
13.160
13.640
14.130
14.620
15.110
15.590
16.080
16.570
17.060
17.540
18.030
18.520
19.010
19.500
19.980
20.470
20.960
21.450
21.940
22.420
22.910
23.400
24.020
24.620
25.110
25.600
26.080
26.570
27.060
27.550
28.030
28.520
29.010
29.500
29.990
30.470
30.960
31.450
31.940
32.420
32.910
33.400
33.890
34.370
34.860
35.350
35.840
36.330
36.810
37.300
37.790
38.280
38.770
39.250
39.740
40.230
40.720
41.200
41.690
42.180
42.670
43.150
43.640
44.130
44.620
45.110
45.600
46.080
46.570
47.060
47.550
48.030
48.520
49.010
49.500
49.980
50.470
50.960
51.450
51.940
52.430
52.910
53.400
53.890
54.380
54.860
55.350
55.840
56.330
56.810
57.300
57.790
58.280
58.760
59.250
59.740
60.230
60.720
61.200
61.690
62.180
62.670
63.160
63.640
64.130
64.620
65.110
65.590
66.080
66.570
67.060
67.550
68.040
68.520
69.010
69.500
69.990
70.470
70.960
71.450
71.940
72.420
72.910
73.400
73.890
74.370
74.860
75.350
75.840
76.330
76.820
77.300
77.790
78.280
78.770
79.250
79.740
80.230
80.720
81.200
81.690
82.180
82.670
83.160
83.650
84.130
84.620
85.110
85.600
86.080
86.570
87.060
87.550
88.040
88.520
89.010
89.500
89.990
90.470
90.960
91.450
91.940
92.420
92.910
93.400
93.890
94.380
94.860
95.350
95.840
96.330
96.810
97.300
97.790
98.280
98.760
99.250
99.740
100.230
100.720
101.210
101.690
102.180
102.670
103.160
103.640
104.130
104.620
105.110
105.590
106.080
106.570
107.060
107.550
108.030
108.520
109.010
109.500
109.980
110.470
110.960
111.450
111.930
112.420
112.910
113.400
113.890
114.370
114.860
115.350
115.840
116.320
116.820
117.300
117.790
118.280
118.770
119.250
119.740
