0.070
0.420
0.760
1.100
1.450
1.790
2.130
2.480
2.820
3.160
3.500
3.850
4.190
4.530
4.870
5.220
5.560
5.900
6.240
6.590
6.930
7.280
7.610
7.960
8.300
8.650
8.990
9.330
9.670
10.020
10.360
10.700
11.040
11.390
11.730
12.080
12.420
12.760
13.100
13.450
13.790
14.130
14.470
14.820
15.160
15.500
15.840
16.190
16.530
16.880
17.210
17.560
17.900
18.250
18.590
18.930
19.270
19.620
19.960
20.300
20.650
20.990
21.330
21.670
22.020
22.360
22.700
23.050
23.380
23.730
24.070
24.420
24.760
25.100
25.440
25.790
26.130
26.470
26.810
27.160
27.500
27.850
28.190
28.530
28.870
29.220
29.560
29.900
30.240
30.590
30.930
31.270
31.620
31.960
32.300
32.650
32.990
33.330
33.670
34.020
34.360
34.700
35.040
35.390
35.730
36.070
36.420
36.760
37.100
37.450
37.780
38.130
38.470
38.820
39.160
39.500
39.840
40.190
40.530
40.880
41.220
41.560
41.900
42.240
42.590
42.930
43.270
43.620
43.960
44.300
44.640
44.990
45.330
45.670
46.010
46.360
46.700
47.050
47.390
47.730
48.070
48.420
48.760
49.100
49.440
49.790
50.130
50.470
50.820
51.160
51.500
51.850
52.190
52.530
52.870
53.220
53.560
53.900
54.240
54.590
54.930
55.270
55.620
55.960
56.300
56.650
56.990
57.330
57.670
58.020
58.360
58.700
59.040
59.390
59.730
60.080
60.420
60.760
61.100
61.450
61.790
62.130
62.470
62.820
63.150
63.500
63.840
64.180
64.520
64.860
65.220
65.560
65.900
66.250
66.590
66.930
67.270
67.620
67.960
68.300
68.650
68.990
69.330
69.670
70.020
70.360
70.700
71.050
71.390
71.730
72.070
72.420
72.760
73.100
73.440
73.790
74.130
74.470
74.820
75.160
75.500
75.850
76.190
76.530
76.870
77.220
77.560
77.900
78.240
78.590
78.930
79.270
79.620
79.960
80.300
80.650
80.990
81.330
81.670
82.020
82.360
82.700
83.040
83.390
83.730
84.080
84.410
84.760
85.100
85.450
85.790
86.130
86.470
86.820
87.160
87.500
87.850
88.180
88.530
88.880
89.230
89.590
89.920
90.280
90.630
90.990
91.350
91.700
92.070
92.470
92.830
93.210
93.610
93.980
94.330
94.700
95.090
95.450
95.810
96.190
96.570
96.920
97.290
97.670
98.040
98.420
98.790
99.150
99.510
99.840
100.190
100.540
100.860
101.200
101.560
101.880
102.240
102.580
102.920
103.270
103.600
103.960
104.310
104.650
105.000
105.340
105.680
106.030
106.360
106.700
107.040
107.390
107.730
108.070
108.420
108.750
109.100
109.430
109.790
110.140
110.470
110.820
111.160
111.500
111.840
112.190
112.530
112.870
113.220
113.560
113.900
114.240
114.590
114.930
115.270
115.620
115.960
116.300
116.650
116.990
117.330
117.670
118.020
118.360
118.700
119.040
119.380
119.720
120.060
