0.280
0.920
1.600
2.320
2.960
3.680
4.360
5.000
5.680
6.390
7.040
7.760
8.430
9.110
9.790
10.460
11.120
11.840
12.510
13.150
13.820
14.530
15.160
15.880
16.540
17.200
17.880
18.600
19.260
19.990
20.640
21.280
21.770
22.260
22.760
23.290
23.780
24.290
24.790
25.320
25.850
26.360
26.860
27.370
27.880
28.390
28.900
29.400
29.910
30.420
30.930
31.440
31.950
32.450
32.960
33.470
33.980
34.490
35.000
35.510
36.010
36.520
37.030
37.540
38.050
38.560
39.060
39.570
40.080
40.590
41.100
41.610
42.120
42.620
43.140
43.640
44.150
44.660
45.170
45.670
46.180
46.690
47.200
47.710
48.220
48.720
49.230
49.740
50.250
50.760
51.270
51.780
52.290
52.790
53.300
53.810
54.320
54.830
55.340
55.840
56.350
56.860
57.370
57.880
58.390
58.890
59.400
59.910
60.420
60.930
61.440
61.950
62.450
62.960
63.470
63.980
64.490
65.000
65.510
66.010
66.520
67.030
67.540
68.050
68.560
69.060
69.570
70.080
70.590
71.100
71.610
72.110
72.620
73.130
73.640
74.150
74.660
75.170
75.670
76.210
76.710
77.200
77.750
78.340
78.960
79.610
80.250
80.880
81.540
82.150
82.790
83.560
84.320
85.090
85.850
86.600
87.370
88.060
88.830
89.530
90.290
90.980
91.710
92.460
93.210
93.880
94.510
95.220
95.870
96.540
97.210
97.900
98.560
99.210
99.930
100.600
101.100
101.600
102.120
102.630
103.130
103.620
104.120
104.660
105.140
105.670
106.160
106.680
107.200
107.710
108.210
108.720
109.240
109.740
110.250
110.760
111.270
111.780
112.290
112.790
113.300
113.810
114.320
114.830
115.340
115.840
116.350
116.860
117.370
117.880
118.390
118.890
119.400
119.910
