0.360
0.720
1.080
1.450
1.810
2.170
2.530
2.900
3.260
3.620
3.990
4.350
4.710
5.080
5.440
5.800
6.160
6.530
6.890
7.250
7.620
7.980
8.340
8.700
9.070
9.430
9.790
10.150
10.520
10.880
11.240
11.610
11.970
12.330
12.700
13.060
13.420
13.780
14.150
14.510
14.870
15.230
15.600
15.960
16.320
16.690
17.050
17.410
17.770
18.140
18.500
18.860
19.220
19.590
19.950
20.310
20.680
21.040
21.520
22.010
22.490
22.980
23.460
23.940
24.430
24.910
25.400
25.880
26.360
26.850
27.330
27.810
28.300
28.780
29.260
29.750
30.230
30.720
31.200
31.690
32.170
32.650
33.140
33.620
34.100
34.590
35.070
35.560
36.040
36.520
37.010
37.490
37.980
38.460
38.940
39.430
39.910
40.400
40.880
41.370
41.850
42.330
42.820
43.300
43.780
44.270
44.750
45.240
45.720
46.200
46.690
47.170
47.650
48.140
48.620
49.100
49.590
50.070
50.560
51.040
51.520
52.010
52.490
52.980
53.460
53.940
54.430
54.910
55.400
55.880
56.360
56.850
57.330
57.820
58.300
58.780
59.270
59.750
60.230
60.720
61.200
61.690
62.170
62.650
63.140
63.620
64.100
64.590
65.070
65.560
66.040
66.520
67.010
67.490
67.980
68.460
68.940
69.430
69.910
70.400
70.880
71.360
71.850
72.330
72.810
73.300
73.780
74.270
74.750
75.230
75.720
76.200
76.690
77.170
77.650
78.140
78.620
79.110
79.590
80.070
80.560
81.040
81.520
82.010
82.490
82.980
83.460
83.940
84.430
84.910
85.390
85.880
86.360
86.850
87.330
87.820
88.300
88.780
89.270
89.750
90.230
90.720
91.200
91.690
92.170
92.650
93.140
93.620
94.110
94.590
95.070
95.560
96.040
96.520
97.010
97.490
97.980
98.460
98.940
99.430
99.910
100.400
100.880
101.360
101.850
102.330
102.810
103.300
103.780
104.270
104.750
105.240
105.720
106.200
106.690
107.170
107.650
108.140
108.620
109.100
109.590
110.070
110.560
111.040
111.520
112.010
112.490
112.980
113.460
113.950
114.430
114.910
115.400
115.880
116.360
116.850
117.330
117.810
118.300
118.780
119.270
119.750
