0.660
1.320
2.000
2.670
3.340
4.030
4.710
5.320
5.940
6.590
7.210
7.860
8.450
9.100
9.700
10.320
10.880
11.470
12.100
12.710
13.330
13.940
14.520
15.170
15.810
16.450
17.130
17.840
18.500
19.140
19.820
20.490
21.100
21.740
22.410
23.030
23.680
24.300
25.020
25.690
26.400
27.120
27.860
28.610
29.350
30.060
30.840
31.590
32.320
33.090
33.770
34.440
35.060
35.700
36.370
37.010
37.660
38.280
38.910
39.550
40.200
40.860
41.500
42.120
42.770
43.450
44.120
44.800
45.490
46.180
46.910
47.600
48.270
48.950
49.660
50.430
51.170
51.880
52.650
53.390
54.110
54.850
55.610
56.320
57.080
57.810
58.530
59.240
60.000
60.710
61.380
62.090
62.840
63.610
64.390
65.180
65.970
66.720
67.410
68.110
68.770
69.460
70.170
70.940
71.660
72.430
73.140
73.830
74.520
75.200
75.920
76.620
77.340
78.040
78.730
79.430
80.130
80.840
81.520
82.210
82.930
83.530
84.100
84.730
85.350
85.930
86.570
87.170
87.890
88.580
89.250
89.900
90.570
91.240
91.960
92.630
93.270
93.920
94.590
95.250
95.950
96.730
97.520
98.310
99.080
99.830
100.720
101.660
102.550
103.410
104.330
105.210
106.130
107.100
108.000
108.910
109.850
110.730
111.630
112.520
113.440
114.300
115.230
116.160
117.070
117.930
118.800
119.590
