0.300
0.860
1.410
1.930
2.450
2.990
3.510
4.020
4.530
5.060
5.560
6.040
6.520
6.980
7.470
7.940
8.420
8.910
9.390
9.800
10.220
10.660
11.060
11.500
11.920
12.310
12.710
13.110
13.520
13.930
14.330
14.730
15.140
15.540
15.950
16.360
16.760
17.170
17.580
17.980
18.380
18.790
19.190
19.600
20.010
20.410
20.810
21.220
21.630
22.030
22.410
22.840
23.240
23.650
24.060
24.460
24.870
25.280
25.680
26.090
26.490
26.900
27.290
27.710
28.110
28.520
28.930
29.330
29.740
30.140
30.520
30.950
31.350
31.750
32.160
32.570
32.980
33.380
33.780
34.190
34.600
35.010
35.420
35.810
36.220
36.620
37.020
37.440
37.850
38.240
38.660
39.060
39.460
39.870
40.270
40.680
41.090
41.490
41.900
42.300
42.710
43.110
43.510
43.920
44.330
44.740
45.130
45.540
45.950
46.360
46.760
47.160
47.570
47.970
48.380
48.790
49.190
49.600
50.000
50.410
50.820
51.210
51.620
52.030
52.440
52.840
53.240
53.650
54.060
54.470
54.870
55.270
55.680
56.090
56.490
56.900
57.300
57.710
58.110
58.520
58.920
59.330
59.730
60.140
60.550
60.950
61.360
61.760
62.180
62.570
62.980
63.390
63.790
64.200
64.600
65.010
65.410
65.820
66.220
66.630
67.030
67.440
67.840
68.250
68.660
69.060
69.470
69.870
70.280
70.680
71.090
71.490
71.900
72.300
72.710
73.110
73.520
73.930
74.330
74.740
75.140
75.550
75.950
76.360
76.760
77.170
77.580
77.980
78.380
78.790
79.200
79.600
80.010
80.410
80.820
81.220
81.630
82.030
82.440
82.840
83.250
83.660
84.060
84.460
84.870
85.280
85.680
86.090
86.490
86.900
87.300
87.710
88.120
88.520
88.930
89.330
89.740
90.140
90.550
90.950
91.360
91.760
92.170
92.570
92.980
93.390
93.790
94.200
94.600
95.010
95.410
95.820
96.220
96.630
97.030
97.440
97.840
98.250
98.660
99.060
99.470
99.870
100.280
100.680
101.090
101.490
101.900
102.300
102.710
103.120
103.520
103.930
104.330
104.740
105.140
105.550
105.950
106.360
106.760
107.170
107.570
107.980
108.380
108.790
109.200
109.600
110.010
110.410
110.820
111.220
111.630
112.030
112.440
112.840
113.250
113.660
114.060
114.470
114.870
115.280
115.680
116.090
116.500
116.900
117.300
117.710
118.120
118.520
118.930
119.330
119.740
