0.160
0.500
0.850
1.200
1.530
1.890
2.220
2.570
2.910
3.250
3.590
3.950
4.280
4.620
4.960
5.310
5.650
5.990
6.330
6.680
7.020
7.390
7.710
8.070
8.390
8.750
9.080
9.430
9.770
10.110
10.450
10.800
11.140
11.480
11.820
12.170
12.510
12.860
13.190
13.540
13.880
14.220
14.560
14.910
15.250
15.600
15.950
16.290
16.620
16.950
17.300
17.640
17.990
18.330
18.680
19.010
19.360
19.700
20.050
20.390
20.730
21.070
21.420
21.760
22.110
22.450
22.790
23.130
23.480
23.820
24.160
24.510
24.850
25.180
25.530
25.880
26.220
26.560
26.900
27.240
27.590
27.940
28.280
28.630
28.960
29.310
29.650
30.000
30.340
30.680
31.020
31.370
31.710
32.060
32.390
32.730
33.080
33.410
33.760
34.110
34.450
34.800
35.130
35.480
35.820
36.170
36.510
36.850
37.190
37.540
37.880
38.200
38.560
38.900
39.250
39.590
39.930
40.280
40.620
40.960
41.310
41.650
42.000
42.330
42.680
43.020
43.360
43.700
44.050
44.390
44.740
45.080
45.420
45.760
46.110
46.450
46.790
47.140
47.480
47.820
48.170
48.510
48.850
49.190
49.530
49.880
50.230
50.560
50.910
51.250
51.600
51.930
52.280
52.620
52.970
53.310
53.650
53.990
54.340
54.680
55.020
55.370
55.710
56.050
56.390
56.740
57.080
57.420
57.760
58.110
58.460
58.790
59.140
59.490
59.820
60.160
60.500
60.850
61.190
61.540
61.880
62.220
62.570
62.900
63.250
63.590
63.940
64.280
64.620
64.960
65.310
65.650
65.990
66.340
66.680
67.020
67.360
67.710
68.050
68.390
68.740
69.080
69.420
69.760
70.110
70.470
70.810
71.160
71.480
71.830
72.160
72.520
72.850
73.200
73.530
73.880
74.220
74.570
74.910
75.260
75.590
75.930
76.280
76.620
76.960
77.300
77.650
78.000
78.330
78.690
79.020
79.370
79.710
80.050
80.390
80.740
81.080
81.420
81.760
82.110
82.450
82.790
83.130
83.480
83.820
84.190
84.510
84.860
85.190
85.550
85.880
86.230
86.560
86.910
87.250
87.590
87.940
88.280
88.620
88.970
89.310
89.660
89.990
90.340
90.680
91.020
91.360
91.710
92.050
92.390
92.740
93.070
93.420
93.760
94.110
94.440
94.790
95.130
95.480
95.810
96.160
96.490
96.850
97.190
97.530
97.870
98.220
98.560
98.910
99.250
99.590
99.930
100.280
100.620
100.960
101.300
101.650
101.990
102.330
102.670
103.020
103.360
103.700
104.050
104.390
104.740
105.080
105.430
105.760
106.110
106.450
106.800
107.130
107.480
107.820
108.170
108.510
108.850
109.190
109.530
109.880
110.210
110.560
110.900
111.250
111.600
111.930
112.280
112.620
112.970
113.310
113.650
113.990
114.330
114.670
115.010
115.360
115.700
116.050
116.380
116.730
117.080
117.420
117.760
118.100
118.440
118.790
119.130
119.470
119.820
