0.210
1.020
1.830
2.640
3.450
4.270
5.080
5.890
6.700
7.510
8.320
9.130
9.940
10.760
11.580
12.390
13.180
13.990
14.810
15.620
16.430
17.240
18.050
18.860
19.670
20.480
21.290
22.100
22.910
23.730
24.540
25.350
26.160
26.970
27.780
28.590
29.400
30.210
31.020
31.830
32.640
33.460
34.270
35.080
35.890
36.740
37.550
38.380
39.190
39.980
40.790
41.590
42.390
43.210
43.990
44.810
45.640
46.450
47.270
48.070
48.880
49.690
50.520
51.320
52.130
52.910
53.730
54.540
55.350
56.160
56.970
57.780
58.590
59.400
60.210
61.020
61.840
62.650
63.460
64.270
65.080
65.890
66.700
67.500
68.320
69.130
69.940
70.740
71.560
72.380
73.190
73.990
74.810
75.620
76.430
77.240
78.050
78.860
79.670
80.480
81.290
82.100
82.920
83.710
84.540
85.350
86.160
86.970
87.780
88.590
89.400
90.210
91.020
91.840
92.640
93.460
94.260
95.080
95.890
96.700
97.510
98.320
99.130
99.940
100.750
101.570
102.370
103.180
103.990
104.810
105.620
106.430
107.240
108.050
108.860
109.670
110.480
111.290
112.100
112.910
113.720
114.570
115.370
116.180
116.940
117.730
118.560
119.330
