0.400
0.810
1.230
1.640
2.050
2.460
2.880
3.290
3.720
4.120
4.540
4.950
5.360
5.790
6.200
6.600
7.030
7.430
7.850
8.260
8.670
9.100
9.510
9.910
10.340
10.740
11.160
11.570
11.980
12.410
12.820
13.230
13.660
14.050
14.470
14.880
15.300
15.710
16.120
16.540
16.970
17.360
17.780
18.190
18.610
19.020
19.440
19.850
20.280
20.670
21.090
21.500
21.910
22.320
22.740
23.140
23.550
23.980
24.390
24.810
25.220
25.640
26.050
26.470
26.880
27.300
27.700
28.120
28.530
28.950
29.370
29.780
30.190
30.610
31.010
31.430
31.850
32.260
32.680
33.090
33.500
33.920
34.330
34.740
35.160
35.570
35.990
36.400
36.820
37.230
37.640
38.050
38.470
38.880
39.300
39.710
40.130
40.540
40.950
41.370
41.780
42.190
42.610
43.020
43.440
43.850
44.270
44.680
45.090
45.510
45.920
46.330
46.750
47.160
47.580
47.990
48.400
48.820
49.230
49.640
50.080
50.470
50.890
51.300
51.710
52.130
52.550
52.960
53.390
53.780
54.200
54.610
55.020
55.440
55.850
56.270
56.690
57.090
57.510
57.920
58.330
58.750
59.170
59.580
60.010
60.400
60.820
61.230
61.640
62.070
62.480
62.890
63.320
63.720
64.130
64.540
64.950
65.370
65.790
66.200
66.630
67.020
67.440
67.850
68.270
68.680
69.100
69.510
69.930
70.340
70.750
71.160
71.580
72.000
72.420
72.820
73.250
73.650
74.070
74.480
74.890
75.310
75.720
76.130
76.560
76.960
77.370
77.790
78.200
78.620
79.030
79.440
79.870
80.270
80.690
81.100
81.510
81.930
82.340
82.750
83.180
83.580
84.000
84.410
84.820
85.240
85.650
86.060
86.490
86.890
87.310
87.720
88.130
88.550
88.960
89.370
89.800
90.200
90.610
91.020
91.440
91.860
92.270
92.690
93.120
93.510
93.930
94.340
94.750
95.170
95.580
95.990
96.430
96.820
97.240
97.650
98.060
98.480
98.900
99.310
99.730
100.130
100.550
100.960
101.370
101.790
102.210
102.620
103.050
103.440
103.860
104.270
104.690
105.100
105.520
105.930
106.360
106.760
107.170
107.580
108.000
108.420
108.830
109.240
109.670
110.070
110.490
110.890
111.310
111.720
112.150
112.550
112.980
113.380
113.800
114.210
114.620
115.040
115.450
115.860
116.290
116.690
117.100
117.510
117.930
118.340
118.760
119.180
119.610
120.020
