0.550
1.260
1.970
2.670
3.380
4.090
4.790
5.490
6.200
6.910
7.610
8.320
9.020
9.730
10.440
11.140
11.850
12.550
13.260
13.970
14.670
15.380
16.080
16.790
17.490
18.200
18.910
19.610
20.320
21.020
21.730
22.430
23.140
23.850
24.550
25.260
25.970
26.670
27.370
28.090
28.790
29.500
30.200
30.910
31.610
32.320
33.030
33.730
34.440
35.140
35.850
36.550
37.260
37.970
38.670
39.380
40.080
40.790
41.500
42.200
42.910
43.610
44.320
45.030
45.730
46.440
47.140
47.850
48.550
49.260
49.970
50.670
51.380
52.090
52.790
53.500
54.200
54.910
55.620
56.320
57.030
57.730
58.440
59.140
59.850
60.560
61.260
61.970
62.660
63.370
64.070
64.790
65.490
66.220
66.920
67.620
68.310
69.010
69.700
70.400
71.110
71.850
72.560
73.260
73.970
74.670
75.380
76.080
76.790
77.500
78.200
78.910
79.610
80.320
81.020
81.730
82.440
83.140
83.850
84.550
85.260
85.960
86.670
87.380
88.080
88.790
89.490
90.200
90.910
91.610
92.320
93.020
93.730
94.440
95.140
95.850
96.550
97.260
97.970
98.670
99.380
100.080
100.790
101.490
102.200
102.910
103.610
104.320
105.020
105.730
106.440
107.140
107.850
108.550
109.260
109.960
110.670
111.380
112.080
112.790
113.490
114.200
114.910
115.610
116.320
117.030
117.730
118.440
119.140
119.850
