0.630
1.500
2.350
3.220
4.070
4.930
5.780
6.640
7.500
8.360
9.220
10.070
10.920
11.740
12.640
13.530
14.360
15.180
16.070
16.930
17.790
18.640
19.500
20.350
21.210
22.060
22.930
23.790
24.670
25.450
26.270
27.080
27.950
28.840
29.780
30.660
31.500
32.350
33.210
34.070
34.930
35.800
36.640
37.510
38.360
39.220
40.070
40.930
41.790
42.610
43.500
44.360
45.220
46.070
46.930
47.790
48.640
49.510
50.360
51.220
52.070
52.880
53.510
54.160
54.850
55.480
56.080
56.720
57.350
58.000
58.630
59.230
59.860
60.520
61.130
61.710
62.330
62.930
63.540
64.180
64.780
65.420
66.040
66.660
67.250
67.880
68.590
69.250
69.920
70.580
71.230
71.930
72.600
73.240
73.940
74.580
75.300
75.980
76.740
77.500
78.330
79.120
79.900
80.640
81.420
82.210
83.020
83.780
84.640
85.500
86.360
87.210
88.070
88.950
89.790
90.640
91.500
92.360
93.220
94.070
94.930
95.780
96.650
97.530
98.350
99.210
100.080
100.930
101.790
102.680
103.500
104.360
105.220
106.070
106.930
107.750
108.630
109.500
110.320
111.210
112.070
112.930
113.790
114.640
115.500
116.340
117.210
118.070
118.930
119.780
