0.130
0.590
1.070
1.560
2.020
2.510
2.980
3.430
3.930
4.400
4.870
5.370
5.840
6.310
6.790
7.260
7.750
8.210
8.690
9.180
9.640
10.120
10.600
11.080
11.560
12.030
12.500
12.980
13.440
13.930
14.410
14.870
15.360
15.830
16.310
16.800
17.260
17.740
18.220
18.690
19.160
19.630
20.110
20.600
21.070
21.540
22.030
22.500
22.980
23.450
23.930
24.410
24.870
25.360
25.840
26.310
26.800
27.270
27.750
28.220
28.690
29.170
29.650
30.120
30.600
31.080
31.550
32.030
32.500
32.980
33.460
33.920
34.400
34.880
35.350
35.840
36.310
36.790
37.270
37.740
38.220
38.690
39.160
39.650
40.130
40.600
41.080
41.550
42.030
42.510
42.990
43.460
43.930
44.410
44.890
45.360
45.840
46.320
46.790
47.270
47.740
48.230
48.700
49.170
49.650
50.130
50.600
51.080
51.550
52.040
52.510
52.980
53.460
53.950
54.420
54.890
55.360
55.840
56.290
56.770
57.230
57.700
58.180
58.660
59.160
59.640
60.120
60.600
61.080
61.550
62.030
62.500
62.980
63.460
63.930
64.410
64.890
65.360
65.840
66.310
66.790
67.270
67.740
68.220
68.700
69.170
69.650
70.130
70.600
71.080
71.550
72.030
72.500
72.980
73.460
73.930
74.410
74.890
75.360
75.840
76.310
76.790
77.270
77.740
78.220
78.700
79.170
79.650
80.120
80.600
81.080
81.550
82.030
82.510
82.980
83.460
83.930
84.410
84.900
85.360
85.840
86.320
86.790
87.260
87.740
88.220
88.700
89.170
89.640
90.130
90.600
91.080
91.560
92.030
92.510
92.980
93.460
93.930
94.410
94.890
95.360
95.840
96.320
96.790
97.270
97.750
98.220
98.700
99.170
99.650
100.130
100.600
101.080
101.550
102.030
102.510
102.980
103.460
103.930
104.410
104.890
105.360
105.840
106.320
106.790
107.270
107.740
108.220
108.700
109.170
109.650
110.120
110.600
111.080
111.550
112.030
112.510
112.980
113.460
113.930
114.410
114.880
115.360
115.840
116.310
116.790
117.270
117.740
118.220
118.690
119.170
119.650
