0.220
0.560
0.900
1.240
1.590
1.930
2.270
2.610
2.960
3.300
3.640
3.990
4.330
4.670
5.010
5.350
5.700
6.040
6.390
6.720
7.070
7.410
7.760
8.100
8.440
8.780
9.130
9.470
9.810
10.160
10.500
10.840
11.190
11.530
11.870
12.210
12.560
12.900
13.240
13.580
13.930
14.270
14.620
14.960
15.300
15.640
15.990
16.330
16.670
17.010
17.360
17.700
18.040
18.380
18.730
19.070
19.410
19.760
20.100
20.440
20.790
21.130
21.470
21.810
22.160
22.500
22.840
23.180
23.530
23.870
24.220
24.560
24.900
25.240
25.590
25.930
26.270
26.610
26.960
27.300
27.640
27.980
28.330
28.660
29.010
29.350
29.700
30.040
30.390
30.730
31.070
31.410
31.760
32.090
32.440
32.790
33.130
33.470
33.820
34.150
34.500
34.840
35.190
35.530
35.870
36.210
36.560
36.900
37.240
37.580
37.930
38.270
38.620
38.960
39.300
39.640
39.990
40.330
40.670
41.010
41.360
41.700
42.040
42.380
42.730
43.070
43.410
43.760
44.100
44.440
44.790
45.130
45.470
45.810
46.160
46.500
46.840
47.180
47.530
47.870
48.210
48.550
48.900
49.240
49.590
49.930
50.280
50.610
50.950
51.290
51.640
51.980
52.330
52.670
53.020
53.360
53.700
54.040
54.390
54.730
55.070
55.410
55.750
56.100
56.440
56.780
57.130
57.480
57.820
58.150
58.500
58.840
59.190
59.520
59.870
60.210
60.560
60.900
61.240
61.580
61.930
62.260
62.610
62.950
63.300
63.640
63.990
64.330
64.670
65.010
65.360
65.700
66.050
66.380
66.730
67.060
67.410
67.750
68.100
68.440
68.780
69.120
69.470
69.810
70.150
70.500
70.840
71.180
71.530
71.870
72.220
72.550
72.900
73.230
73.580
73.920
74.270
74.610
74.950
75.300
75.640
75.980
76.330
76.670
77.020
77.350
77.690
78.040
78.380
78.720
79.070
79.410
79.760
80.100
80.440
80.780
81.120
81.470
81.810
82.150
82.500
82.840
83.180
83.520
83.870
84.210
84.550
84.900
85.240
85.580
85.920
86.270
86.610
86.950
87.300
87.640
87.990
88.330
88.670
89.010
89.350
89.690
90.040
90.380
90.730
91.070
91.410
91.760
92.100
92.440
92.780
93.120
93.470
93.810
94.150
94.480
94.830
95.160
95.520
95.860
96.200
96.550
96.900
97.240
97.580
97.920
98.270
98.610
98.950
99.280
99.640
99.990
100.330
100.670
101.010
101.360
101.710
102.040
102.390
102.730
103.070
103.410
103.760
104.100
104.440
104.780
105.130
105.470
105.810
106.150
106.500
106.830
107.180
107.530
107.870
108.210
108.560
108.900
109.240
109.590
109.930
110.270
110.610
110.960
111.300
111.650
111.990
112.330
112.670
113.020
113.360
113.700
114.050
114.390
114.730
115.070
115.410
115.760
116.100
116.440
116.780
117.130
117.470
117.800
118.150
118.490
118.830
119.180
119.500
119.850
