0.070
0.410
0.740
1.070
1.410
1.740
2.080
2.410
2.740
3.070
3.400
3.740
4.080
4.410
4.740
5.060
5.380
5.710
6.040
6.360
6.680
7.000
7.320
7.650
7.960
8.290
8.620
8.950
9.270
9.600
9.920
10.250
10.570
10.890
11.220
11.550
11.880
12.190
12.520
12.840
13.170
13.490
13.820
14.140
14.460
14.790
15.110
15.440
15.760
16.090
16.410
16.730
17.060
17.380
17.710
18.030
18.360
18.680
19.010
19.330
19.650
19.980
20.300
20.630
20.950
21.270
21.600
21.920
22.250
22.570
22.900
23.220
23.550
23.870
24.190
24.520
24.840
25.170
25.490
25.820
26.140
26.460
26.790
27.110
27.440
27.760
28.090
28.410
28.740
29.060
29.390
29.710
30.030
30.360
30.680
31.010
31.330
31.650
31.980
32.300
32.630
32.950
33.270
33.600
33.930
34.250
34.570
34.900
35.220
35.540
35.870
36.190
36.510
36.840
37.170
37.500
37.830
38.180
38.490
38.840
39.170
39.500
39.830
40.160
40.480
40.810
41.130
41.460
41.790
42.110
42.440
42.750
43.060
43.360
43.670
43.980
44.300
44.620
44.950
45.270
45.590
45.920
46.240
46.560
46.890
47.230
47.540
47.870
48.190
48.510
48.840
49.160
49.490
49.810
50.140
50.460
50.780
51.110
51.430
51.760
52.080
52.400
52.740
53.060
53.380
53.700
54.030
54.350
54.680
55.000
55.330
55.650
55.980
56.300
56.620
56.940
57.270
57.620
57.940
58.250
58.570
58.900
59.210
59.540
59.870
60.190
60.520
60.840
61.160
61.490
61.810
62.140
62.460
62.790
63.110
63.440
63.760
64.080
64.410
64.730
65.060
65.380
65.700
66.030
66.350
66.680
67.000
67.330
67.650
67.980
68.300
68.630
68.960
69.280
69.600
69.920
70.250
70.570
70.890
71.220
71.540
71.870
72.190
72.510
72.840
73.170
73.490
73.820
74.140
74.470
74.790
75.110
75.430
75.750
76.080
76.410
76.740
77.070
77.400
77.730
78.050
78.390
78.720
79.050
79.370
79.720
80.050
80.380
80.710
81.050
81.380
81.720
82.050
82.380
82.710
83.050
83.380
83.710
84.050
84.380
84.710
85.050
85.380
85.720
86.050
86.380
86.720
87.060
87.400
87.740
88.070
88.410
88.750
89.090
89.430
89.770
90.110
90.450
90.790
91.130
91.480
91.820
92.160
92.500
92.850
93.190
93.530
93.870
94.210
94.560
94.900
95.240
95.580
95.930
96.270
96.610
96.960
97.300
97.640
97.980
98.330
98.670
99.010
99.350
99.690
100.040
100.380
100.720
101.060
101.410
101.750
102.100
102.440
102.780
103.120
103.460
103.800
104.150
104.490
104.830
105.170
105.510
105.860
106.200
106.540
106.890
107.230
107.570
107.910
108.250
108.600
108.940
109.280
109.620
109.970
110.310
110.650
111.000
111.340
111.680
112.020
112.370
112.710
113.050
113.390
113.740
114.080
114.420
114.760
115.110
115.450
115.790
116.130
116.480
116.820
117.160
117.500
117.850
118.190
118.530
118.870
119.220
119.560
119.900
