0.170
0.670
1.140
1.630
2.100
2.580
3.050
3.540
4.010
4.480
4.950
5.440
5.910
6.380
6.860
7.340
7.800
8.290
8.770
9.250
9.730
10.200
10.670
11.150
11.620
12.100
12.570
13.050
13.510
14.000
14.470
14.960
15.440
15.910
16.380
16.870
17.340
17.810
18.290
18.770
19.240
19.720
20.190
20.670
21.140
21.620
22.100
22.580
23.050
23.530
24.000
24.480
24.950
25.430
25.900
26.380
26.850
27.340
27.810
28.290
28.740
29.240
29.710
30.190
30.670
31.150
31.620
32.100
32.570
33.050
33.530
34.000
34.480
34.950
35.430
35.910
36.380
36.860
37.330
37.820
38.290
38.770
39.240
39.720
40.190
40.670
41.140
41.620
42.090
42.570
43.050
43.530
44.000
44.480
44.950
45.430
45.900
46.380
46.860
47.340
47.810
48.290
48.760
49.240
49.710
50.190
50.670
51.150
51.620
52.100
52.570
53.050
53.520
54.000
54.480
54.960
55.430
55.910
56.380
56.860
57.340
57.810
58.290
58.760
59.240
59.720
60.190
60.670
61.140
61.620
62.100
62.570
63.050
63.530
64.000
64.480
64.950
65.430
65.910
66.380
66.860
67.330
67.810
68.290
68.760
69.240
69.720
70.200
70.670
71.150
71.620
72.100
72.570
73.050
73.530
74.010
74.470
74.960
75.430
75.910
76.380
76.860
77.330
77.820
78.290
78.770
79.240
79.720
80.170
80.670
81.140
81.630
82.090
82.570
83.050
83.530
84.010
84.480
84.950
85.430
85.880
86.380
86.860
87.340
87.820
88.290
88.760
89.250
89.720
90.190
90.670
91.150
91.600
92.100
92.580
93.060
93.520
94.000
94.490
94.970
95.430
95.910
96.390
96.860
97.330
97.820
98.290
98.780
99.260
99.720
100.200
100.680
101.130
101.620
102.100
102.580
103.050
103.530
104.010
104.480
104.930
105.430
105.910
106.390
106.850
107.340
107.820
108.290
108.770
109.240
109.730
110.200
110.650
111.150
111.630
112.100
112.580
113.050
113.540
114.010
114.470
114.960
115.440
115.920
116.380
116.860
117.330
117.820
118.280
118.770
119.240
119.730
