0.140
0.810
1.480
2.140
2.810
3.480
4.150
4.820
5.480
6.150
6.810
7.480
8.150
8.810
9.480
10.140
10.810
11.480
12.150
12.810
13.480
14.140
14.810
15.470
16.140
16.810
17.480
18.150
18.810
19.480
20.150
20.810
21.470
22.140
22.810
23.470
24.140
24.810
25.480
26.140
26.810
27.480
28.150
28.810
29.480
30.150
30.810
31.480
32.140
32.810
33.480
34.140
34.810
35.480
36.140
36.810
37.470
38.140
38.810
39.480
40.140
40.810
41.480
42.140
42.810
43.470
44.140
44.810
45.480
46.140
46.810
47.470
48.140
48.810
49.480
50.140
50.810
51.470
52.140
52.810
53.470
54.140
54.810
55.470
56.140
56.800
57.480
58.140
58.810
59.470
60.140
60.810
61.470
62.140
62.810
63.470
64.140
64.810
65.470
66.140
66.810
67.470
68.140
68.810
69.470
70.140
70.810
71.470
72.140
72.810
73.470
74.140
74.810
75.480
76.140
76.800
77.470
78.140
78.810
79.470
80.140
80.810
81.470
82.140
82.810
83.470
84.140
84.810
85.470
86.140
86.810
87.470
88.140
88.810
89.480
90.140
90.810
91.480
92.140
92.810
93.470
94.140
94.810
95.470
96.140
96.810
97.470
98.140
98.810
99.470
100.140
100.810
101.470
102.140
102.810
103.480
104.140
104.810
105.480
106.140
106.810
107.470
108.140
108.810
109.470
110.140
110.810
111.470
112.140
112.810
113.480
114.180
114.860
115.530
116.200
116.860
117.550
118.210
118.920
119.580
