0.360
0.800
1.230
1.670
2.100
2.540
2.970
3.410
3.840
4.280
4.700
5.120
5.580
6.010
6.450
6.880
7.320
7.740
8.180
8.610
9.040
9.480
9.910
10.350
10.790
11.220
11.660
12.090
12.530
12.950
13.400
13.820
14.270
14.700
15.140
15.570
16.010
16.450
16.880
17.310
17.740
18.160
18.620
19.050
19.490
19.930
20.360
20.800
21.230
21.670
22.100
22.540
22.970
23.410
23.840
24.280
24.710
25.140
25.580
26.010
26.450
26.890
27.320
27.760
28.190
28.620
29.060
29.500
29.920
30.360
30.800
31.240
31.660
32.100
32.530
32.970
33.410
33.840
34.280
34.710
35.150
35.580
36.010
36.450
36.880
37.320
37.760
38.190
38.620
39.060
39.490
39.930
40.360
40.800
41.230
41.670
42.100
42.540
42.970
43.410
43.840
44.280
44.710
45.150
45.580
46.020
46.450
46.880
47.320
47.760
48.190
48.620
49.050
49.490
49.920
50.370
50.790
51.240
51.670
52.100
52.530
52.970
53.400
53.840
54.270
54.720
55.140
55.580
56.000
56.440
56.880
57.310
57.750
58.190
58.620
59.060
59.480
59.910
60.360
60.800
61.230
61.670
62.110
62.540
62.960
63.410
63.840
64.280
64.710
65.150
65.580
66.020
66.440
66.880
67.310
67.750
68.190
68.630
69.060
69.490
69.920
70.360
70.790
71.230
71.670
72.100
72.540
72.970
73.400
73.840
74.270
74.700
75.160
75.590
76.020
76.470
76.890
77.320
77.750
78.190
78.620
79.060
79.490
79.930
80.360
80.800
81.230
81.670
82.100
82.540
82.970
83.400
83.840
84.280
84.720
85.150
85.580
86.020
86.450
86.880
87.310
87.750
88.190
88.620
89.060
89.500
89.930
90.360
90.800
91.230
91.670
92.100
92.540
92.970
93.410
93.840
94.270
94.710
95.150
95.580
96.010
96.450
96.890
97.320
97.750
98.190
98.620
99.060
99.490
99.930
100.360
100.810
101.240
101.690
102.100
102.530
102.970
103.410
103.840
104.270
104.710
105.150
105.580
106.020
106.440
106.890
107.320
107.760
108.180
108.630
109.050
109.490
109.930
110.370
110.800
111.230
111.670
112.110
112.530
112.970
113.400
113.850
114.270
114.710
115.140
115.590
116.010
116.450
116.880
117.320
117.750
118.200
118.620
119.060
119.490
119.930
