0.080
0.430
0.770
1.120
1.460
1.800
2.140
2.490
2.830
3.180
3.520
3.860
4.200
4.550
4.890
5.230
5.570
5.920
6.260
6.600
6.940
7.290
7.630
7.970
8.320
8.660
9.000
9.350
9.690
10.030
10.370
10.720
11.060
11.410
11.740
12.090
12.430
12.780
13.120
13.460
13.800
14.150
14.490
14.830
15.170
15.520
15.860
16.200
16.540
16.890
17.230
17.570
17.910
18.260
18.600
18.940
19.290
19.630
19.970
20.320
20.660
21.000
21.340
21.690
22.030
22.380
22.720
23.060
23.400
23.750
24.090
24.430
24.770
25.120
25.460
25.800
26.140
26.490
26.830
27.170
27.520
27.860
28.200
28.540
28.890
29.230
29.570
29.920
30.260
30.600
30.940
31.290
31.630
31.980
32.310
32.660
33.000
33.350
33.690
34.030
34.370
34.720
35.060
35.400
35.750
36.090
36.430
36.770
37.110
37.460
37.800
38.140
38.490
38.830
39.170
39.510
39.860
40.200
40.540
40.880
41.230
41.570
41.910
42.250
42.600
42.940
43.290
43.630
43.970
44.320
44.660
45.000
45.340
45.680
46.030
46.370
46.710
47.050
47.400
47.740
48.080
48.430
48.770
49.110
49.460
49.800
50.140
50.480
50.830
51.170
51.510
51.860
52.200
52.540
52.880
53.230
53.570
53.920
54.260
54.600
54.940
55.290
55.630
55.970
56.320
56.660
57.000
57.350
57.690
58.030
58.370
58.710
59.060
59.400
59.740
60.080
60.430
60.770
61.110
61.450
61.800
62.140
62.480
62.810
63.170
63.520
63.860
64.200
64.550
64.890
65.230
65.580
65.920
66.260
66.600
66.940
67.290
67.630
67.980
68.320
68.660
69.000
69.340
69.690
70.030
70.370
70.710
71.060
71.410
71.750
72.090
72.430
72.770
73.120
73.460
73.800
74.150
74.490
74.830
75.180
75.520
75.860
76.200
76.550
76.890
77.230
77.580
77.920
78.260
78.600
78.940
79.290
79.630
79.980
80.310
80.660
81.000
81.350
81.680
82.030
82.370
82.720
83.060
83.400
83.740
84.090
84.430
84.770
85.120
85.460
85.800
86.140
86.490
86.830
87.170
87.520
87.860
88.200
88.540
88.890
89.230
89.580
89.910
90.260
90.600
90.950
91.290
91.630
91.970
92.320
92.660
93.000
93.340
93.690
94.030
94.370
94.710
95.060
95.400
95.740
96.090
96.430
96.770
97.120
97.460
97.810
98.140
98.490
98.830
99.180
99.520
99.860
100.200
100.550
100.890
101.230
101.570
101.920
102.260
102.600
102.940
103.290
103.630
103.970
104.320
104.660
105.000
105.340
105.690
106.030
106.370
106.720
107.060
107.400
107.740
108.090
108.430
108.780
109.120
109.460
109.800
110.150
110.480
110.830
111.170
111.520
111.860
112.200
112.540
112.890
113.230
113.570
113.910
114.260
114.600
114.940
115.290
115.630
115.970
116.320
116.660
117.000
117.340
117.690
118.030
118.380
118.710
119.060
119.400
119.750
120.090
