0.570
1.120
1.660
2.220
2.740
3.300
3.840
4.390
4.920
5.450
6.010
6.570
7.120
7.660
8.210
8.760
9.300
9.850
10.390
10.940
11.480
12.030
12.570
13.120
13.660
14.210
14.750
15.300
15.840
16.400
16.930
17.470
18.030
18.570
19.120
19.670
20.200
20.750
21.300
21.850
22.370
22.930
23.470
24.030
24.570
25.120
25.660
26.070
26.480
26.880
27.300
27.710
28.120
28.520
28.930
29.340
29.750
30.160
30.570
30.970
31.390
31.790
32.210
32.610
33.030
33.440
33.850
34.250
34.660
35.070
35.470
35.880
36.290
36.710
37.120
37.530
37.930
38.340
38.750
39.160
39.570
39.980
40.390
40.800
41.340
41.890
42.440
42.980
43.530
44.070
44.620
45.170
45.710
46.260
46.800
47.350
47.890
48.430
48.980
49.530
50.070
50.620
51.170
51.710
52.250
52.800
53.350
53.890
54.440
54.980
55.520
56.070
56.620
57.160
57.710
58.320
58.940
59.460
60.020
60.560
61.120
61.650
62.200
62.740
63.300
63.830
64.390
64.930
65.480
66.030
66.570
67.120
67.670
68.210
68.760
69.300
69.850
70.390
70.940
71.480
72.030
72.570
73.120
73.670
74.210
74.760
75.300
75.840
76.390
76.940
77.480
78.030
78.570
79.120
79.670
80.210
80.760
81.300
81.850
82.390
82.940
83.480
84.030
84.570
85.120
85.670
86.210
86.760
87.300
87.850
88.390
88.940
89.480
90.030
90.570
91.120
91.670
92.210
92.750
93.300
93.850
94.390
94.940
95.480
96.030
96.570
97.120
97.670
98.210
98.760
99.300
99.840
100.390
100.940
101.480
102.030
102.580
103.120
103.670
104.210
104.760
105.300
105.850
106.390
106.930
107.480
108.030
108.580
109.120
109.660
110.210
110.750
111.300
111.850
112.390
112.940
113.480
114.030
114.570
115.120
115.660
116.210
116.750
117.300
117.850
118.390
118.940
119.480
120.030
