0.200
0.570
0.920
1.280
1.640
2.000
2.360
2.720
3.080
3.440
3.800
4.160
4.520
4.880
5.240
5.590
5.950
6.320
6.690
7.070
7.460
7.850
8.260
8.650
9.010
9.370
9.730
10.090
10.450
10.800
11.170
11.520
11.890
12.240
12.610
12.970
13.320
13.680
14.040
14.400
14.760
15.120
15.480
15.830
16.200
16.550
16.920
17.270
17.640
17.990
18.360
18.720
19.080
19.430
19.800
20.150
20.510
20.870
21.240
21.590
21.950
22.310
22.670
23.030
23.380
23.740
24.100
24.460
24.820
25.180
25.530
25.900
26.260
26.620
26.980
27.340
27.700
28.050
28.420
28.770
29.140
29.490
29.860
30.220
30.580
30.930
31.290
31.650
32.000
32.370
32.730
33.090
33.440
33.800
34.160
34.520
34.880
35.240
35.600
35.960
36.320
36.680
37.040
37.400
37.760
38.120
38.480
38.830
39.200
39.550
39.910
40.270
40.620
40.980
41.340
41.710
42.070
42.420
42.780
43.150
43.510
43.860
44.220
44.580
44.940
45.300
45.650
46.020
46.370
46.730
47.100
47.460
47.820
48.170
48.530
48.900
49.260
49.610
49.970
50.330
50.690
51.050
51.380
51.700
52.010
52.330
52.660
53.030
53.390
53.750
54.100
54.460
54.820
55.180
55.540
55.910
56.260
56.620
56.970
57.330
57.690
58.050
58.410
58.770
59.140
59.490
59.850
60.210
60.560
60.930
61.290
61.650
62.010
62.360
62.730
63.080
63.440
63.800
64.160
64.510
64.880
65.240
65.590
65.950
66.310
66.670
67.030
67.390
67.740
68.110
68.460
68.830
69.180
69.550
69.900
70.260
70.620
70.980
71.340
71.700
72.060
72.420
72.780
73.140
73.500
73.860
74.220
74.580
74.930
75.300
75.650
76.010
76.370
76.730
77.090
77.450
77.810
78.170
78.530
78.890
79.240
79.600
79.960
80.320
80.680
81.040
81.400
81.760
82.120
82.480
82.840
83.200
83.560
83.920
84.270
84.630
84.990
85.350
85.710
86.070
86.430
86.790
87.150
87.510
87.870
88.230
88.590
88.950
89.300
89.670
90.020
90.380
90.740
91.100
91.460
91.820
92.180
92.540
92.900
93.260
93.620
93.980
94.340
94.690
95.050
95.410
95.770
96.130
96.490
96.850
97.210
97.560
97.920
98.290
98.650
99.010
99.370
99.730
100.080
100.440
100.800
101.160
101.520
101.880
102.240
102.600
102.960
103.320
103.680
104.040
104.400
104.750
105.110
105.470
105.830
106.190
106.550
106.910
107.270
107.630
107.990
108.350
108.700
109.070
109.430
109.790
110.150
110.500
110.860
111.220
111.580
111.940
112.300
112.660
113.020
113.380
113.740
114.100
114.450
114.810
115.180
115.540
115.890
116.250
116.610
116.970
117.330
117.690
118.050
118.410
118.760
119.120
119.480
119.850
