0.540
1.240
1.950
2.660
3.370
4.070
4.770
5.480
6.190
6.900
7.600
8.310
9.010
9.720
10.420
11.130
11.840
12.540
13.250
13.950
14.660
15.370
16.070
16.780
17.490
18.190
18.900
19.600
20.310
21.010
21.720
22.420
23.130
23.830
24.540
25.250
25.950
26.660
27.360
28.070
28.780
29.480
30.190
30.890
31.600
32.310
33.010
33.720
34.420
35.130
35.840
36.540
37.250
37.950
38.660
39.370
40.070
40.780
41.480
42.190
42.900
43.600
44.310
45.020
45.720
46.420
47.130
47.840
48.550
49.250
49.950
50.660
51.370
52.070
52.780
53.490
54.190
54.900
55.600
56.310
57.010
57.720
58.420
59.130
59.840
60.540
61.250
61.960
62.660
63.370
64.070
64.780
65.480
66.190
66.890
67.600
68.310
69.010
69.720
70.420
71.130
71.830
72.540
73.250
73.950
74.660
75.370
76.070
76.780
77.480
78.190
78.890
79.600
80.310
81.010
81.720
82.420
83.130
83.840
84.550
85.250
85.950
86.660
87.370
88.070
88.780
89.480
90.190
90.890
91.600
92.300
93.010
93.720
94.420
95.130
95.840
96.540
97.250
97.950
98.650
99.360
100.070
100.780
101.480
102.190
102.890
103.600
104.310
105.010
105.720
106.420
107.130
107.840
108.540
109.250
109.950
110.660
111.360
112.070
112.780
113.480
114.150
114.890
115.610
116.320
117.020
117.720
118.430
119.150
