0.070
0.460
0.860
1.250
1.670
2.080
2.500
2.930
3.350
3.770
4.200
4.610
5.030
5.460
5.880
6.210
6.530
6.850
7.170
7.500
7.810
8.150
8.490
8.850
9.190
9.530
9.850
10.170
10.500
10.820
11.140
11.460
11.780
12.100
12.430
12.750
13.070
13.390
13.710
14.030
14.350
14.670
15.000
15.340
15.680
16.040
16.380
16.710
17.030
17.350
17.670
18.000
18.310
18.640
18.960
19.280
19.600
19.920
20.230
20.550
20.880
21.210
21.530
21.860
22.190
22.540
22.870
23.200
23.530
23.860
24.190
24.520
24.850
25.170
25.500
25.820
26.140
26.460
26.790
27.100
27.420
27.740
28.070
28.380
28.700
29.030
29.350
29.670
29.990
30.320
30.640
30.960
31.290
31.630
31.990
32.330
32.670
33.000
33.320
33.640
33.960
34.280
34.610
34.920
35.250
35.560
35.890
36.320
36.750
37.180
37.610
38.030
38.460
38.890
39.320
39.750
40.170
40.610
41.030
41.460
41.890
42.320
42.750
43.170
43.600
44.030
44.460
44.890
45.320
45.750
46.170
46.600
47.030
47.460
47.890
48.320
48.750
49.170
49.600
50.030
50.460
50.890
51.320
51.740
52.170
52.600
53.030
53.460
53.880
54.310
54.740
55.230
55.710
56.180
56.670
57.100
57.530
57.960
58.390
58.820
59.250
59.680
60.100
60.530
60.960
61.390
61.820
62.250
62.670
63.100
63.530
63.960
64.390
64.820
65.250
65.670
66.100
66.530
66.960
67.390
67.820
68.250
68.670
69.100
69.530
69.960
70.390
70.820
71.240
71.670
72.100
72.530
72.960
73.390
73.820
74.250
74.670
75.100
75.530
75.960
76.390
76.820
77.250
77.670
78.100
78.530
78.960
79.390
79.820
80.240
80.670
81.100
81.530
81.960
82.380
82.820
83.250
83.680
84.100
84.530
84.960
85.390
85.820
86.240
86.670
87.100
87.530
87.960
88.390
88.820
89.240
89.670
90.100
90.530
90.960
91.390
91.820
92.250
92.670
93.100
93.530
93.960
94.390
94.820
95.240
95.670
96.100
96.530
96.960
97.390
97.820
98.250
98.670
99.100
99.530
99.960
100.390
100.820
101.250
101.670
102.100
102.530
102.960
103.390
103.820
104.250
104.670
105.100
105.530
105.960
106.390
106.820
107.250
107.680
108.100
108.530
108.960
109.390
109.820
110.250
110.670
111.100
111.530
111.960
112.390
112.820
113.250
113.670
114.100
114.530
114.960
115.390
115.810
116.240
116.670
117.100
117.530
117.960
118.380
118.820
119.240
119.670
