0.070
0.560
1.080
1.590
2.100
2.620
3.130
3.650
4.160
4.680
5.190
5.700
6.220
6.730
7.250
7.760
8.280
8.790
9.300
9.820
10.330
10.850
11.360
11.870
12.390
12.910
13.420
13.930
14.450
14.960
15.470
15.990
16.500
17.020
17.530
18.040
18.560
19.070
19.590
20.100
20.620
21.130
21.650
22.150
22.670
23.190
23.700
24.220
24.730
25.240
25.760
26.270
26.790
27.300
27.820
28.330
28.840
29.360
29.870
30.390
30.900
31.420
31.930
32.440
32.960
33.470
33.990
34.500
35.020
35.530
36.040
36.560
37.070
37.590
38.100
38.610
39.130
39.640
40.160
40.670
41.180
41.700
42.210
42.730
43.240
43.760
44.270
44.790
45.300
45.810
46.330
46.840
47.360
47.870
48.380
48.900
49.410
49.930
50.440
50.960
51.470
51.980
52.500
53.010
53.530
54.040
54.560
55.070
55.580
56.100
56.610
57.130
57.640
58.150
58.670
59.180
59.700
60.210
60.730
61.240
61.750
62.270
62.780
63.300
63.810
64.330
64.840
65.350
65.870
66.380
66.900
67.410
67.930
68.440
68.950
69.470
69.980
70.500
71.010
71.520
72.040
72.470
72.910
73.330
73.840
74.360
74.870
75.390
75.900
76.420
76.930
77.450
77.960
78.470
78.980
79.510
80.020
80.530
81.040
81.560
82.070
82.590
83.100
83.620
84.130
84.640
85.150
85.670
86.190
86.700
87.210
87.860
88.490
89.010
89.520
90.040
90.550
91.070
91.580
92.090
92.610
93.120
93.640
94.150
94.660
95.180
95.690
96.210
96.720
97.240
97.750
98.260
98.780
99.290
99.810
100.320
100.830
101.350
101.860
102.380
102.890
103.410
103.920
104.430
104.950
105.460
105.980
106.490
107.010
107.520
108.030
108.550
109.060
109.580
110.090
110.610
111.120
111.640
112.150
112.660
113.180
113.690
114.200
114.720
115.230
115.750
116.260
116.780
117.290
117.810
118.320
118.830
119.350
119.860
