0.160
0.510
0.870
1.220
1.580
1.930
2.280
2.630
2.990
3.340
3.690
4.040
4.400
4.750
5.110
5.450
5.810
6.160
6.520
6.870
7.220
7.580
7.930
8.280
8.630
8.990
9.340
9.690
10.050
10.400
10.750
11.100
11.460
11.810
12.170
12.520
12.870
13.220
13.580
13.930
14.280
14.630
14.990
15.340
15.700
16.050
16.400
16.750
17.110
17.460
17.810
18.160
18.520
18.870
19.220
19.570
19.930
20.280
20.630
20.990
21.340
21.690
22.050
22.400
22.750
23.100
23.460
23.810
24.160
24.510
24.870
25.220
25.580
25.930
26.280
26.630
26.990
27.340
27.690
28.040
28.400
28.750
29.110
29.460
29.810
30.160
30.520
30.870
31.220
31.580
31.930
32.280
32.630
32.980
33.340
33.690
34.050
34.400
34.750
35.110
35.460
35.810
36.160
36.520
36.870
37.220
37.580
37.930
38.280
38.630
38.990
39.340
39.690
40.050
40.400
40.750
41.110
41.470
41.820
42.180
42.540
42.890
43.230
43.570
43.920
44.270
44.630
44.980
45.340
45.670
46.040
46.400
46.750
47.100
47.520
47.960
48.400
48.880
49.330
49.780
50.280
50.820
51.450
52.050
52.740
53.460
54.160
54.870
55.570
56.280
56.980
57.690
58.390
59.090
59.790
60.510
61.210
61.900
62.610
63.340
64.040
64.740
65.470
66.170
66.860
67.580
68.280
68.990
69.700
70.400
71.110
71.810
72.520
73.230
73.940
74.640
75.350
76.050
76.730
77.460
78.170
78.870
79.580
80.290
80.980
81.700
82.410
83.110
83.820
84.510
85.230
85.940
86.640
87.350
88.050
88.760
89.460
90.170
90.870
91.580
92.280
92.990
93.700
94.400
95.110
95.810
96.520
97.230
97.930
98.640
99.350
100.050
100.760
101.460
102.170
102.870
103.580
104.280
104.990
105.690
106.220
106.750
107.100
107.450
107.810
108.170
108.520
108.870
109.220
109.580
109.930
110.280
110.630
110.990
111.340
111.690
112.040
112.400
112.750
113.100
113.460
113.810
114.170
114.520
114.870
115.220
115.570
115.930
116.280
116.640
116.990
117.340
117.690
118.050
118.400
118.750
119.100
119.460
119.810
