0.270
0.700
1.130
1.560
1.990
2.410
2.840
3.270
3.700
4.130
4.560
4.990
5.420
5.850
6.280
6.700
7.130
7.560
7.990
8.420
8.850
9.270
9.700
10.130
10.560
10.990
11.420
11.840
12.280
12.700
13.130
13.560
13.990
14.420
14.850
15.270
15.710
16.140
16.560
16.980
17.420
17.840
18.270
18.700
19.130
19.560
19.990
20.410
20.850
21.270
21.710
22.130
22.560
22.990
23.420
23.840
24.270
24.700
25.140
25.560
25.990
26.420
26.850
27.270
27.700
28.130
28.560
28.990
29.420
29.860
30.280
30.700
31.130
31.560
31.990
32.420
32.850
33.280
33.710
34.130
34.560
34.990
35.420
35.850
36.280
36.710
37.130
37.560
37.990
38.420
38.850
39.280
39.710
40.130
40.550
40.970
41.410
41.840
42.280
42.700
43.130
43.560
43.990
44.420
44.850
45.280
45.710
46.130
46.560
46.990
47.420
47.850
48.280
48.710
49.130
49.560
49.990
50.420
50.850
51.270
51.700
52.130
52.560
52.990
53.420
53.850
54.290
54.710
55.120
55.540
55.960
56.400
56.820
57.270
57.700
58.120
58.560
58.980
59.410
59.840
60.270
60.700
61.130
61.560
61.990
62.400
62.840
63.270
63.700
64.120
64.560
64.990
65.410
65.830
66.270
66.700
67.130
67.550
67.980
68.400
68.830
69.250
69.670
70.090
70.490
70.920
71.360
71.790
72.240
72.690
73.130
73.550
73.980
74.410
74.840
75.270
75.700
76.120
76.560
76.980
77.410
77.840
78.270
78.710
79.130
79.540
79.990
80.400
80.840
81.270
81.700
82.130
82.560
82.980
83.410
83.840
84.270
84.700
85.130
85.560
85.980
86.420
86.850
87.270
87.700
88.120
88.560
88.990
89.410
89.850
90.270
90.700
91.130
91.570
91.990
92.420
92.850
93.270
93.700
94.130
94.560
95.000
95.420
95.850
96.270
96.700
97.130
97.560
97.990
98.420
98.850
99.280
99.700
100.140
100.560
100.980
101.420
101.850
102.280
102.700
103.130
103.570
103.980
104.410
104.850
105.280
105.680
106.110
106.530
106.980
107.390
107.840
108.270
108.700
109.120
109.560
109.990
110.410
110.850
111.270
111.700
112.130
112.560
112.990
113.420
113.850
114.270
114.700
115.130
115.560
115.990
116.420
116.850
117.280
117.700
118.130
118.560
118.990
119.420
119.850
