0.150
0.570
1.010
1.430
1.860
2.290
2.720
3.140
3.580
4.000
4.440
4.860
5.290
5.720
6.150
6.570
7.010
7.430
7.850
8.290
8.710
9.140
9.580
10.000
10.440
10.860
11.290
11.710
12.150
12.570
13.000
13.430
13.870
14.290
14.720
15.150
15.580
16.000
16.430
16.860
17.290
17.720
18.150
18.570
18.980
19.430
19.860
20.290
20.710
21.140
21.580
22.000
22.440
22.860
23.280
23.710
24.150
24.570
25.000
25.430
25.870
26.300
26.720
27.150
27.560
28.000
28.430
28.860
29.300
29.720
30.140
30.570
31.010
31.430
31.860
32.290
32.720
33.150
33.570
34.000
34.430
34.860
35.290
35.720
36.150
36.570
37.000
37.430
37.870
38.290
38.720
39.140
39.580
40.000
40.430
40.860
41.290
41.720
42.150
42.570
43.000
43.430
43.860
44.290
44.720
45.150
45.580
46.000
46.430
46.860
47.290
47.720
48.150
48.570
49.000
49.430
49.860
50.290
50.720
51.140
51.580
52.000
52.430
52.860
53.290
53.710
54.150
54.560
54.990
55.430
55.860
56.290
56.720
57.150
57.580
58.000
58.430
58.860
59.290
59.720
60.150
60.570
61.000
61.430
61.860
62.290
62.720
63.140
63.580
64.000
64.440
64.860
65.290
65.720
66.150
66.570
67.010
67.430
67.860
68.290
68.720
69.150
69.570
70.000
70.440
70.860
71.290
71.710
72.140
72.570
73.000
73.430
73.860
74.290
74.720
75.140
75.580
76.000
76.430
76.860
77.290
77.720
78.150
78.570
79.000
79.430
79.860
80.290
80.720
81.140
81.570
82.000
82.430
82.860
83.300
83.740
84.150
84.580
85.030
85.440
85.850
86.290
86.700
87.140
87.580
88.000
88.430
88.860
89.290
89.720
90.150
90.570
91.010
91.430
91.850
92.280
92.710
93.140
93.570
94.000
94.430
94.860
95.280
95.710
96.140
96.570
97.010
97.430
97.850
98.290
98.710
99.140
99.560
100.000
100.420
100.860
101.290
101.720
102.150
102.570
103.000
103.430
103.870
104.280
104.720
105.140
105.580
106.000
106.430
106.860
107.300
107.720
108.140
108.570
109.010
109.430
109.970
110.510
111.050
111.580
112.110
112.650
113.180
113.720
114.250
114.790
115.330
115.860
116.400
116.930
117.470
118.000
118.540
119.070
119.610
