0.120
0.500
0.870
1.250
1.620
2.000
2.380
2.750
3.120
3.500
3.880
4.250
4.620
5.000
5.370
5.750
6.120
6.500
6.870
7.240
7.620
8.000
8.380
8.750
9.120
9.500
9.870
10.250
10.620
11.000
11.370
11.750
12.120
12.500
12.880
13.250
13.620
14.000
14.370
14.750
15.120
15.500
15.870
16.250
16.620
17.000
17.370
17.750
18.120
18.500
18.870
19.250
19.620
20.000
20.380
20.750
21.120
21.500
21.870
22.250
22.620
23.000
23.380
23.750
24.120
24.500
24.870
25.250
25.620
26.000
26.380
26.750
27.120
27.500
27.880
28.250
28.620
29.000
29.370
29.740
30.120
30.500
30.870
31.250
31.620
32.000
32.370
32.750
33.120
33.500
33.870
34.250
34.620
35.000
35.370
35.750
36.120
36.500
36.880
37.250
37.620
38.000
38.370
38.750
39.120
39.500
39.880
40.250
40.620
41.000
41.380
41.750
42.120
42.500
42.870
43.250
43.620
44.000
44.380
44.750
45.120
45.500
45.870
46.250
46.620
47.000
47.380
47.750
48.120
48.500
48.880
49.250
49.620
50.000
50.380
50.750
51.120
51.500
51.870
52.250
52.620
53.000
53.370
53.750
54.120
54.500
54.870
55.250
55.620
56.000
56.380
56.750
57.120
57.500
57.880
58.250
58.620
59.000
59.370
59.750
60.120
60.500
60.870
61.250
61.620
62.000
62.380
62.750
63.120
63.500
63.880
64.250
64.620
65.000
65.370
65.750
66.120
66.500
66.880
67.250
67.620
68.000
68.380
68.750
69.120
69.500
69.870
70.250
70.620
71.000
71.370
71.750
72.120
72.500
72.880
73.250
73.620
74.000
74.380
74.750
75.120
75.500
75.880
76.250
76.620
77.000
77.380
77.750
78.120
78.500
78.870
79.250
79.620
80.000
80.380
80.750
81.120
81.500
81.870
82.250
82.620
83.000
83.380
83.750
84.120
84.500
84.880
85.250
85.620
86.000
86.380
86.750
87.120
87.500
87.870
88.250
88.620
89.000
89.380
89.750
90.120
90.500
90.880
91.260
91.620
92.000
92.380
92.750
93.120
93.500
93.880
94.250
94.620
95.000
95.380
95.750
96.120
96.500
96.880
97.250
97.620
98.000
98.380
98.750
99.120
99.500
99.880
100.250
100.620
101.000
101.380
101.750
102.120
102.500
102.880
103.250
103.620
104.000
104.370
104.750
105.120
105.500
105.880
106.250
106.620
107.000
107.380
107.750
108.130
108.500
108.880
109.250
109.630
110.000
110.380
110.750
111.130
111.520
111.910
112.280
112.640
113.030
113.380
113.760
114.140
114.510
114.900
115.290
115.660
116.040
116.420
116.770
117.160
117.530
117.880
118.250
118.640
119.000
119.380
119.750
