0.110
0.460
0.810
1.140
1.490
1.830
2.180
2.510
2.860
3.200
3.550
3.890
4.230
4.570
4.920
5.260
5.600
5.940
6.290
6.630
6.970
7.310
7.660
8.000
8.340
8.690
9.030
9.370
9.710
10.060
10.410
10.750
11.090
11.430
11.780
12.110
12.460
12.800
13.150
13.490
13.830
14.170
14.520
14.860
15.200
15.540
15.890
16.220
16.570
16.910
17.260
17.600
17.940
18.280
18.630
18.970
19.310
19.640
19.990
20.320
20.670
21.030
21.360
21.710
22.050
22.410
22.740
23.090
23.430
23.750
24.090
24.450
24.770
25.130
25.450
25.820
26.170
26.510
26.850
27.200
27.540
27.880
28.230
28.560
28.910
29.260
29.600
29.940
30.290
30.630
30.970
31.320
31.660
32.000
32.340
32.690
33.030
33.370
33.710
34.060
34.400
34.740
35.080
35.430
35.770
36.120
36.460
36.800
37.140
37.490
37.830
38.170
38.510
38.860
39.200
39.540
39.880
40.230
40.570
40.910
41.260
41.600
41.950
42.290
42.630
42.980
43.310
43.660
44.000
44.340
44.690
45.030
45.370
45.720
46.060
46.400
46.740
47.090
47.430
47.770
48.120
48.460
48.800
49.140
49.490
49.830
50.170
50.520
50.860
51.200
51.540
51.890
52.230
52.570
52.910
53.260
53.600
53.940
54.280
54.630
54.970
55.310
55.650
56.000
56.340
56.690
57.020
57.370
57.720
58.060
58.400
58.740
59.080
59.430
59.770
60.110
60.460
60.800
61.140
61.490
61.820
62.170
62.510
62.860
63.200
63.550
63.880
64.240
64.570
64.920
65.260
65.610
65.940
66.290
66.630
66.980
67.310
67.660
68.010
68.350
68.690
69.040
69.370
69.720
70.060
70.410
70.750
71.090
71.430
71.780
72.120
72.460
72.800
73.150
73.490
73.840
74.170
74.520
74.860
75.200
75.540
75.890
76.230
76.580
76.910
77.260
77.600
77.950
78.290
78.630
78.970
79.320
79.660
80.010
80.340
80.690
81.030
81.380
81.720
82.060
82.400
82.750
83.090
83.430
83.770
84.120
84.460
84.800
85.140
85.480
85.830
86.170
86.510
86.850
87.210
87.550
87.890
88.230
88.570
88.920
89.260
89.610
89.940
90.290
90.630
90.980
91.310
91.660
92.000
92.350
92.690
93.030
93.370
93.720
94.050
94.410
94.740
95.090
95.430
95.780
96.120
96.460
96.800
97.150
97.490
97.840
98.170
98.520
98.860
99.200
99.540
99.890
100.230
100.580
100.910
101.260
101.600
101.950
102.280
102.640
102.970
103.320
103.660
104.000
104.340
104.690
105.030
105.380
105.710
106.060
106.400
106.750
107.090
107.430
107.770
108.120
108.460
108.810
109.140
109.490
109.830
110.170
110.520
110.860
111.200
111.550
111.890
112.230
112.570
112.920
113.260
113.610
113.940
114.290
114.630
114.980
115.310
115.660
116.000
116.340
116.690
117.030
117.370
117.720
118.060
118.400
118.750
119.090
119.430
119.780
