0.210
0.650
1.070
1.500
1.930
2.360
2.790
3.220
3.650
4.070
4.500
4.930
5.360
5.790
6.220
6.650
7.080
7.500
7.930
8.360
8.790
9.220
9.650
10.080
10.500
10.930
11.360
11.790
12.220
12.650
13.070
13.500
13.930
14.360
14.790
15.220
15.650
16.070
16.500
16.930
17.360
17.790
18.220
18.640
19.070
19.500
19.930
20.360
20.790
21.220
21.650
22.080
22.500
22.930
23.360
23.790
24.220
24.650
25.080
25.500
25.930
26.360
26.790
27.220
27.640
28.080
28.500
28.930
29.360
29.790
30.220
30.650
31.070
31.500
31.930
32.360
32.790
33.220
33.640
34.070
34.500
34.930
35.360
35.790
36.220
36.640
37.070
37.500
37.930
38.360
38.790
39.220
39.650
40.080
40.500
40.930
41.360
41.790
42.220
42.650
43.070
43.500
43.930
44.360
44.790
45.220
45.650
46.070
46.500
46.930
47.360
47.790
48.220
48.650
49.070
49.500
49.930
50.360
50.790
51.220
51.650
52.070
52.500
52.930
53.360
53.790
54.220
54.640
55.080
55.500
55.930
56.360
56.790
57.220
57.650
58.080
58.500
58.930
59.360
59.790
60.220
60.650
61.070
61.500
61.930
62.360
62.790
63.210
63.650
64.070
64.500
64.930
65.360
65.790
66.220
66.680
67.150
67.610
68.100
68.570
69.000
69.430
69.850
70.290
70.710
71.140
71.570
72.010
72.440
72.860
73.280
73.720
74.140
74.570
74.990
75.420
75.850
76.290
76.700
77.140
77.560
78.000
78.430
78.870
79.280
79.720
80.150
80.570
81.000
81.440
81.860
82.280
82.710
83.140
83.570
84.000
84.430
84.860
85.290
85.720
86.140
86.570
87.010
87.430
87.850
88.290
88.720
89.150
89.570
90.000
90.420
90.860
91.280
91.720
92.140
92.570
93.000
93.430
93.870
94.280
94.710
95.150
95.570
96.000
96.430
96.860
97.280
97.710
98.140
98.570
99.000
99.430
99.860
100.290
100.720
101.150
101.570
102.000
102.440
102.860
103.280
103.720
104.140
104.570
105.040
105.530
106.000
106.500
106.930
107.360
107.790
108.210
108.650
109.070
109.500
109.930
110.360
110.790
111.220
111.640
112.070
112.500
112.930
113.360
113.790
114.220
114.650
115.070
115.500
115.930
116.360
116.790
117.220
117.650
118.070
118.500
118.930
119.360
119.790
