0.070
0.520
0.990
1.460
1.940
2.410
2.890
3.370
3.840
4.320
4.800
5.270
5.750
6.230
6.710
7.180
7.650
8.130
8.610
9.080
9.560
10.030
10.510
10.990
11.460
11.940
12.430
12.890
13.370
13.850
14.320
14.790
15.270
15.750
16.220
16.700
17.170
17.650
18.130
18.610
19.090
19.550
20.030
20.510
20.990
21.460
21.940
22.410
22.890
23.370
23.850
24.320
24.800
25.280
25.750
26.230
26.710
27.180
27.660
28.140
28.620
29.090
29.560
30.040
30.510
30.980
31.460
31.940
32.410
32.890
33.370
33.850
34.330
34.800
35.280
35.750
36.230
36.690
37.180
37.650
38.120
38.600
39.080
39.550
40.040
40.510
40.980
41.470
41.940
42.420
42.890
43.370
43.850
44.320
44.800
45.270
45.750
46.220
46.700
47.180
47.650
48.130
48.600
49.080
49.560
50.030
50.510
50.980
51.460
51.940
52.410
52.890
53.370
53.840
54.320
54.800
55.270
55.750
56.220
56.700
57.180
57.650
58.140
58.610
59.080
59.570
60.030
60.510
60.980
61.460
61.940
62.410
62.890
63.370
63.840
64.320
64.800
65.270
65.750
66.230
66.700
67.180
67.660
68.140
68.620
69.080
69.570
70.040
70.510
70.990
71.470
71.940
72.430
72.890
73.370
73.850
74.320
74.790
75.280
75.750
76.220
76.700
77.180
77.650
78.130
78.610
79.080
79.550
80.040
80.510
80.990
81.470
81.940
82.420
82.900
83.370
83.840
84.320
84.800
85.270
85.750
86.230
86.700
87.180
87.650
88.130
88.610
89.080
89.550
90.040
90.510
91.000
91.480
91.940
92.410
92.900
93.370
93.850
94.330
94.800
95.270
95.750
96.230
96.720
97.190
97.650
98.140
98.610
99.080
99.570
100.040
100.510
101.000
101.470
101.940
102.420
102.900
103.370
103.840
104.330
104.800
105.270
105.750
106.230
106.690
107.180
107.650
108.130
108.610
109.080
109.560
110.040
110.510
110.990
111.470
111.940
112.420
112.890
113.370
113.850
114.330
114.800
115.270
115.760
116.230
116.700
117.180
117.650
118.130
118.610
119.080
119.570
120.070
