0.410
1.160
1.910
2.660
3.410
4.160
4.910
5.670
6.490
7.250
8.000
8.760
9.500
10.260
11.090
11.850
12.590
13.350
14.100
14.850
15.600
16.350
17.100
17.840
18.600
19.370
20.100
20.870
21.600
22.350
23.100
23.850
24.600
25.350
26.100
26.850
27.600
28.350
29.100
29.830
30.600
31.370
32.080
32.870
33.600
34.370
35.100
35.850
36.600
37.350
38.090
38.850
39.600
40.350
41.100
41.850
42.600
43.370
44.080
44.870
45.600
46.350
47.100
47.850
48.600
49.360
50.100
50.850
51.600
52.350
53.100
53.850
54.600
55.360
56.100
56.850
57.600
58.350
59.100
59.850
60.600
61.350
62.100
62.850
63.600
64.350
65.100
65.850
66.600
67.350
68.100
68.850
69.600
70.350
71.100
71.850
72.600
73.350
74.100
74.850
75.600
76.350
77.100
77.840
78.600
79.370
80.100
80.850
81.590
82.370
83.090
83.850
84.590
85.340
86.090
86.850
87.600
88.350
89.100
89.830
90.610
91.350
92.090
92.850
93.600
94.340
95.100
95.850
96.600
97.350
98.090
98.850
99.600
100.340
101.100
101.850
102.600
103.370
104.090
104.850
105.600
106.370
107.100
107.850
108.590
109.350
110.090
110.850
111.590
112.340
113.090
113.860
114.600
115.360
116.100
116.850
117.600
118.370
119.080
119.850
