0.070
0.560
1.050
1.540
2.020
2.510
3.000
3.490
3.980
4.460
4.950
5.440
5.930
6.410
6.900
7.390
7.880
8.360
8.850
9.340
9.830
10.320
10.810
11.290
11.780
12.270
12.760
13.240
13.730
14.220
14.710
15.200
15.680
16.170
16.640
17.150
17.620
18.120
18.600
19.090
19.580
20.070
20.560
21.050
21.540
22.020
22.500
23.000
23.480
23.970
24.460
24.950
25.440
25.930
26.410
26.900
27.390
27.880
28.370
28.850
29.340
29.830
30.310
30.810
31.290
31.780
32.270
32.760
33.240
33.730
34.220
34.710
35.190
35.680
36.170
36.660
37.140
37.630
38.120
38.610
39.090
39.580
40.070
40.560
41.050
41.540
42.020
42.510
43.000
43.490
43.970
44.460
44.950
45.440
45.930
46.410
46.900
47.390
47.880
48.370
48.850
49.340
49.830
50.320
50.800
51.290
51.780
52.270
52.760
53.240
53.730
54.220
54.700
55.190
55.680
56.170
56.660
57.150
57.630
58.120
58.610
59.100
59.580
60.070
60.560
61.050
61.540
62.020
62.510
63.000
63.490
63.970
64.460
64.950
65.440
65.930
66.410
66.900
67.390
67.880
68.360
68.850
69.340
69.830
70.320
70.800
71.290
71.780
72.270
72.760
73.240
73.730
74.220
74.710
75.200
75.680
76.170
76.660
77.150
77.630
78.120
78.610
79.100
79.580
80.070
80.560
81.050
81.540
82.020
82.510
83.000
83.490
83.980
84.460
84.950
85.440
85.930
86.410
86.900
87.390
87.880
88.370
88.850
89.340
89.830
90.320
90.810
91.290
91.780
92.270
92.760
93.240
93.730
94.220
94.710
95.190
95.680
96.170
96.660
97.150
97.630
98.120
98.610
99.100
99.580
100.070
100.560
101.050
101.540
102.020
102.510
103.000
103.490
103.980
104.460
104.950
105.440
105.930
106.410
106.900
107.390
107.880
108.370
108.850
109.340
109.830
110.320
110.810
111.290
111.780
112.270
112.760
113.240
113.730
114.220
114.710
115.190
115.680
116.170
116.660
117.150
117.630
118.120
118.610
119.100
119.580
