0.170
0.530
0.870
1.210
1.560
1.910
2.250
2.600
2.950
3.300
3.640
3.990
4.340
4.680
5.030
5.380
5.720
6.070
6.420
6.760
7.110
7.460
7.800
8.150
8.500
8.850
9.190
9.540
9.880
10.230
10.580
10.930
11.270
11.630
11.970
12.320
12.660
13.000
13.350
13.700
14.050
14.390
14.740
15.090
15.430
15.780
16.130
16.480
16.820
17.170
17.520
17.860
18.190
18.640
19.250
19.940
20.640
21.330
22.020
22.720
23.410
24.100
24.800
25.490
26.180
26.880
27.570
28.260
28.960
29.650
30.350
31.040
31.730
32.430
33.120
33.820
34.510
35.200
35.900
36.590
37.280
37.980
38.670
39.370
40.050
40.750
41.440
42.130
42.680
43.190
43.710
44.260
44.750
45.230
45.710
46.190
46.660
47.110
47.590
48.050
48.530
49.020
49.490
49.990
50.470
50.890
51.310
51.730
52.150
52.570
53.000
53.430
53.860
54.300
54.740
55.170
55.610
56.050
56.490
56.930
57.360
57.800
58.240
58.680
59.110
59.550
59.990
60.430
60.870
61.310
61.740
62.180
62.620
63.060
63.500
63.930
64.370
64.810
65.250
65.680
66.120
66.560
67.000
67.440
67.870
68.310
68.750
69.190
69.630
70.060
70.500
70.940
71.380
71.820
72.260
72.690
73.130
73.570
74.010
74.440
74.880
75.320
75.760
76.200
76.630
77.070
77.510
77.950
78.380
78.830
79.260
79.700
80.140
80.580
81.010
81.450
81.890
82.330
82.770
83.200
83.640
84.080
84.520
84.950
85.390
85.830
86.270
86.710
87.140
87.580
88.020
88.460
88.890
89.330
89.780
90.210
90.650
91.090
91.530
91.960
92.400
92.840
93.280
93.710
94.160
94.590
95.030
95.470
95.900
96.340
96.780
97.220
97.660
98.090
98.530
98.970
99.410
99.850
100.290
100.720
101.160
101.600
102.030
102.470
102.910
103.350
103.790
104.230
104.670
105.100
105.540
105.980
106.420
106.850
107.290
107.730
108.170
108.610
109.060
109.480
109.920
110.360
110.790
111.230
111.670
112.110
112.540
112.990
113.420
113.870
114.300
114.740
115.180
115.610
116.050
116.490
116.930
117.370
117.800
118.240
118.680
119.120
119.550
120.010
