0.230
0.660
1.090
1.520
1.950
2.380
2.800
3.230
3.660
4.090
4.520
4.950
5.380
5.800
6.230
6.660
7.090
7.520
7.950
8.380
8.800
9.230
9.660
10.090
10.520
10.950
11.380
11.810
12.230
12.660
13.090
13.520
13.950
14.380
14.800
15.240
15.660
16.090
16.520
16.950
17.380
17.800
18.230
18.670
19.090
19.520
19.950
20.380
20.800
21.230
21.660
22.090
22.520
22.950
23.370
23.810
24.240
24.660
25.090
25.530
25.950
26.380
26.900
27.440
27.880
28.300
28.730
29.160
29.590
30.020
30.450
30.880
31.310
31.730
32.160
32.590
33.020
33.450
33.880
34.310
34.730
35.160
35.590
36.020
36.450
36.880
37.300
37.730
38.160
38.590
39.020
39.450
39.880
40.300
40.730
41.160
41.590
42.020
42.450
42.880
43.300
43.740
44.160
44.590
45.020
45.450
45.880
46.310
46.740
47.160
47.590
48.020
48.450
48.880
49.310
49.740
50.170
50.590
51.020
51.450
51.880
52.310
52.730
53.140
53.590
54.020
54.450
54.880
55.300
55.730
56.160
56.600
57.020
57.450
57.880
58.310
58.740
59.160
59.590
60.030
60.450
60.880
61.300
61.740
62.170
62.590
63.020
63.450
63.880
64.310
64.730
65.160
65.590
66.020
66.450
66.880
67.310
67.730
68.160
68.590
69.030
69.450
69.870
70.310
70.740
71.160
71.590
72.020
72.450
72.880
73.300
73.730
74.160
74.590
75.020
75.450
75.880
76.310
76.730
77.160
77.590
78.020
78.450
78.880
79.310
79.730
80.160
80.590
81.020
81.450
81.880
82.310
82.730
83.160
83.590
84.020
84.450
84.870
85.300
85.730
86.160
86.590
87.010
87.450
87.880
88.300
88.730
89.160
89.590
90.010
90.440
90.880
91.300
91.730
92.160
92.590
93.020
93.440
93.870
94.280
94.730
95.160
95.580
96.020
96.450
96.870
97.300
97.730
98.160
98.580
99.010
99.440
99.880
100.300
100.720
101.160
101.590
102.010
102.440
102.870
103.300
103.730
104.150
104.580
105.010
105.440
105.870
106.370
106.850
107.330
107.800
108.230
108.660
109.080
109.510
109.940
110.370
110.800
111.230
111.650
112.080
112.510
112.940
113.370
113.800
114.230
114.650
115.080
115.510
115.940
116.370
116.790
117.220
117.660
118.080
118.510
118.940
119.370
119.800
