0.070
0.430
0.780
1.130
1.490
1.840
2.190
2.550
2.900
3.250
3.610
3.960
4.310
4.660
5.020
5.370
5.730
6.080
6.410
6.780
7.140
7.490
7.840
8.190
8.550
8.900
9.250
9.600
9.960
10.310
10.670
11.020
11.370
11.720
12.080
12.430
12.780
13.130
13.490
13.840
14.200
14.550
14.900
15.250
15.610
15.960
16.310
16.670
17.020
17.360
17.730
18.080
18.440
18.790
19.130
19.490
19.840
20.190
20.550
20.910
21.260
21.610
21.950
22.310
22.660
23.010
23.360
23.720
24.080
24.440
24.780
25.150
25.480
25.840
26.180
26.540
26.900
27.240
27.600
27.960
28.310
28.660
29.020
29.370
29.720
30.080
30.430
30.780
31.130
31.490
31.840
32.190
32.550
32.900
33.250
33.610
33.950
34.310
34.660
35.020
35.370
35.720
36.070
36.430
36.780
37.130
37.490
37.840
38.200
38.550
38.900
39.250
39.610
39.960
40.310
40.660
41.010
41.370
41.720
42.080
42.430
42.780
43.140
43.490
43.840
44.190
44.540
44.900
45.250
45.600
45.960
46.310
46.660
47.020
47.370
47.720
48.080
48.430
48.780
49.130
49.490
49.840
50.200
50.550
50.900
51.250
51.610
51.960
52.310
52.660
53.020
53.370
53.720
54.070
54.430
54.780
55.130
55.490
55.840
56.200
56.540
56.900
57.250
57.600
57.960
58.310
58.660
59.020
59.370
59.720
60.080
60.430
60.780
61.130
61.490
61.840
62.200
62.550
62.890
63.250
63.610
63.950
64.310
64.660
65.020
65.370
65.720
66.070
66.430
66.780
67.130
67.490
67.840
68.190
68.540
68.900
69.250
69.600
69.950
70.310
70.660
71.020
71.370
71.720
72.080
72.430
72.780
73.130
73.490
73.840
74.200
74.550
74.900
75.250
75.610
75.960
76.310
76.660
77.020
77.370
77.720
78.070
78.430
78.780
79.140
79.490
79.840
80.190
80.550
80.900
81.250
81.600
81.960
82.310
82.660
83.020
83.370
83.720
84.070
84.430
84.780
85.130
85.480
85.840
86.200
86.540
86.900
87.250
87.610
87.960
88.310
88.660
89.020
89.370
89.730
90.070
90.430
90.780
91.140
91.490
91.840
92.190
92.550
92.900
93.260
93.600
93.960
94.310
94.670
95.020
95.370
95.720
96.080
96.430
96.780
97.130
97.490
97.840
98.200
98.550
98.900
99.250
99.610
99.960
100.310
100.660
101.020
101.370
101.720
102.080
102.430
102.780
103.140
103.490
103.840
104.190
104.550
104.900
105.250
105.600
105.960
106.310
106.670
107.020
107.370
107.720
108.060
108.430
108.780
109.130
109.490
109.840
110.200
110.540
110.900
111.250
111.610
111.960
112.310
112.660
113.020
113.370
113.720
114.070
114.430
114.780
115.140
115.490
115.840
116.190
116.550
116.900
117.250
117.600
117.960
118.310
118.660
119.020
119.350
119.720
120.070
