0.230
0.830
1.460
2.080
2.690
3.290
3.920
4.520
5.140
5.770
6.380
6.980
7.620
8.210
8.820
9.460
10.070
10.680
11.310
11.900
12.530
13.150
13.760
14.370
15.000
15.600
16.240
16.840
17.460
18.060
18.690
19.290
19.890
20.530
21.000
21.450
21.920
22.390
22.840
23.310
23.770
24.230
24.690
25.150
25.610
26.080
26.540
27.000
27.460
27.920
28.380
28.850
29.300
29.770
30.220
30.690
31.150
31.610
32.070
32.540
32.990
33.460
33.920
34.380
34.840
35.310
35.760
36.230
36.690
37.160
37.610
38.070
38.530
39.000
39.460
39.920
40.380
40.850
41.300
41.770
42.230
42.700
43.140
43.620
44.070
44.540
44.940
45.320
45.720
46.140
46.600
47.080
47.520
48.000
48.450
48.920
49.380
49.840
50.310
50.770
51.230
51.690
52.150
52.610
53.080
53.540
54.000
54.460
54.920
55.380
55.840
56.310
56.770
57.230
57.690
58.150
58.610
59.070
59.540
60.000
60.460
60.920
61.380
61.840
62.310
62.770
63.230
63.690
64.150
64.610
65.070
65.540
66.000
66.460
66.920
67.380
67.840
68.310
68.770
69.230
69.690
70.150
70.610
71.080
71.540
72.000
72.460
72.920
73.380
73.840
74.310
74.770
75.230
75.690
76.150
76.610
77.080
77.540
78.000
78.460
78.920
79.380
79.840
80.300
80.770
81.230
81.690
82.150
82.610
83.070
83.540
84.000
84.460
84.920
85.380
85.840
86.310
86.770
87.230
87.690
88.150
88.610
89.080
89.540
90.000
90.460
90.920
91.380
91.840
92.300
92.770
93.230
93.690
94.150
94.610
95.070
95.540
96.000
96.460
96.920
97.380
97.840
98.310
98.770
99.230
99.690
100.150
100.610
101.080
101.550
102.010
102.470
102.920
103.380
103.850
104.310
104.770
105.230
105.690
106.170
106.610
107.080
107.540
108.000
108.460
108.920
109.380
109.840
110.310
110.770
111.230
111.690
112.150
112.610
113.070
113.530
114.000
114.460
114.920
115.380
115.840
116.300
116.770
117.230
117.690
118.150
118.610
119.080
119.540
120.000
