0.330
0.680
1.040
1.390
1.750
2.100
2.450
2.800
3.160
3.510
3.860
4.210
4.570
4.920
5.280
5.630
5.980
6.330
6.690
7.040
7.390
7.740
8.100
8.450
8.810
9.160
9.510
9.860
10.210
10.570
10.920
11.270
11.630
11.980
12.330
12.680
13.030
13.340
13.660
13.980
14.300
14.630
14.980
15.330
15.690
16.040
16.390
16.760
17.110
17.460
17.810
18.160
18.520
18.870
19.220
19.570
19.920
20.280
20.630
20.990
21.340
21.690
22.040
22.390
22.750
23.100
23.450
23.810
24.170
24.510
24.870
25.220
25.570
25.920
26.280
26.630
26.990
27.340
27.700
28.050
28.400
28.750
29.100
29.460
29.810
30.160
30.520
30.870
31.220
31.570
31.930
32.280
32.630
32.990
33.340
33.690
34.050
34.400
34.750
35.100
35.460
35.810
36.160
36.510
36.870
37.220
37.580
37.920
38.280
38.640
39.030
39.410
39.790
40.170
40.560
40.910
41.280
41.630
41.980
42.330
42.690
43.040
43.390
43.740
44.100
44.440
44.810
45.160
45.520
45.870
46.220
46.580
46.930
47.270
47.630
47.980
48.340
48.680
49.040
49.400
49.750
50.100
50.460
50.810
51.160
51.520
51.870
52.220
52.580
52.930
53.280
53.640
53.990
54.340
54.690
55.050
55.410
55.750
56.110
56.460
56.820
57.170
57.520
57.870
58.220
58.580
58.930
59.280
59.640
59.990
60.340
60.700
61.060
61.410
61.780
62.130
62.460
62.820
63.170
63.520
63.870
64.220
64.580
64.930
65.290
65.640
65.990
66.340
66.700
67.050
67.400
67.750
68.110
68.460
68.810
69.170
69.520
69.870
70.230
70.580
70.930
71.290
71.640
71.990
72.340
72.700
73.050
73.400
73.760
74.110
74.460
74.820
75.170
75.520
75.870
76.230
76.580
76.930
77.290
77.640
77.990
78.340
78.700
79.050
79.400
79.760
80.110
80.460
80.820
81.170
81.520
81.870
82.230
82.580
82.940
83.290
83.640
83.990
84.340
84.690
85.050
85.410
85.760
86.110
86.470
86.820
87.170
87.520
87.880
88.230
88.580
88.940
89.290
89.640
89.990
90.350
90.700
91.050
91.410
91.760
92.110
92.470
92.820
93.170
93.520
93.880
94.230
94.580
94.940
95.290
95.640
95.990
96.350
96.700
97.060
97.410
97.760
98.110
98.470
98.820
99.170
99.520
99.880
100.230
100.580
100.940
101.290
101.640
102.000
102.350
102.700
103.060
103.410
103.760
104.110
104.470
104.820
105.170
105.530
105.880
106.230
106.590
106.930
107.290
107.640
108.000
108.350
108.700
109.050
109.410
109.760
110.110
110.470
110.820
111.170
111.520
111.880
112.230
112.580
112.940
113.290
113.640
114.000
114.350
114.700
115.050
115.410
115.760
116.110
116.470
116.820
117.170
117.520
117.880
118.230
118.580
118.940
119.290
119.640
119.990
