0.460
0.950
1.430
1.930
2.420
2.910
3.400
3.890
4.390
4.880
5.370
5.860
6.360
6.850
7.340
7.830
8.330
8.820
9.310
9.800
10.290
10.780
11.270
11.770
12.260
12.750
13.240
13.730
14.230
14.720
15.210
15.700
16.190
16.690
17.180
17.670
18.160
18.650
19.150
19.640
20.130
20.620
21.110
21.610
22.100
22.590
23.080
23.570
24.060
24.560
25.050
25.540
26.030
26.530
27.020
27.510
28.000
28.490
28.980
29.480
29.970
30.460
30.950
31.440
31.930
32.430
32.920
33.410
33.900
34.400
34.880
35.380
35.870
36.360
36.850
37.340
37.830
38.330
38.820
39.310
39.810
40.290
40.780
41.270
41.770
42.410
43.080
43.730
44.380
45.040
45.700
46.340
47.010
47.670
48.310
48.980
49.640
50.280
50.950
51.610
52.250
52.910
53.570
54.210
54.890
55.540
56.190
56.900
57.890
58.870
59.860
60.850
61.820
62.820
63.790
64.770
65.770
66.740
67.740
68.720
69.710
70.690
71.670
72.640
73.640
74.620
75.610
76.590
77.560
78.560
79.540
80.520
81.500
82.490
83.480
84.460
85.440
86.430
87.410
88.390
89.370
90.360
91.350
92.330
93.320
94.300
95.290
96.260
97.240
98.230
99.210
100.200
101.180
102.170
103.150
104.120
105.110
106.100
107.080
108.070
109.050
110.040
111.020
111.990
112.980
113.960
114.950
115.940
116.920
117.910
118.980
119.960
