0.070
0.670
1.240
1.810
2.380
2.920
3.490
4.090
4.660
5.200
5.800
6.380
6.970
7.550
8.110
8.700
9.260
9.880
10.490
11.090
11.730
12.370
13.000
13.650
14.310
15.030
15.680
16.350
17.080
17.730
18.460
19.110
19.850
20.510
21.250
21.910
22.650
23.400
24.140
24.870
25.640
26.360
27.040
27.710
28.440
29.080
29.730
30.360
30.800
31.220
31.650
32.080
32.510
32.940
33.360
33.800
34.220
34.660
35.080
35.520
35.940
36.360
36.800
37.220
37.660
38.080
38.510
38.940
39.370
39.790
40.220
40.640
41.080
41.500
41.930
42.370
42.800
43.220
43.650
44.080
44.520
44.940
45.360
45.800
46.230
46.650
47.080
47.520
47.940
48.370
48.790
49.220
49.650
50.080
50.510
50.930
51.370
51.790
52.220
52.650
53.080
53.510
53.930
54.360
54.800
55.220
55.650
56.080
56.500
56.930
57.360
57.800
58.230
58.650
59.080
59.510
59.940
60.360
60.740
61.120
61.540
61.970
62.400
62.820
63.250
63.680
64.110
64.540
64.970
65.390
65.830
66.260
66.690
67.120
67.540
67.970
68.400
68.830
69.260
69.690
70.120
70.550
70.980
71.400
71.830
72.260
72.690
73.120
73.550
73.980
74.410
74.830
75.260
75.690
76.120
76.550
76.980
77.410
77.840
78.260
78.690
79.120
79.550
79.980
80.400
80.830
81.270
81.690
82.120
82.550
82.980
83.400
83.830
84.260
84.700
85.120
85.550
85.980
86.410
86.830
87.260
87.690
88.120
88.550
88.980
89.410
89.840
90.260
90.690
91.120
91.550
91.980
92.410
92.840
93.270
93.690
94.120
94.550
94.980
95.410
95.830
96.260
96.700
97.120
97.550
97.980
98.410
98.840
99.270
99.700
100.130
100.550
100.980
101.410
101.840
102.270
102.690
103.120
103.560
103.980
104.410
104.840
105.270
105.690
106.120
106.550
106.980
107.410
107.840
108.270
108.700
109.120
109.550
109.980
110.410
110.840
111.260
111.690
112.130
112.550
112.980
113.410
113.840
114.270
114.700
115.120
115.560
115.980
116.410
116.840
117.270
117.700
118.120
118.550
118.990
119.410
119.840
