0.280
0.850
1.420
1.970
2.560
3.140
3.710
4.250
4.840
5.400
5.990
6.560
7.130
7.700
8.270
8.840
9.420
9.990
10.560
11.130
11.700
12.270
12.850
13.420
13.990
14.560
15.130
15.700
16.280
16.850
17.420
17.990
18.560
19.130
19.710
20.270
20.850
21.420
21.990
22.560
23.140
23.700
24.280
24.850
25.420
25.970
26.570
27.130
27.700
28.280
28.850
29.410
29.990
30.560
31.130
31.700
32.270
32.790
33.270
33.850
34.420
34.990
35.560
36.120
36.700
37.280
37.840
38.410
38.990
39.550
40.130
40.700
41.270
41.850
42.410
42.980
43.560
44.130
44.700
45.270
45.840
46.430
46.990
47.560
48.130
48.700
49.270
49.840
50.410
50.990
51.560
52.120
52.700
53.280
53.840
54.420
54.990
55.560
56.130
56.790
57.420
57.990
58.560
59.110
59.700
60.280
60.850
61.420
61.990
62.560
63.130
63.710
64.270
64.850
65.420
65.990
66.560
67.140
67.700
68.280
68.850
69.420
69.990
70.570
71.130
71.710
72.270
72.850
73.420
74.000
74.560
75.130
75.700
76.270
76.850
77.430
77.990
78.560
79.130
79.700
80.270
80.850
81.420
81.990
82.560
83.130
83.710
84.280
84.850
85.420
85.990
86.540
87.130
87.710
88.280
88.850
89.420
89.990
90.560
91.140
91.710
92.280
92.850
93.420
93.990
94.570
95.130
95.700
96.280
96.850
97.420
98.000
98.560
99.130
99.700
100.280
100.850
101.420
102.000
102.560
103.130
103.710
104.280
104.850
105.420
105.990
106.560
107.140
107.700
108.280
108.850
109.420
109.990
110.560
111.130
111.710
112.280
112.850
113.420
113.980
114.560
115.110
115.680
116.280
116.820
117.410
117.990
118.540
119.100
119.670
