0.070
0.800
1.470
2.190
2.840
3.500
4.190
4.880
5.510
6.230
6.880
7.570
8.260
8.940
9.580
10.230
10.860
11.530
12.140
12.810
13.490
14.170
14.900
15.580
16.220
16.870
17.510
18.150
18.730
19.320
19.870
20.440
21.050
21.580
22.010
22.440
22.860
23.300
23.730
24.150
24.580
25.010
25.430
25.870
26.300
26.730
27.150
27.590
28.020
28.440
28.870
29.300
29.720
30.150
30.580
31.010
31.440
31.870
32.300
32.730
33.150
33.580
34.010
34.440
34.870
35.300
35.720
36.150
36.580
37.010
37.440
37.870
38.300
38.730
39.150
39.580
40.010
40.440
40.870
41.300
41.730
42.150
42.580
43.010
43.440
43.870
44.300
44.730
45.160
45.580
46.010
46.440
46.870
47.300
47.730
48.160
48.590
49.010
49.440
49.870
50.310
50.730
51.170
51.570
52.010
52.440
52.880
53.310
53.730
54.150
54.580
55.000
55.420
55.870
56.300
56.730
57.160
57.590
58.010
58.440
58.870
59.300
59.730
60.160
60.580
61.010
61.450
61.870
62.300
62.730
63.160
63.580
64.020
64.440
64.870
65.300
65.730
66.160
66.580
67.010
67.440
67.870
68.310
68.730
69.160
69.580
70.010
70.440
70.880
71.300
71.730
72.160
72.590
73.010
73.450
73.870
74.300
74.730
75.160
75.590
76.010
76.440
76.880
77.300
77.730
78.160
78.580
79.010
79.440
79.870
80.300
80.730
81.160
81.590
82.010
82.440
82.880
83.300
83.730
84.160
84.590
85.010
85.440
85.870
86.300
86.730
87.160
87.580
88.010
88.440
88.870
89.300
89.740
90.160
90.600
91.010
91.450
91.870
92.300
92.730
93.160
93.580
94.010
94.440
94.870
95.300
95.730
96.160
96.590
97.010
97.450
97.870
98.300
98.730
99.160
99.590
100.020
100.440
100.880
101.300
101.730
102.160
102.590
103.010
103.440
103.870
104.310
104.730
105.160
105.580
106.010
106.450
106.870
107.300
107.730
108.160
108.590
109.010
109.440
109.870
110.300
110.730
111.160
111.590
112.020
112.440
112.870
113.310
113.730
114.160
114.590
115.010
115.450
115.870
116.300
116.710
117.160
117.590
118.010
118.440
118.880
119.300
119.730
