0.070
0.520
1.000
1.480
1.950
2.430
2.900
3.380
3.850
4.330
4.810
5.290
5.760
6.240
6.710
7.190
7.660
8.140
8.620
9.090
9.570
10.050
10.520
11.000
11.470
11.950
12.430
12.900
13.380
13.860
14.330
14.810
15.280
15.760
16.240
16.710
17.190
17.660
18.140
18.620
19.090
19.570
20.050
20.520
21.000
21.470
21.950
22.430
22.900
23.380
23.850
24.330
24.810
25.280
25.760
26.240
26.710
27.190
27.660
28.140
28.620
29.090
29.570
30.050
30.520
31.000
31.470
31.950
32.430
32.900
33.380
33.850
34.330
34.810
35.280
35.760
36.240
36.710
37.190
37.660
38.140
38.620
39.090
39.570
40.050
40.520
41.000
41.470
41.950
42.430
42.900
43.380
43.860
44.330
44.810
45.280
45.760
46.240
46.710
47.190
47.670
48.140
48.620
49.090
49.570
50.050
50.520
51.000
51.480
51.950
52.430
52.900
53.380
53.860
54.330
54.810
55.280
55.760
56.240
56.710
57.190
57.670
58.140
58.620
59.090
59.570
60.050
60.520
61.000
61.480
61.960
62.430
62.900
63.380
63.860
64.330
64.810
65.290
65.770
66.240
66.710
67.190
67.660
68.140
68.620
69.100
69.580
70.050
70.520
71.000
71.470
71.950
72.430
72.910
73.380
73.860
74.340
74.810
75.290
75.760
76.240
76.710
77.190
77.670
78.140
78.620
79.090
79.570
80.050
80.520
81.010
81.480
81.950
82.430
82.910
83.380
83.860
84.330
84.820
85.290
85.760
86.240
86.720
87.190
87.670
88.140
88.620
89.100
89.570
90.050
90.520
91.000
91.480
91.950
92.430
92.910
93.380
93.860
94.330
94.810
95.290
95.760
96.240
96.720
97.190
97.670
98.140
98.620
99.100
99.570
100.050
100.530
101.000
101.480
101.950
102.430
102.910
103.390
103.860
104.340
104.810
105.290
105.760
106.240
106.720
107.190
107.670
108.150
108.620
109.100
109.570
110.050
110.530
111.000
111.480
111.960
112.430
112.910
113.380
113.860
114.340
114.810
115.290
115.760
116.240
116.720
117.190
117.670
118.140
118.620
119.100
119.570
120.050
