0.190
0.540
0.880
1.220
1.560
1.910
2.250
2.600
2.940
3.290
3.630
3.980
4.320
4.670
5.010
5.360
5.700
6.050
6.390
6.740
7.080
7.430
7.770
8.120
8.460
8.810
9.150
9.500
9.840
10.180
10.530
10.870
11.220
11.560
11.910
12.250
12.600
12.940
13.290
13.630
13.980
14.320
14.670
15.010
15.360
15.700
16.040
16.390
16.730
17.080
17.420
17.770
18.110
18.460
18.810
19.150
19.500
19.840
20.190
20.530
20.870
21.220
21.560
21.910
22.260
22.610
22.940
23.290
23.670
24.160
24.680
25.310
26.050
26.710
27.420
28.130
28.810
29.500
30.190
30.870
31.580
32.270
32.950
33.650
34.330
35.000
35.700
36.390
37.080
37.800
38.460
39.180
39.840
40.550
41.220
41.930
42.600
43.300
43.990
44.680
45.360
46.040
46.740
47.430
48.120
48.810
49.500
50.180
50.880
51.560
52.250
52.950
53.630
54.330
55.010
55.700
56.390
57.080
57.770
58.460
59.150
59.840
60.530
61.220
61.910
62.600
63.290
63.980
64.670
65.360
66.050
66.740
67.430
68.110
68.810
69.490
70.190
70.880
71.570
72.260
72.940
73.630
74.330
75.010
75.710
76.220
76.740
77.080
77.430
77.770
78.120
78.460
78.810
79.150
79.490
79.840
80.190
80.530
80.870
81.220
81.570
81.910
82.250
82.600
82.950
83.290
83.630
83.980
84.320
84.670
85.010
85.360
85.700
86.050
86.390
86.740
87.090
87.410
87.770
88.090
88.460
88.800
89.150
89.500
89.840
90.180
90.530
90.870
91.220
91.560
91.910
92.260
92.600
92.940
93.290
93.630
93.980
94.320
94.670
95.010
95.360
95.700
96.050
96.390
96.740
97.080
97.430
97.770
98.120
98.460
98.800
99.150
99.490
99.840
100.180
100.530
100.870
101.220
101.560
101.910
102.250
102.600
102.940
103.290
103.630
103.980
104.320
104.670
105.010
105.360
105.700
106.050
106.390
106.730
107.080
107.430
107.770
108.110
108.460
108.810
109.150
109.490
109.840
110.190
110.530
110.870
111.220
111.560
111.910
112.250
112.600
112.940
113.290
113.630
113.980
114.320
114.670
115.010
115.360
115.700
116.050
116.390
116.740
117.080
117.430
117.770
118.110
118.460
118.800
119.150
119.490
119.840
