0.230
0.660
1.090
1.520
1.940
2.380
2.800
3.230
3.660
4.090
4.520
4.940
5.370
5.800
6.230
6.660
7.090
7.520
7.940
8.370
8.800
9.230
9.660
10.090
10.520
10.940
11.370
11.800
12.230
12.660
13.090
13.520
13.940
14.370
14.800
15.230
15.660
16.090
16.520
16.940
17.370
17.800
18.230
18.660
19.080
19.520
19.950
20.370
20.800
21.240
21.660
22.100
22.510
22.940
23.380
23.800
24.310
24.870
25.510
26.220
26.900
27.570
28.260
28.950
29.640
30.320
31.000
31.680
32.370
33.250
34.090
34.960
35.800
36.690
37.520
38.370
39.230
40.100
40.950
41.830
42.660
43.540
44.380
45.230
46.090
46.950
47.800
48.660
49.520
50.370
51.230
52.090
52.940
53.830
54.660
55.490
56.370
57.230
58.090
58.940
59.800
60.650
61.520
62.380
63.230
63.870
64.510
64.950
65.370
65.800
66.230
66.660
67.090
67.520
67.940
68.370
68.800
69.230
69.660
70.090
70.510
70.940
71.370
71.800
72.230
72.660
73.090
73.510
73.940
74.370
74.800
75.230
75.660
76.090
76.510
76.940
77.370
77.800
78.230
78.660
79.090
79.510
79.940
80.370
80.800
81.230
81.660
82.090
82.510
82.950
83.370
83.800
84.230
84.660
85.090
85.520
85.940
86.370
86.800
87.230
87.650
88.090
88.510
88.940
89.370
89.800
90.230
90.660
91.090
91.510
91.940
92.370
92.800
93.230
93.660
94.090
94.510
94.940
95.370
95.800
96.230
96.660
97.090
97.520
97.940
98.370
98.800
99.230
99.660
100.090
100.520
100.940
101.370
101.800
102.230
102.660
103.090
103.520
103.940
104.370
104.800
105.230
105.660
106.090
106.520
106.950
107.380
107.800
108.230
108.660
109.080
109.520
109.940
110.370
110.800
111.230
111.660
112.090
112.510
112.940
113.370
113.800
114.230
114.660
115.080
115.520
115.940
116.370
116.800
117.240
117.660
118.090
118.510
118.930
119.370
119.800
