0.610
1.300
1.980
2.670
3.350
4.040
4.730
5.420
6.100
6.790
7.470
8.160
8.840
9.530
10.210
10.900
11.590
12.270
12.960
13.650
14.330
15.020
15.700
16.390
17.070
17.760
18.440
19.130
19.810
20.500
21.190
21.880
22.560
23.250
23.930
24.620
25.300
25.990
26.670
27.360
28.040
28.730
29.410
30.100
30.780
31.470
32.050
32.520
33.020
33.530
34.050
34.540
35.050
35.540
36.020
36.540
37.020
37.490
37.990
38.510
39.020
39.530
40.020
40.560
41.030
41.510
42.010
42.500
42.970
43.490
43.990
44.510
45.020
45.510
46.050
46.630
47.200
47.760
48.310
48.890
49.480
49.990
50.500
51.000
51.530
52.000
52.480
52.990
53.470
53.940
54.440
54.960
55.480
55.990
56.480
57.020
57.610
58.180
58.730
59.290
59.860
60.450
60.960
61.480
61.970
62.500
62.970
63.460
63.960
64.440
64.900
65.430
65.940
66.450
66.960
67.450
67.990
68.580
69.150
69.700
70.260
70.830
71.420
71.930
72.450
72.940
73.470
73.940
74.420
74.930
75.410
75.880
76.390
76.910
77.420
77.930
78.420
78.980
79.570
80.130
80.670
81.220
81.810
82.370
82.900
83.420
83.930
84.470
85.060
85.620
86.160
86.710
87.290
87.860
88.390
88.900
89.420
89.960
90.550
91.110
91.640
92.200
92.780
93.350
93.880
94.390
94.880
95.400
95.870
96.350
96.860
97.350
97.820
98.350
98.860
99.370
99.880
100.370
100.900
101.490
102.060
102.610
103.170
103.750
104.340
104.840
105.360
105.850
106.390
106.870
107.340
107.840
108.330
108.800
109.330
109.820
110.340
110.850
111.340
111.880
112.460
113.030
113.590
114.140
114.720
115.310
115.820
116.330
116.840
117.360
117.840
118.350
118.870
119.420
119.930
