0.370
1.120
1.870
2.620
3.370
4.120
4.870
5.620
6.370
7.120
7.850
8.600
9.350
10.070
10.810
11.560
12.270
13.040
13.850
14.650
15.390
16.150
16.890
17.640
18.390
19.150
19.850
20.630
21.380
22.130
22.880
23.620
24.370
25.120
25.860
26.620
27.350
28.130
28.880
29.610
30.380
31.120
31.870
32.620
33.360
34.110
34.870
35.620
36.370
37.120
37.870
38.600
39.360
40.120
40.870
41.620
42.380
43.120
43.870
44.630
45.370
46.130
46.870
47.620
48.370
49.120
49.870
50.620
51.370
52.130
52.870
53.620
54.370
55.120
55.870
56.620
57.370
58.120
58.870
59.620
60.370
61.120
61.870
62.620
63.370
64.120
64.870
65.620
66.370
67.120
67.860
68.660
69.400
70.150
70.870
71.620
72.370
73.120
73.870
74.630
75.370
76.120
76.870
77.620
78.370
79.130
79.870
80.620
81.370
82.120
82.870
83.620
84.370
85.120
85.870
86.620
87.370
88.130
88.870
89.630
90.370
91.130
91.850
92.600
93.390
94.130
94.870
95.630
96.350
97.140
97.870
98.630
99.360
100.120
100.870
101.620
102.370
103.120
103.850
104.620
105.370
106.120
106.870
107.620
108.370
109.120
109.860
110.620
111.370
112.120
112.870
113.620
114.370
115.120
115.860
116.570
117.340
118.100
118.860
119.570
