0.190
0.630
1.050
1.480
1.910
2.340
2.760
3.190
3.620
4.040
4.470
4.900
5.330
5.760
6.190
6.620
7.050
7.470
7.910
8.330
8.760
9.180
9.620
10.050
10.470
10.890
11.330
11.760
12.190
12.620
13.050
13.470
13.900
14.340
14.760
15.180
15.620
16.050
16.480
16.900
17.330
17.750
18.190
18.610
19.050
19.480
19.900
20.320
20.760
21.180
21.620
22.040
22.480
22.900
23.330
23.760
24.190
24.620
25.040
25.480
25.900
26.330
26.750
27.080
27.440
27.800
28.150
28.480
28.830
29.180
29.540
29.870
30.190
30.510
30.840
31.160
31.480
31.800
32.120
32.440
32.760
33.080
33.400
33.720
34.040
34.370
34.690
35.010
35.320
35.650
35.960
36.290
36.610
36.930
37.250
37.570
37.900
38.230
38.550
38.870
39.220
39.570
39.940
40.260
40.590
40.910
41.230
41.550
41.870
42.190
42.510
42.830
43.150
43.480
43.800
44.120
44.440
44.760
45.080
45.400
45.720
46.050
46.370
46.690
47.010
47.330
47.660
47.980
48.290
48.620
48.930
49.260
49.570
49.900
50.220
50.540
50.870
51.190
51.520
51.850
52.160
52.480
52.800
53.120
53.440
53.760
54.080
54.410
54.730
55.050
55.370
55.690
56.010
56.330
56.660
56.980
57.300
57.620
57.940
58.240
58.530
58.830
59.130
59.450
59.770
60.090
60.410
60.730
61.050
61.370
61.690
62.010
62.330
62.660
62.980
63.300
63.620
63.940
64.260
64.580
64.900
65.220
65.550
65.900
66.240
66.580
66.920
67.260
67.580
67.920
68.260
68.620
68.960
69.300
69.620
69.960
70.310
70.680
71.010
71.360
71.710
72.070
72.400
72.730
73.080
73.410
73.770
74.110
74.430
74.750
75.080
75.400
75.720
76.050
76.360
76.690
77.000
77.330
77.650
77.970
78.290
78.610
78.930
79.260
79.580
79.900
80.230
80.550
80.870
81.190
81.520
81.830
82.160
82.480
82.800
83.120
83.440
83.760
84.080
84.400
84.730
85.050
85.370
85.800
86.220
86.660
87.080
87.510
87.940
88.370
88.800
89.220
89.660
90.090
90.510
90.940
91.370
91.810
92.230
92.660
93.080
93.510
93.940
94.370
94.800
95.230
95.660
96.080
96.510
96.940
97.370
97.800
98.230
98.660
99.080
99.510
99.940
100.370
100.800
101.230
101.660
102.080
102.510
102.940
103.370
103.800
104.230
104.660
105.090
105.520
105.940
106.370
106.800
107.230
107.660
108.080
108.510
108.940
109.370
109.800
110.230
110.660
111.080
111.510
111.940
112.370
112.800
113.230
113.660
114.090
114.510
114.950
115.370
115.800
116.230
116.660
117.090
117.510
117.940
118.370
118.800
119.230
119.660
120.090
