0.070
0.560
1.060
1.560
2.060
2.560
3.050
3.560
4.060
4.560
5.060
5.560
6.060
6.560
7.060
7.560
8.060
8.560
9.060
9.560
10.060
10.560
11.060
11.560
12.060
12.550
13.050
13.560
14.060
14.560
15.060
15.560
16.050
16.550
17.060
17.560
18.060
18.560
19.060
19.560
20.060
20.560
21.060
21.560
22.050
22.560
23.060
23.560
24.060
24.560
25.050
25.560
26.060
26.560
27.050
27.560
28.060
28.560
29.050
29.560
30.050
30.560
31.060
31.560
32.050
32.560
33.050
33.550
34.050
34.550
35.050
35.560
36.060
36.560
37.050
37.560
38.050
38.560
39.050
39.560
40.050
40.560
41.050
41.560
42.060
42.560
43.050
43.560
44.050
44.560
45.060
45.560
46.050
46.560
47.050
47.560
48.060
48.560
49.050
49.560
50.050
50.560
51.050
51.560
52.050
52.560
53.060
53.560
54.050
54.560
55.050
55.560
56.050
56.560
57.060
57.560
57.940
58.310
58.690
59.070
59.440
59.820
60.200
60.560
60.940
61.310
61.690
62.060
62.440
62.810
63.190
63.570
63.940
64.320
64.700
65.100
65.530
65.940
66.320
66.690
67.070
67.450
67.820
68.200
68.570
68.940
69.320
69.690
70.070
70.440
70.810
71.190
71.570
71.970
72.370
72.790
73.190
73.570
73.940
74.320
74.690
75.070
75.450
75.820
76.200
76.570
76.940
77.320
77.690
78.070
78.440
78.820
79.190
79.570
79.950
80.320
80.700
81.070
81.440
81.820
82.190
82.570
82.940
83.320
83.700
84.070
84.440
84.810
85.190
85.560
85.950
86.320
86.690
87.070
87.440
87.820
88.200
88.570
89.060
89.560
90.050
90.560
91.060
91.560
92.060
92.560
93.060
93.560
94.060
94.560
95.060
95.560
96.050
96.560
97.060
97.560
98.060
98.560
99.060
99.560
100.060
100.560
101.060
101.560
102.050
102.560
103.060
103.560
104.060
104.560
105.050
105.560
106.060
106.560
107.060
107.560
108.060
108.560
109.060
109.560
110.060
110.560
111.060
111.560
112.050
112.560
113.060
113.560
114.060
114.560
115.050
115.560
116.060
116.560
117.060
117.560
118.060
118.560
119.060
119.560
120.050
