0.400
0.820
1.250
1.680
2.110
2.530
2.960
3.390
3.830
4.250
4.680
5.100
5.530
5.960
6.400
6.840
7.250
7.680
8.110
8.530
8.960
9.390
9.820
10.250
10.680
11.110
11.530
11.970
12.400
12.820
13.250
13.680
14.110
14.540
14.960
15.390
15.820
16.250
16.680
17.110
17.540
17.960
18.390
18.800
19.250
19.680
20.110
20.520
20.970
21.390
21.830
22.250
22.690
23.120
23.550
23.960
24.390
24.820
25.250
25.680
26.110
26.540
26.980
27.390
27.820
28.250
28.680
29.100
29.540
29.960
30.390
30.820
31.240
31.670
32.110
32.530
32.960
33.400
33.830
34.260
34.680
35.110
35.540
35.960
36.400
36.830
37.260
37.670
38.100
38.530
38.970
39.390
39.830
40.260
40.690
41.100
41.530
41.960
42.400
42.820
43.250
43.680
44.100
44.530
44.960
45.390
45.820
46.250
46.680
47.120
47.550
47.960
48.400
48.820
49.250
49.680
50.120
50.560
50.990
51.390
51.830
52.250
52.680
53.110
53.540
53.980
54.410
54.820
55.250
55.680
56.110
56.530
56.970
57.390
57.830
58.250
58.680
59.100
59.530
59.960
60.390
60.830
61.270
61.700
62.110
62.530
62.960
63.390
63.820
64.250
64.680
65.110
65.540
65.960
66.390
66.820
67.250
67.680
68.110
68.540
68.970
69.390
69.820
70.250
70.680
71.110
71.530
71.960
72.400
72.820
73.250
73.680
74.100
74.540
74.970
75.390
75.820
76.250
76.680
77.110
77.530
77.960
78.390
78.820
79.250
79.680
80.110
80.530
80.960
81.390
81.820
82.250
82.680
83.100
83.540
83.960
84.390
84.820
85.250
85.680
86.110
86.530
86.960
87.380
87.820
88.250
88.680
89.100
89.540
89.960
90.390
90.820
91.250
91.680
92.110
92.530
92.960
93.390
93.820
94.240
94.680
95.100
95.540
95.960
96.390
96.820
97.250
97.680
98.100
98.530
98.970
99.390
99.820
100.250
100.680
101.110
101.520
101.960
102.390
102.820
103.270
103.710
104.150
104.600
105.060
105.490
105.950
106.370
106.810
107.260
107.710
108.150
108.570
109.030
109.470
109.890
110.360
110.830
111.290
111.730
112.190
112.670
113.100
113.540
113.960
114.390
114.830
115.250
115.680
116.110
116.530
116.970
117.390
117.820
118.250
118.680
119.110
119.530
119.960
