0.330
0.720
1.130
1.500
1.900
2.290
2.690
3.060
3.460
3.850
4.250
4.630
5.040
5.430
5.840
6.250
6.630
7.030
7.450
7.820
8.220
8.610
9.010
9.380
9.770
10.180
10.550
10.950
11.370
11.760
12.160
12.560
12.960
13.350
13.740
14.140
14.530
14.930
15.320
15.710
16.120
16.510
16.900
17.290
17.690
18.090
18.480
18.880
19.270
19.660
20.060
20.450
20.850
21.240
21.630
22.030
22.410
22.810
23.220
23.620
24.010
24.400
24.790
25.190
25.580
25.980
26.370
26.770
27.160
27.560
27.950
28.340
28.740
29.140
29.530
29.920
30.320
30.710
31.110
31.500
31.900
32.290
32.690
33.080
33.480
33.870
34.270
34.660
35.060
35.450
35.850
36.240
36.640
37.030
37.420
37.820
38.210
38.610
39.010
39.400
39.790
40.190
40.580
40.980
41.370
41.770
42.160
42.560
42.950
43.350
43.740
44.140
44.530
44.920
45.320
45.710
46.110
46.500
46.900
47.290
47.690
48.080
48.480
48.870
49.270
49.660
50.060
50.450
50.850
51.240
51.640
52.030
52.430
52.820
53.210
53.610
54.000
54.400
54.790
55.190
55.580
55.980
56.370
56.770
57.160
57.560
57.950
58.350
58.740
59.130
59.530
59.920
60.320
60.710
61.110
61.500
61.900
62.290
62.690
63.080
63.480
63.870
64.270
64.660
65.060
65.450
65.840
66.240
66.640
67.030
67.420
67.820
68.210
68.610
69.000
69.400
69.790
70.190
70.580
70.980
71.370
71.770
72.160
72.560
72.960
73.350
73.750
74.140
74.540
74.930
75.320
75.720
76.110
76.500
76.900
77.290
77.690
78.080
78.480
78.870
79.270
79.660
80.060
80.450
80.850
81.240
81.630
82.030
82.420
82.820
83.210
83.610
84.000
84.400
84.790
85.190
85.580
85.980
86.370
86.770
87.160
87.560
87.950
88.350
88.740
89.140
89.530
89.920
90.320
90.710
91.110
91.500
91.900
92.290
92.690
93.080
93.480
93.870
94.260
94.660
95.060
95.450
95.850
96.240
96.640
97.030
97.430
97.830
98.220
98.610
99.010
99.410
99.800
100.190
100.580
100.980
101.370
101.770
102.160
102.550
102.950
103.340
103.740
104.140
104.530
104.930
105.320
105.710
106.110
106.500
106.900
107.300
107.690
108.080
108.480
108.870
109.270
109.660
110.050
110.450
110.850
111.240
111.640
112.030
112.430
112.820
113.210
113.610
114.000
114.400
114.790
115.190
115.580
115.980
116.370
116.770
117.160
117.560
117.950
118.340
118.740
119.130
119.530
119.930
