0.230
0.870
1.500
2.130
2.750
3.350
3.960
4.570
5.180
5.780
6.390
6.990
7.600
8.200
8.810
9.420
10.020
10.630
11.230
11.840
12.450
13.050
13.660
14.260
14.870
15.480
16.080
16.690
17.300
17.900
18.510
19.110
19.720
20.330
20.910
21.540
22.140
22.750
23.360
23.960
24.570
25.170
25.780
26.380
26.990
27.600
28.200
28.810
29.420
30.020
30.630
31.230
31.840
32.450
33.050
33.660
34.260
34.870
35.480
36.080
36.690
37.290
37.900
38.510
39.110
39.720
40.330
40.930
41.540
42.140
42.750
43.360
43.960
44.570
45.170
45.780
46.390
46.990
47.600
48.200
48.810
49.420
50.020
50.630
51.230
51.840
52.450
53.050
53.660
54.270
54.870
55.480
56.090
56.690
57.300
57.900
58.510
59.110
59.690
60.320
60.930
61.540
62.140
62.750
63.360
63.960
64.570
65.170
65.780
66.390
66.990
67.600
68.200
68.810
69.420
70.020
70.630
71.230
71.840
72.450
73.050
73.660
74.270
74.870
75.480
76.080
76.690
77.300
77.900
78.460
79.070
79.630
80.220
80.850
81.530
82.140
82.750
83.350
83.960
84.560
85.170
85.770
86.380
86.990
87.590
88.200
88.800
89.410
90.010
90.620
91.230
91.830
92.440
93.050
93.650
94.260
94.860
95.470
96.080
96.680
97.290
97.890
98.440
99.050
99.610
100.200
100.630
101.060
101.520
101.900
102.280
102.660
103.040
103.430
103.800
104.180
104.560
104.940
105.320
105.700
106.080
106.470
106.840
107.220
107.600
107.980
108.360
108.740
109.120
109.510
109.880
110.260
110.640
111.020
111.400
111.780
112.150
112.530
112.920
113.300
113.680
114.060
114.430
114.820
115.190
115.580
115.950
116.340
116.710
117.090
117.470
117.850
118.220
118.600
118.980
119.360
119.730
