0.220
0.720
1.220
1.720
2.220
2.720
3.220
3.720
4.210
4.710
5.220
5.720
6.220
6.720
7.220
7.720
8.220
8.720
9.220
9.730
10.210
10.720
11.220
11.720
12.210
12.720
13.220
13.720
14.220
14.720
15.220
15.720
16.210
16.720
17.220
17.720
18.220
18.720
19.220
19.720
20.220
20.850
21.470
21.970
22.470
22.970
23.470
23.970
24.470
24.970
25.470
25.970
26.470
26.970
27.470
27.960
28.470
28.970
29.470
29.970
30.470
30.970
31.470
31.970
32.470
32.970
33.470
33.970
34.470
34.970
35.470
35.960
36.470
36.970
37.470
37.960
38.470
38.970
39.470
39.960
40.470
40.960
41.470
41.960
42.470
42.970
43.470
43.960
44.470
44.960
45.470
45.960
46.470
46.970
47.470
47.960
48.470
48.960
49.470
49.970
50.470
50.960
51.470
51.970
52.470
52.980
53.470
53.970
54.470
54.980
55.470
55.970
56.470
56.980
57.470
57.970
58.470
58.980
59.470
59.970
60.470
60.980
61.470
61.970
62.470
62.990
63.470
63.970
64.470
64.980
65.470
65.970
66.480
66.980
67.470
67.970
68.470
68.980
69.470
69.970
70.470
70.980
71.470
71.970
72.470
72.970
73.470
73.970
74.470
74.980
75.470
75.970
76.470
76.970
77.470
77.970
78.470
78.970
79.470
79.970
80.470
80.970
81.470
81.970
82.470
82.970
83.470
83.970
84.470
84.960
85.470
85.970
86.470
86.960
87.480
87.970
88.470
88.960
89.470
89.970
90.470
90.960
91.470
91.970
92.470
92.960
93.460
93.970
94.470
94.960
95.470
95.970
96.470
96.970
97.470
97.970
98.470
98.960
99.460
99.970
100.470
100.960
101.470
101.970
102.470
102.960
103.470
103.970
104.470
104.970
105.470
105.970
106.470
106.960
107.470
107.970
108.470
108.980
109.470
109.970
110.470
110.960
111.470
111.970
112.470
112.970
113.470
113.970
114.470
114.970
115.470
115.970
116.470
116.960
117.470
117.980
118.470
118.970
119.470
119.970
