0.220
0.840
1.430
2.040
2.640
3.260
3.850
4.460
5.070
5.670
6.290
6.890
7.490
8.110
8.710
9.310
9.920
10.530
11.130
11.740
12.340
12.940
13.540
14.160
14.770
15.370
15.980
16.590
17.190
17.790
18.250
18.710
19.160
19.620
20.080
20.530
20.990
21.440
21.890
22.340
22.750
23.160
23.560
24.010
24.470
24.930
25.370
25.840
26.290
26.740
27.190
27.800
28.410
29.010
29.620
30.230
30.830
31.440
32.040
32.650
33.260
33.850
34.460
35.070
35.680
36.300
36.890
37.500
38.110
38.700
39.290
39.920
40.520
41.140
41.850
42.520
43.260
43.940
44.620
45.300
45.980
46.700
47.360
48.090
48.730
49.310
49.920
50.520
51.120
51.710
52.350
52.940
53.540
54.170
54.780
55.380
55.980
56.580
57.200
57.800
58.400
59.010
59.620
60.220
60.830
61.430
62.040
62.650
63.250
63.860
64.470
65.080
65.680
66.290
66.890
67.500
68.100
68.710
69.320
69.920
70.530
71.140
71.750
72.340
72.950
73.550
74.170
74.770
75.370
75.980
76.580
77.190
77.800
78.400
79.010
79.620
80.220
80.830
81.440
82.040
82.650
83.250
83.860
84.470
85.070
85.680
86.290
86.890
87.500
88.110
88.710
89.320
89.920
90.540
91.140
91.740
92.340
92.950
93.560
94.170
94.770
95.230
95.680
96.140
96.690
97.190
97.660
98.100
98.570
99.110
99.620
100.080
100.530
100.990
101.540
102.040
102.510
102.950
103.410
103.960
104.460
104.930
105.380
105.840
106.380
106.890
107.350
107.800
108.260
108.800
109.310
109.780
110.220
110.690
111.130
111.740
112.330
112.940
113.560
114.160
114.770
115.390
115.980
116.580
117.180
117.800
118.400
119.010
119.600
