0.140
0.840
1.550
2.250
2.960
3.660
4.370
5.080
5.780
6.490
7.190
7.900
8.610
9.310
10.020
10.730
11.430
12.140
12.840
13.550
14.250
14.960
15.660
16.370
17.080
17.780
18.490
19.190
19.900
20.610
21.310
22.020
22.730
23.430
24.140
24.840
25.550
26.250
26.960
27.670
28.370
29.080
29.780
30.490
31.200
31.900
32.610
33.310
34.020
34.730
35.430
36.140
36.840
37.550
38.250
38.960
39.670
40.370
41.080
41.790
42.490
43.200
43.900
44.610
45.320
46.020
46.730
47.430
48.140
48.840
49.550
50.260
50.960
51.670
52.370
53.080
53.790
54.490
55.200
55.900
56.610
57.310
58.020
58.730
59.430
60.140
60.840
61.550
62.250
62.960
63.490
64.020
64.370
64.720
65.080
65.430
65.780
66.140
66.490
66.840
67.200
67.550
67.900
68.250
68.610
68.960
69.310
69.670
70.020
70.370
70.730
71.080
71.430
71.780
72.140
72.490
72.850
73.190
73.550
73.900
74.250
74.610
74.960
75.310
75.670
76.020
76.370
76.720
77.080
77.430
77.780
78.140
78.490
78.840
79.200
79.550
79.900
80.260
80.610
80.960
81.320
81.670
82.020
82.370
82.730
83.080
83.430
83.790
84.140
84.490
84.850
85.200
85.550
85.910
86.260
86.610
86.960
87.310
87.670
88.020
88.370
88.730
89.080
89.430
89.790
90.140
90.490
90.840
91.200
91.550
91.900
92.260
92.610
92.960
93.320
93.670
94.020
94.370
94.730
95.080
95.430
95.790
96.140
96.490
96.850
97.200
97.550
97.910
98.260
98.610
98.960
99.320
99.670
100.020
100.370
100.730
101.080
101.430
101.780
102.140
102.490
102.850
103.200
103.550
103.900
104.260
104.610
104.960
105.310
105.670
106.020
106.380
106.730
107.080
107.430
107.790
108.140
108.490
108.840
109.200
109.550
109.900
110.260
110.610
110.960
111.320
111.670
112.020
112.380
112.730
113.080
113.430
113.790
114.140
114.490
114.850
115.200
115.550
115.900
116.260
116.610
116.970
117.320
117.670
118.020
118.380
118.730
119.080
119.430
119.790
