0.280
0.790
1.300
1.810
2.320
2.830
3.340
3.850
4.360
4.870
5.380
5.890
6.400
6.930
7.420
7.930
8.440
8.960
9.460
9.980
10.490
11.000
11.500
12.020
12.530
13.040
13.540
14.060
14.560
15.080
15.580
16.100
16.610
17.120
17.630
18.140
18.650
19.160
19.660
20.180
20.690
21.200
21.710
22.220
22.730
23.250
23.750
24.250
24.780
25.280
25.800
26.290
26.820
27.340
27.830
28.340
28.850
29.370
29.870
30.380
30.890
31.410
31.910
32.420
32.930
33.450
33.950
34.470
34.970
35.490
35.990
36.510
37.020
37.530
38.030
38.550
39.050
39.570
40.070
40.590
41.100
41.610
42.120
42.630
43.140
43.660
44.160
44.670
45.180
45.690
46.200
46.710
47.220
47.730
48.240
48.750
49.260
49.770
50.280
50.790
51.300
51.810
52.320
52.830
53.340
53.850
54.360
54.870
55.380
55.900
56.400
56.910
57.420
57.940
58.440
58.960
59.470
59.980
60.490
60.990
61.420
61.850
62.280
62.780
63.300
63.820
64.320
64.820
65.340
65.860
66.360
66.860
67.380
67.900
68.400
68.900
69.420
69.940
70.440
70.940
71.460
71.970
72.480
72.990
73.500
74.010
74.520
75.030
75.640
76.200
76.800
77.330
77.830
78.350
78.850
79.370
79.870
80.390
80.890
81.410
81.910
82.430
82.930
83.450
83.950
84.470
84.970
85.480
86.000
86.510
87.010
87.530
88.040
88.550
89.060
89.570
90.080
90.590
91.100
91.610
92.120
92.630
93.140
93.650
94.160
94.670
95.180
95.690
96.200
96.710
97.210
97.730
98.240
98.750
99.260
99.770
100.280
100.790
101.300
101.810
102.320
102.830
103.340
103.850
104.360
104.870
105.380
105.890
106.400
106.910
107.420
107.930
108.440
108.950
109.460
109.970
110.480
111.000
111.500
112.020
112.530
113.040
113.540
114.060
114.570
115.080
115.590
116.100
116.610
117.120
117.620
118.140
118.650
119.160
119.670
