0.070
0.420
0.760
1.110
1.450
1.800
2.140
2.480
2.830
3.180
3.520
3.860
4.210
4.560
4.900
5.240
5.590
5.930
6.280
6.620
6.970
7.320
7.660
8.000
8.350
8.700
9.040
9.380
9.730
10.080
10.420
10.760
11.110
11.450
11.800
12.140
12.490
12.830
13.170
13.520
13.870
14.210
14.550
14.900
15.250
15.590
15.930
16.280
16.620
16.970
17.310
17.660
18.000
18.350
18.690
19.040
19.380
19.730
20.070
20.420
20.760
21.110
21.450
21.800
22.140
22.480
22.830
23.170
23.520
23.870
24.380
24.900
25.590
26.280
26.970
27.660
28.350
29.040
29.730
30.420
31.110
31.790
32.490
33.180
33.870
34.560
35.250
35.940
36.630
37.320
38.010
38.700
39.410
40.080
40.780
41.450
42.150
42.820
43.490
44.210
44.900
45.590
46.280
46.970
47.660
48.350
49.040
49.730
50.410
51.110
51.790
52.480
53.170
53.860
54.550
55.240
55.930
56.620
57.310
58.000
58.690
59.380
60.070
60.760
61.450
62.140
62.830
63.520
64.210
64.900
65.590
66.280
66.970
67.660
68.350
69.040
69.730
70.420
71.110
71.790
72.490
73.180
73.870
74.550
75.240
75.930
76.620
77.310
78.000
78.690
79.380
80.070
80.760
81.450
82.140
82.830
83.520
84.210
84.900
85.590
86.280
86.970
87.660
88.350
89.040
89.710
90.420
91.100
91.790
92.490
93.180
93.870
94.560
95.240
95.940
96.620
97.300
98.010
98.700
99.380
100.070
100.750
101.450
102.140
102.820
103.520
104.220
104.900
105.590
106.260
106.970
107.660
108.340
109.040
109.730
110.400
111.040
111.750
112.390
113.070
113.870
114.600
115.370
116.140
116.830
117.560
118.200
118.870
119.550
