0.450
1.200
1.970
2.720
3.490
4.240
5.000
5.760
6.520
7.280
8.040
8.800
9.560
10.320
11.080
11.840
12.600
13.360
14.120
14.880
15.640
16.390
17.150
17.910
18.680
19.430
20.190
20.940
21.710
22.460
23.230
23.990
24.750
25.510
26.270
27.030
27.790
28.550
29.310
30.060
30.830
31.580
32.350
33.100
33.870
34.620
35.390
36.140
36.900
37.660
38.420
39.180
39.940
40.700
41.460
42.220
42.980
43.730
44.500
45.260
46.020
46.770
47.540
48.290
49.060
49.810
50.570
51.330
52.090
52.850
53.610
54.370
55.130
55.890
56.650
57.410
58.170
58.930
59.690
60.440
61.210
61.960
62.730
63.480
64.250
65.000
65.770
66.520
67.280
68.040
68.800
69.560
70.320
71.080
71.840
72.600
73.360
74.110
74.880
75.630
76.400
77.150
77.920
78.670
79.440
80.190
80.950
81.710
82.470
83.230
83.990
84.750
85.510
86.270
87.030
87.790
88.550
89.300
90.070
90.820
91.590
92.340
93.110
93.860
94.630
95.380
96.150
96.900
97.660
98.420
99.180
99.940
100.700
101.460
102.220
102.970
103.740
104.500
105.260
106.010
106.780
107.530
108.300
109.050
109.820
110.570
111.330
112.090
112.850
113.610
114.370
115.130
115.890
116.650
117.410
118.170
118.930
119.680
