0.070
0.520
0.950
1.370
1.800
2.230
2.660
3.090
3.520
3.950
4.370
4.800
5.230
5.660
6.090
6.520
6.950
7.370
7.810
8.230
8.660
9.080
9.520
9.950
10.370
10.800
11.230
11.660
12.090
12.510
12.950
13.370
13.790
14.230
14.660
15.090
15.520
15.940
16.370
16.800
17.220
17.660
18.090
18.510
18.950
19.370
19.800
20.230
20.650
21.090
21.520
21.950
22.370
22.800
23.230
23.650
24.090
24.520
24.950
25.370
25.800
26.230
26.660
27.080
27.510
27.940
28.380
28.800
29.230
29.660
30.090
30.520
30.940
31.370
31.810
32.230
32.660
33.080
33.520
33.940
34.360
34.800
35.230
35.660
36.090
36.510
36.950
37.360
37.800
38.220
38.660
39.080
39.500
39.920
40.360
40.770
41.180
41.580
41.970
42.370
42.760
43.160
43.580
44.000
44.440
44.860
45.290
45.720
46.150
46.580
47.010
47.430
47.870
48.290
48.720
49.150
49.580
50.010
50.440
50.870
51.300
51.730
52.160
52.690
53.230
53.660
54.090
54.510
54.940
55.370
55.800
56.230
56.660
57.090
57.520
57.940
58.370
58.800
59.240
59.660
60.090
60.510
60.950
61.370
61.800
62.230
62.660
63.080
63.520
63.940
64.380
64.800
65.230
65.660
66.090
66.510
66.950
67.370
67.800
68.230
68.660
69.090
69.520
69.940
70.370
70.800
71.230
71.660
72.080
72.520
72.950
73.370
73.800
74.230
74.660
75.080
75.510
75.950
76.370
76.800
77.230
77.660
78.090
78.510
78.940
79.380
79.810
80.230
80.660
81.090
81.520
81.950
82.380
82.810
83.230
83.660
84.090
84.520
84.950
85.380
85.800
86.240
86.660
87.090
87.520
87.940
88.380
88.800
89.230
89.660
90.090
90.520
90.950
91.370
91.800
92.230
92.660
93.090
93.520
93.940
94.370
94.800
95.240
95.660
96.090
96.520
96.950
97.370
97.800
98.230
98.660
99.090
99.520
99.940
100.380
100.790
101.230
101.650
102.090
102.520
102.940
103.370
103.810
104.230
104.660
105.080
105.510
105.950
106.370
106.800
107.230
107.660
108.090
108.510
108.950
109.380
109.800
110.230
110.660
111.090
111.520
111.950
112.370
112.800
113.230
113.660
114.090
114.500
114.950
115.370
115.810
116.230
116.660
117.090
117.520
117.950
118.370
118.800
119.230
119.660
120.080
