0.230
0.920
1.610
2.290
2.980
3.660
4.350
5.030
5.720
6.400
7.090
7.770
8.460
9.150
9.840
10.520
11.210
11.890
12.580
13.260
13.950
14.630
15.320
16.000
16.690
17.370
18.050
18.750
19.430
20.110
20.810
21.490
22.180
22.900
23.560
24.260
24.930
25.580
26.300
26.990
27.670
28.360
29.040
29.740
30.430
31.090
31.800
32.470
33.150
33.870
34.550
35.210
35.900
36.610
37.270
37.950
38.650
39.320
40.030
40.690
41.380
42.060
42.740
43.430
44.120
44.810
45.490
46.180
46.850
47.550
48.230
48.920
49.610
50.300
50.970
51.670
52.350
52.970
53.380
53.720
54.070
54.410
54.760
55.090
55.430
55.790
56.120
56.460
56.810
57.150
57.490
57.830
58.180
58.520
58.860
59.200
59.550
59.890
60.230
60.580
60.920
61.260
61.600
61.950
62.280
62.630
62.980
63.320
63.660
64.000
64.350
64.690
65.030
65.380
65.720
66.060
66.400
66.750
67.090
67.430
67.780
68.120
68.460
68.800
69.150
69.490
69.830
70.180
70.520
70.860
71.200
71.550
71.890
72.230
72.580
72.920
73.260
73.610
73.950
74.290
74.630
74.970
75.320
75.660
76.000
76.350
76.690
77.030
77.380
77.720
78.060
78.400
78.750
79.090
79.430
79.780
80.120
80.460
80.800
81.150
81.490
81.830
82.180
82.520
82.860
83.210
83.550
83.890
84.230
84.580
84.920
85.260
85.600
85.950
86.290
86.630
86.980
87.320
87.660
88.000
88.350
88.690
89.030
89.380
89.720
90.060
90.400
90.750
91.090
91.430
91.780
92.120
92.460
92.810
93.150
93.490
93.830
94.180
94.520
94.860
95.200
95.550
95.890
96.230
96.580
96.920
97.260
97.600
97.950
98.290
98.630
98.970
99.320
99.660
100.000
100.350
100.690
101.030
101.380
101.720
102.060
102.400
102.750
103.090
103.430
103.780
104.120
104.460
104.800
105.150
105.490
105.830
106.170
106.510
106.860
107.200
107.550
107.890
108.230
108.570
108.920
109.270
109.600
109.950
110.290
110.630
110.970
111.320
111.660
112.010
112.350
112.690
113.030
113.380
113.720
114.060
114.400
114.750
115.090
115.430
115.770
116.120
116.460
116.800
117.150
117.490
117.830
118.170
118.520
118.860
119.200
119.540
119.890
