0.100
0.580
1.060
1.540
2.010
2.490
2.960
3.440
3.920
4.390
4.870
5.350
5.820
6.300
6.770
7.240
7.730
8.200
8.680
9.160
9.630
10.110
10.580
11.060
11.540
12.010
12.490
12.970
13.440
13.920
14.390
14.870
15.350
15.820
16.300
16.770
17.250
17.730
18.200
18.680
19.160
19.630
20.110
20.580
21.060
21.540
22.010
22.490
22.970
23.440
23.920
24.390
24.870
25.350
25.820
26.300
26.780
27.250
27.730
28.200
28.680
29.160
29.630
30.110
30.590
31.060
31.540
32.010
32.490
32.960
33.440
33.920
34.400
34.870
35.350
35.820
36.300
36.770
37.250
37.730
38.210
38.680
39.160
39.630
40.110
40.590
41.060
41.540
42.010
42.490
42.970
43.440
43.920
44.390
44.870
45.350
45.830
46.300
46.780
47.250
47.730
48.200
48.680
49.160
49.640
50.110
50.580
51.060
51.540
52.010
52.490
52.970
53.440
53.920
54.400
54.870
55.350
55.820
56.300
56.780
57.250
57.730
58.200
58.680
59.160
59.630
60.110
60.590
61.060
61.540
62.010
62.490
62.970
63.440
63.920
64.390
64.870
65.350
65.820
66.300
66.780
67.250
67.730
68.200
68.680
69.160
69.630
70.110
70.590
71.060
71.540
72.010
72.490
72.970
73.440
73.920
74.400
74.870
75.350
75.820
76.300
76.780
77.250
77.730
78.210
78.680
79.160
79.630
80.110
80.590
81.060
81.540
82.010
82.490
82.970
83.440
83.920
84.390
84.870
85.350
85.820
86.300
86.780
87.250
87.730
88.200
88.680
89.160
89.630
90.110
90.590
91.060
91.540
92.010
92.490
92.970
93.440
93.920
94.390
94.870
95.350
95.820
96.300
96.780
97.250
97.730
98.200
98.680
99.140
99.630
100.100
100.570
101.060
101.530
102.010
102.480
102.910
103.320
103.740
104.150
104.630
105.100
105.580
106.060
106.530
107.010
107.490
107.960
108.440
108.910
109.390
109.870
110.340
110.820
111.290
111.770
112.250
112.720
113.200
113.670
114.150
114.630
115.110
115.580
116.060
116.540
117.010
117.490
117.960
118.440
118.910
119.390
119.870
