0.440
0.900
1.360
1.810
2.270
2.730
3.190
3.640
4.110
4.560
5.020
5.480
5.940
6.400
6.850
7.320
7.770
8.230
8.690
9.150
9.600
10.060
10.520
10.980
11.430
11.900
12.350
12.810
13.270
13.730
14.180
14.650
15.100
15.560
16.020
16.480
16.930
17.390
17.850
18.310
18.760
19.230
19.680
20.140
20.600
21.060
21.510
21.970
22.430
22.890
23.340
23.810
24.260
24.720
25.180
25.640
26.090
26.550
27.010
27.470
27.920
28.380
28.840
29.300
29.750
30.220
30.670
31.130
31.590
32.050
32.500
32.970
33.420
33.880
34.340
34.800
35.250
35.720
36.170
36.630
37.080
37.550
38.000
38.460
38.920
39.380
39.830
40.290
40.750
41.210
41.660
42.130
42.580
43.040
43.500
43.960
44.410
44.870
45.330
45.790
46.240
46.710
47.160
47.620
48.080
48.540
48.990
49.460
49.910
50.370
50.830
51.290
51.740
52.200
52.660
53.120
53.570
54.030
54.490
54.950
55.400
55.870
56.320
56.780
57.240
57.700
58.150
58.620
59.070
59.530
59.990
60.450
60.900
61.360
61.820
62.280
62.730
63.190
63.650
64.110
64.570
65.030
65.480
65.940
66.390
66.860
67.310
67.770
68.230
68.690
69.140
69.610
70.060
70.520
70.980
71.440
71.890
72.350
72.810
73.270
73.720
74.180
74.640
75.100
75.560
76.020
76.470
76.930
77.390
77.850
78.310
78.770
79.220
79.680
80.140
80.600
81.050
81.510
81.970
82.430
82.880
83.340
83.800
84.260
84.720
85.180
85.630
86.090
86.550
87.010
87.470
87.930
88.380
88.840
89.300
89.760
90.210
90.670
91.130
91.590
92.050
92.510
92.960
93.420
93.880
94.340
94.790
95.260
95.710
96.170
96.630
97.090
97.540
98.000
98.460
98.920
99.370
99.830
100.290
100.750
101.210
101.660
102.120
102.580
103.040
103.500
103.950
104.410
104.870
105.330
105.790
106.250
106.700
107.160
107.620
108.080
108.530
108.990
109.450
109.910
110.360
110.830
111.280
111.740
112.200
112.660
113.110
113.580
114.030
114.490
114.950
115.410
115.860
116.320
116.780
117.240
117.690
118.150
118.610
119.070
119.530
119.990
