0.120
0.460
0.790
1.150
1.490
1.830
2.170
2.510
2.860
3.200
3.550
3.880
4.230
4.570
4.910
5.250
5.600
5.940
6.280
6.630
6.970
7.310
7.660
7.990
8.340
8.690
9.030
9.370
9.720
10.050
10.390
10.740
11.080
11.430
11.770
12.110
12.460
12.800
13.140
13.480
13.830
14.170
14.510
14.850
15.200
15.540
15.890
16.230
16.570
16.910
17.260
17.600
17.950
18.290
18.640
18.970
19.330
19.650
20.010
20.330
20.690
21.030
21.360
21.710
22.060
22.400
22.750
23.090
23.430
23.770
24.100
24.450
24.790
25.130
25.480
25.820
26.160
26.500
26.840
27.170
27.530
27.870
28.230
28.580
28.910
29.260
29.600
29.940
30.290
30.640
30.970
31.310
31.660
32.000
32.340
32.690
33.030
33.370
33.720
34.060
34.400
34.730
35.080
35.410
35.760
36.080
36.450
36.780
37.140
37.500
37.840
38.190
38.510
38.830
39.140
39.440
39.760
40.060
40.370
40.690
41.000
41.300
41.620
41.930
42.230
42.550
42.850
43.160
43.480
43.810
44.130
44.450
44.770
45.080
45.410
45.720
46.050
46.360
46.690
47.010
47.330
47.650
47.970
48.280
48.610
48.920
49.250
49.570
49.880
50.200
50.520
50.850
51.170
51.480
51.810
52.130
52.450
52.760
53.090
53.410
53.730
54.040
54.370
54.690
55.010
55.330
55.650
55.970
56.280
56.610
56.920
57.250
57.570
57.880
58.210
58.530
58.840
59.160
59.470
59.770
60.090
60.400
60.700
61.010
61.330
61.660
62.000
62.340
62.690
63.030
63.370
63.720
64.060
64.400
64.740
65.090
65.430
65.770
66.110
66.460
66.800
67.140
67.490
67.830
68.170
68.520
68.860
69.200
69.550
69.880
70.230
70.570
70.910
71.250
71.600
71.940
72.290
72.640
72.970
73.320
73.660
74.000
74.350
74.690
75.030
75.370
75.710
76.060
76.400
76.740
77.090
77.430
77.780
78.110
78.460
78.800
79.140
79.480
79.830
80.160
80.510
80.850
81.200
81.540
81.870
82.210
82.560
82.910
83.260
83.590
83.950
84.290
84.620
84.970
85.310
85.660
86.000
86.340
86.690
87.030
87.370
87.720
88.050
88.400
88.740
89.080
89.430
89.770
90.120
90.460
90.800
91.140
91.490
91.820
92.170
92.510
92.850
93.190
93.540
93.880
94.230
94.570
94.910
95.250
95.600
95.940
96.290
96.630
96.970
97.310
97.650
98.000
98.340
98.680
99.030
99.370
99.720
100.060
100.400
100.740
101.080
101.420
101.760
102.100
102.420
102.740
103.060
103.370
103.690
104.010
104.350
104.700
105.040
105.370
105.720
106.060
106.400
106.750
107.090
107.430
107.770
108.110
108.460
108.800
109.140
109.480
109.830
110.170
110.510
110.860
111.200
111.540
111.890
112.230
112.570
112.920
113.260
113.600
113.940
114.290
114.630
114.970
115.320
115.660
116.000
116.340
116.690
117.030
117.370
117.710
118.060
118.400
118.740
119.090
119.430
119.770
