0.270
0.950
1.620
2.300
2.970
3.650
4.330
5.010
5.680
6.350
7.030
7.710
8.360
9.040
9.710
10.390
11.060
11.740
12.410
13.090
13.760
14.430
15.110
15.790
16.450
17.130
17.800
18.500
19.170
19.830
20.500
21.180
21.850
22.520
23.190
23.880
24.540
25.220
25.900
26.570
27.240
27.900
28.590
29.260
29.940
30.610
31.280
31.960
32.630
33.310
33.980
34.660
35.330
36.010
36.690
37.360
38.040
38.830
39.570
40.370
41.060
41.730
42.410
43.080
43.760
44.430
45.100
45.780
46.450
47.130
47.800
48.470
49.150
49.820
50.500
51.170
51.850
52.520
53.190
53.870
54.540
55.210
55.890
56.560
57.240
57.910
58.590
59.260
59.940
60.610
61.290
61.970
62.630
63.310
63.980
64.650
65.330
66.000
66.680
67.350
68.030
68.700
69.370
70.050
70.720
71.390
72.070
72.750
73.430
74.090
74.770
75.440
76.110
76.790
77.460
78.140
78.810
79.480
80.160
80.830
81.530
82.180
82.860
83.530
84.210
84.880
85.550
86.230
86.900
87.580
88.250
88.920
89.600
90.270
90.950
91.620
92.300
92.970
93.640
94.320
94.990
95.670
96.340
97.010
97.690
98.360
99.040
99.710
100.390
101.060
101.730
102.410
103.080
103.760
104.430
105.110
105.790
106.450
107.130
107.760
108.380
108.980
109.660
110.330
111.000
111.680
112.360
113.020
113.700
114.370
115.040
115.720
116.400
117.070
117.750
118.420
119.100
119.770
