0.350
0.820
1.300
1.780
2.250
2.730
3.200
3.680
4.150
4.630
5.110
5.580
6.060
6.540
7.010
7.490
7.970
8.440
8.920
9.390
9.870
10.350
10.820
11.300
11.770
12.250
12.840
13.440
13.920
14.390
14.870
15.340
15.820
16.300
16.770
17.250
17.720
18.180
18.680
19.150
19.630
20.110
20.580
21.060
21.530
22.010
22.480
22.960
23.440
23.910
24.390
24.870
25.340
25.820
26.290
26.770
27.250
27.720
28.200
28.680
29.150
29.630
30.100
30.580
31.060
31.530
32.010
32.490
32.960
33.440
33.910
34.390
34.870
35.340
35.820
36.290
36.770
37.250
37.720
38.200
38.680
39.150
39.630
40.110
40.580
41.060
41.530
42.010
42.490
42.960
43.440
43.910
44.390
44.870
45.340
45.820
46.290
46.770
47.250
47.720
48.200
48.680
49.150
49.630
50.110
50.580
51.070
51.560
52.020
52.500
52.970
53.440
53.920
54.390
54.870
55.350
55.820
56.300
56.780
57.250
57.730
58.200
58.680
59.160
59.630
60.110
60.580
61.060
61.540
62.010
62.490
62.960
63.440
63.910
64.390
64.870
65.350
65.820
66.300
66.770
67.250
67.730
68.200
68.680
69.160
69.630
70.110
70.580
71.060
71.540
72.010
72.490
72.970
73.440
73.920
74.400
74.870
75.350
75.820
76.300
76.770
77.250
77.730
78.200
78.680
79.150
79.630
80.110
80.600
81.080
81.540
82.020
82.490
82.970
83.440
83.920
84.400
84.870
85.350
85.820
86.300
86.770
87.250
87.730
88.200
88.680
89.160
89.630
90.110
90.590
91.070
91.540
92.020
92.490
92.960
93.440
93.910
94.400
94.860
95.340
95.830
96.300
96.780
97.240
97.730
98.200
98.670
99.150
99.630
100.100
100.580
101.070
101.540
102.010
102.490
102.970
103.450
103.920
104.400
104.880
105.350
105.820
106.300
106.780
107.250
107.730
108.210
108.690
109.160
109.640
110.110
110.590
111.060
111.540
112.010
112.490
112.970
113.440
113.920
114.400
114.870
115.350
115.830
116.300
116.780
117.260
117.730
118.210
118.680
119.160
119.630
120.090
