0.070
0.480
0.890
1.320
1.750
2.180
2.610
3.040
3.470
3.890
4.310
4.750
5.180
5.600
6.030
6.460
6.890
7.310
7.750
8.170
8.600
9.030
9.460
9.890
10.310
10.740
11.170
11.600
12.030
12.460
12.890
13.320
13.750
14.170
14.600
15.030
15.460
15.890
16.320
16.750
17.170
17.600
18.030
18.460
18.890
19.320
19.750
20.180
20.600
21.030
21.460
21.890
22.320
22.750
23.180
23.600
24.030
24.460
24.890
25.320
25.750
26.180
26.610
27.030
27.460
27.890
28.320
28.750
29.180
29.610
30.030
30.460
30.890
31.320
31.750
32.180
32.600
33.030
33.460
33.890
34.320
34.750
35.180
35.600
36.030
36.460
36.890
37.320
37.750
38.170
38.610
39.030
39.460
39.890
40.320
40.750
41.180
41.600
42.030
42.460
42.890
43.320
43.750
44.180
44.600
45.030
45.460
45.890
46.320
46.750
47.180
47.600
48.030
48.460
48.890
49.320
49.750
50.170
50.600
51.030
51.460
51.890
52.320
52.750
53.180
53.600
54.030
54.460
54.890
55.320
55.750
56.180
56.610
57.030
57.460
57.890
58.320
58.750
59.180
59.600
60.030
60.460
60.890
61.320
61.750
62.180
62.600
63.030
63.460
63.890
64.320
64.750
65.180
65.600
66.030
66.460
66.890
67.320
67.750
68.170
68.610
69.030
69.460
69.890
70.320
70.750
71.180
71.600
72.030
72.460
72.890
73.320
73.750
74.180
74.610
75.030
75.460
75.890
76.320
76.750
77.180
77.600
78.030
78.460
78.890
79.320
79.750
80.170
80.600
81.030
81.460
81.890
82.320
82.750
83.180
83.600
84.030
84.460
84.890
85.320
85.750
86.180
86.600
87.030
87.460
87.890
88.320
88.730
89.160
89.590
90.010
90.440
90.880
91.320
91.750
92.180
92.600
93.030
93.460
93.880
94.310
94.750
95.180
95.610
96.040
96.460
96.890
97.320
97.750
98.180
98.610
99.050
99.470
99.890
100.320
100.750
101.170
101.610
102.040
102.460
102.890
103.320
103.740
104.180
104.600
105.040
105.470
105.900
106.320
106.750
107.180
107.610
108.030
108.460
108.900
109.320
109.750
110.180
110.610
111.040
111.460
111.890
112.320
112.740
113.180
113.600
114.030
114.460
114.890
115.320
115.750
116.180
116.610
117.030
117.460
117.890
118.320
118.750
119.180
119.600
120.030
