0.260
0.690
1.120
1.540
1.960
2.380
2.810
3.230
3.650
4.070
4.500
4.920
5.340
5.770
6.190
6.610
7.030
7.450
7.880
8.300
8.730
9.140
9.570
9.990
10.410
10.840
11.260
11.690
12.120
12.540
12.970
13.390
13.810
14.230
14.650
15.070
15.490
15.920
16.340
16.760
17.170
17.600
18.020
18.440
18.860
19.280
19.710
20.130
20.550
20.970
21.390
21.820
22.240
22.660
23.090
23.510
23.930
24.350
24.770
25.190
25.620
26.040
26.460
26.880
27.300
27.730
28.150
28.570
28.990
29.420
29.840
30.260
30.690
31.110
31.530
31.950
32.380
32.800
33.220
33.640
34.060
34.490
34.910
35.330
35.760
36.180
36.600
37.020
37.450
37.870
38.290
38.720
39.140
39.560
39.980
40.400
40.830
41.250
41.670
42.090
42.510
42.940
43.360
43.780
44.210
44.630
45.050
45.470
45.900
46.320
46.740
47.170
47.590
48.010
48.430
48.860
49.280
49.700
50.120
50.550
50.970
51.380
51.810
52.240
52.660
53.080
53.500
53.920
54.350
54.770
55.190
55.610
56.040
56.460
56.880
57.310
57.730
58.150
58.570
59.000
59.420
59.840
60.260
60.680
61.110
61.530
61.950
62.370
62.800
63.220
63.640
64.070
64.490
64.910
65.330
65.760
66.180
66.600
67.030
67.450
67.870
68.290
68.720
69.140
69.560
69.980
70.400
70.830
71.250
71.670
72.090
72.520
72.940
73.360
73.790
74.210
74.630
75.050
75.480
75.900
76.320
76.740
77.170
77.590
78.010
78.430
78.860
79.280
79.700
80.120
80.550
80.970
81.390
81.810
82.240
82.660
83.080
83.500
83.930
84.350
84.770
85.190
85.620
86.040
86.460
86.880
87.310
87.730
88.150
88.570
89.000
89.420
89.840
90.260
90.690
91.110
91.530
91.950
92.380
92.800
93.220
93.640
94.070
94.490
94.910
95.330
95.760
96.180
96.600
97.030
97.450
97.870
98.290
98.710
99.140
99.560
99.980
100.400
100.830
101.250
101.670
102.090
102.520
102.940
103.360
103.780
104.210
104.630
105.050
105.470
105.900
106.320
106.740
107.170
107.590
108.010
108.430
108.850
109.280
109.700
110.120
110.550
110.970
111.390
111.810
112.240
112.660
113.080
113.500
113.930
114.350
114.770
115.190
115.620
116.040
116.460
116.880
117.310
117.730
118.150
118.570
119.000
119.420
119.840
