0.070
0.960
1.770
2.660
3.470
4.320
5.110
5.980
6.800
7.620
8.410
9.270
10.050
10.870
11.660
12.560
13.380
14.170
14.950
15.710
16.470
17.330
18.180
19.140
20.040
20.970
21.850
22.730
23.660
24.530
25.470
26.470
27.460
28.390
29.270
30.140
30.980
31.930
32.840
33.770
34.650
35.570
36.460
37.380
38.270
38.960
39.700
40.370
41.080
41.820
42.520
43.220
43.910
44.610
45.210
45.810
46.410
47.010
47.620
48.220
48.820
49.420
50.030
50.590
51.180
51.780
52.380
53.000
53.570
54.140
54.700
55.240
55.770
56.340
56.910
57.520
58.140
58.730
59.330
59.920
60.510
61.110
61.730
62.320
62.890
63.490
64.080
64.710
65.300
65.850
66.430
66.970
67.520
68.070
68.620
69.140
69.730
70.330
70.940
71.510
72.120
72.720
73.320
73.930
74.530
75.130
75.710
76.290
76.900
77.490
78.110
78.750
79.360
80.080
80.840
81.670
82.470
83.270
84.070
84.860
85.660
86.470
87.270
88.070
88.870
89.670
90.460
91.270
92.090
92.970
93.800
94.620
95.470
96.270
97.080
97.930
98.830
99.770
100.650
101.590
102.460
103.360
104.270
105.270
106.250
107.180
108.060
108.950
109.780
110.730
111.640
112.570
113.450
114.390
115.260
116.180
117.070
117.990
118.860
119.760
