0.300
0.770
1.250
1.730
2.200
2.680
3.150
3.620
4.100
4.580
5.050
5.530
6.000
6.480
6.960
7.430
7.910
8.390
8.860
9.340
9.810
10.290
10.770
11.240
11.720
12.200
12.670
13.150
13.620
14.100
14.580
15.050
15.530
16.010
16.480
16.960
17.430
17.910
18.390
18.860
19.340
19.820
20.290
20.770
21.240
21.720
22.200
22.670
23.150
23.620
24.100
24.580
25.050
25.530
26.000
26.480
26.960
27.430
27.910
28.390
28.860
29.340
29.820
30.290
30.770
31.240
31.720
32.200
32.670
33.150
33.630
34.100
34.580
35.050
35.530
36.010
36.480
36.960
37.440
37.910
38.390
38.860
39.340
39.820
40.290
40.770
41.240
41.720
42.200
42.670
43.150
43.630
44.100
44.580
45.050
45.530
46.010
46.480
46.960
47.430
47.910
48.390
48.860
49.340
49.810
50.290
50.770
51.240
51.720
52.200
52.670
53.150
53.630
54.100
54.580
55.050
55.530
56.010
56.480
56.960
57.430
57.910
58.390
58.860
59.340
59.820
60.290
60.770
61.240
61.720
62.200
62.670
63.150
63.630
64.100
64.580
65.060
65.530
66.010
66.480
66.960
67.440
67.910
68.390
68.860
69.340
69.820
70.290
70.770
71.240
71.720
72.200
72.670
73.150
73.630
74.100
74.580
75.050
75.530
76.010
76.480
76.960
77.430
77.910
78.390
78.860
79.340
79.820
80.290
80.770
81.240
81.720
82.200
82.670
83.150
83.630
84.100
84.580
85.050
85.530
86.010
86.480
86.960
87.440
87.910
88.390
88.860
89.340
89.820
90.290
90.770
91.240
91.720
92.200
92.670
93.150
93.630
94.100
94.580
95.050
95.530
96.010
96.480
96.960
97.440
97.910
98.390
98.870
99.350
99.820
100.290
100.770
101.250
101.720
102.200
102.670
103.150
103.630
104.100
104.580
105.060
105.530
106.010
106.480
106.960
107.440
107.910
108.390
108.870
109.340
109.820
110.290
110.770
111.240
111.720
112.200
112.680
113.150
113.630
114.110
114.580
115.060
115.530
116.010
116.490
116.960
117.440
117.910
118.390
118.860
119.340
119.820
