0.070
0.460
0.890
1.310
1.740
2.170
2.600
3.030
3.460
3.890
4.320
4.740
5.170
5.600
6.030
6.460
6.890
7.310
7.740
8.170
8.600
9.030
9.460
9.890
10.310
10.740
11.170
11.600
12.030
12.460
12.890
13.320
13.740
14.170
14.600
15.030
15.460
15.890
16.310
16.740
17.170
17.600
18.030
18.460
18.890
19.310
19.740
20.170
20.600
21.030
21.460
21.890
22.310
22.740
23.170
23.600
24.030
24.460
24.890
25.320
25.740
26.170
26.600
27.030
27.460
27.890
28.310
28.740
29.170
29.600
30.030
30.460
30.890
31.310
31.740
32.170
32.600
33.030
33.460
33.890
34.310
34.740
35.170
35.600
36.030
36.460
36.890
37.310
37.740
38.170
38.600
39.030
39.460
39.890
40.340
40.760
41.190
41.620
42.050
42.480
42.900
43.330
43.760
44.190
44.620
45.050
45.470
45.900
46.330
46.760
47.180
47.610
48.040
48.470
48.900
49.330
49.750
50.180
50.610
51.040
51.470
51.890
52.320
52.750
53.180
53.610
54.040
54.460
54.890
55.320
55.750
56.180
56.610
57.040
57.470
57.900
58.320
58.750
59.180
59.610
60.040
60.470
60.890
61.320
61.750
62.180
62.610
63.040
63.460
63.890
64.320
64.750
65.180
65.610
66.040
66.470
66.890
67.320
67.750
68.180
68.610
69.030
69.470
69.890
70.320
70.750
71.180
71.610
72.040
72.470
72.890
73.320
73.760
74.190
74.610
75.040
75.470
75.900
76.330
76.760
77.190
77.610
78.030
78.450
78.880
79.310
79.740
80.170
80.580
81.020
81.460
81.890
82.320
82.740
83.170
83.600
84.030
84.460
84.890
85.320
85.740
86.170
86.600
87.030
87.460
87.890
88.310
88.740
89.170
89.600
90.030
90.460
90.890
91.310
91.740
92.170
92.600
93.030
93.460
93.890
94.320
94.740
95.170
95.600
96.030
96.460
96.890
97.320
97.740
98.170
98.600
99.030
99.460
99.890
100.310
100.740
101.170
101.600
102.030
102.460
102.890
103.310
103.740
104.170
104.600
105.030
105.460
105.890
106.310
106.740
107.170
107.600
108.030
108.460
108.890
109.320
109.740
110.170
110.600
111.030
111.460
111.890
112.310
112.740
113.170
113.600
114.030
114.460
114.890
115.310
115.740
116.170
116.600
117.030
117.460
117.890
118.310
118.740
119.170
119.600
120.030
