0.290
0.640
0.990
1.350
1.700
2.050
2.410
2.750
3.110
3.470
3.820
4.170
4.520
4.880
5.230
5.580
5.940
6.290
6.640
6.990
7.350
7.700
8.050
8.410
8.760
9.110
9.460
9.820
10.170
10.520
10.880
11.230
11.580
11.940
12.290
12.640
12.990
13.350
13.700
14.050
14.400
14.760
15.110
15.470
15.820
16.170
16.520
16.880
17.230
17.580
17.930
18.290
18.640
18.990
19.350
19.700
20.050
20.410
20.760
21.110
21.460
21.820
22.170
22.520
22.880
23.230
23.580
23.940
24.290
24.640
24.990
25.340
25.700
26.050
26.410
26.760
27.110
27.470
27.820
28.170
28.520
28.880
29.230
29.580
29.940
30.290
30.640
30.990
31.350
31.700
32.050
32.410
32.760
33.110
33.460
33.820
34.170
34.520
34.880
35.230
35.590
35.930
36.290
36.640
36.990
37.350
37.700
38.050
38.400
38.760
39.110
39.460
39.810
40.170
40.520
40.870
41.220
41.580
41.930
42.290
42.640
42.990
43.340
43.700
44.050
44.400
44.760
45.110
45.460
45.820
46.170
46.520
46.870
47.230
47.580
47.930
48.280
48.640
48.990
49.340
49.700
50.050
50.400
50.760
51.110
51.460
51.810
52.170
52.520
52.870
53.230
53.580
53.930
54.290
54.640
54.990
55.340
55.700
56.050
56.410
56.760
57.110
57.460
57.820
58.170
58.520
58.870
59.230
59.590
59.930
60.290
60.640
60.990
61.350
61.700
62.050
62.410
62.760
63.110
63.460
63.820
64.170
64.520
64.880
65.230
65.580
65.930
66.290
66.640
66.990
67.350
67.700
68.050
68.400
68.760
69.110
69.460
69.820
70.170
70.520
70.880
71.230
71.580
71.930
72.290
72.640
72.990
73.350
73.700
74.050
74.400
74.760
75.110
75.460
75.820
76.170
76.520
76.880
77.230
77.580
77.940
78.290
78.640
79.000
79.350
79.700
80.050
80.410
80.760
81.110
81.460
81.820
82.170
82.520
82.880
83.230
83.580
83.930
84.280
84.630
84.990
85.340
85.690
86.040
86.400
86.760
87.100
87.460
87.820
88.160
88.520
88.870
89.230
89.580
89.930
90.280
90.640
90.990
91.340
91.690
92.050
92.400
92.750
93.110
93.470
93.810
94.170
94.520
94.870
95.230
95.580
95.930
96.290
96.630
96.990
97.340
97.690
98.050
98.400
98.750
99.110
99.460
99.820
100.170
100.520
100.870
101.230
101.580
101.930
102.280
102.640
102.990
103.340
103.700
104.050
104.400
104.750
105.100
105.450
105.820
106.170
106.530
106.880
107.230
107.580
107.940
108.290
108.640
108.990
109.350
109.700
110.050
110.410
110.760
111.110
111.460
111.820
112.170
112.520
112.880
113.230
113.580
113.930
114.290
114.640
114.990
115.350
115.700
116.050
116.410
116.760
117.110
117.460
117.820
118.170
118.520
118.880
119.230
119.580
119.940
